1007 0.0 0.09000000357627869 0.09000000357627869 0.0 0.09000000357627869 0.09000000357627869 0.0 0.09000000357627869 0.20999999344348907 0.05000000074505806 0.05000000074505806 0.0 0.09000000357627869 0.09000000357627869 0.0 0.09000000357627869 0.0 0.09000000357627869 0.09000000357627869 0.09000000357627869 0.0 0.09000000357627869 0.09000000357627869 0.09000000357627869 0.09000000357627869 0.09000000357627869 0.09000000357627869 0.0 0.09000000357627869 0.0 0.09000000357627869 0.09000000357627869 0.09000000357627869
1015 0.0 0.09000000357627869 0.09000000357627869 0.0 0.09000000357627869 0.0 0.09000000357627869 0.0 0.09000000357627869 0.09000000357627869 0.0 0.09000000357627869 0.09000000357627869 0.0 0.09000000357627869 0.09000000357627869 0.20999999344348907 0.05000000074505806 0.05000000074505806 0.0 0.33000001311302185 0.33000001311302185 0.33000001311302185 0.0 0.09000000357627869 0.09000000357627869 0.0 0.09000000357627869 0.09000000357627869 0.0 0.09000000357627869 0.09000000357627869 0.20999999344348907 0.05000000074505806 0.05000000074505806 0.0 0.33000001311302185 0.33000001311302185 0.33000001311302185 0.0 0.09000000357627869 0.09000000357627869 0.0 0.09000000357627869 0.09000000357627869 0.6200000047683716 0.0 0.0 0.0 0.09000000357627869 0.09000000357627869 0.0 0.09000000357627869 0.09000000357627869 0.550000011920929 0.0 0.0 0.3199999928474426 0.30000001192092896 0.0 0.09000000357627869 0.0 0.09000000357627869 0.09000000357627869 0.0
1022 0.0 0.09000000357627869 0.09000000357627869 0.0 0.09000000357627869 0.09000000357627869 0.0 0.09000000357627869 0.0 0.09000000357627869 0.09000000357627869 0.0 0.09000000357627869 0.0 0.09000000357627869 0.09000000357627869 0.09000000357627869 0.0 0.09000000357627869 0.0 0.09000000357627869 0.09000000357627869 0.09000000357627869 0.0 0.09000000357627869 0.09000000357627869 0.09000000357627869 0.0 0.09000000357627869 0.09000000357627869 0.0 0.09000000357627869 0.09000000357627869 0.0 0.09000000357627869 0.09000000357627869 0.09000000357627869 0.09000000357627869 0.09000000357627869 0.09000000357627869 0.09000000357627869 0.0 0.4300000071525574 0.1599999964237213 0.05000000074505806 0.09000000357627869 0.09000000357627869 0.0 0.4300000071525574 0.09000000357627869 0.0 0.09000000357627869 0.09000000357627869 0.550000011920929 0.0 0.0 0.3199999928474426 0.30000001192092896 0.09000000357627869 0.20000000298023224 0.09000000357627869 0.09000000357627869 0.0 0.4399999976158142 0.0 0.0 0.0 0.11999999731779099 0.0 0.11999999731779099 0.0 0.11999999731779099 0.0 0.11999999731779099 0.0 0.11999999731779099 0.0 0.09000000357627869 0.09000000357627869 0.0 0.09000000357627869 0.09000000357627869 0.0 0.09000000357627869 0.09000000357627869 0.0 0.09000000357627869 0.09000000357627869 0.0 0.09000000357627869 0.09000000357627869 0.0 0.09000000357627869 0.09000000357627869 0.4300000071525574 0.09000000357627869 0.0 0.0 0.0 0.09000000357627869 0.09000000357627869 0.1899999976158142 0.4399999976158142 0.0 0.09000000357627869 0.09000000357627869 0.550000011920929 0.0 0.0 0.3199999928474426 0.30000001192092896 0.0 0.09000000357627869 0.0 0.09000000357627869 0.09000000357627869 0.09000000357627869 0.0 0.09000000357627869 0.09000000357627869 0.09000000357627869 0.0 0.09000000357627869 0.09000000357627869 0.09000000357627869 0.0 0.09000000357627869 0.09000000357627869 0.0 0.0 0.11999999731779099 0.0 0.11999999731779099 0.0 0.11999999731779099 0.0 0.11999999731779099 0.0 0.11999999731779099 0.0 0.09000000357627869 0.09000000357627869 0.0 0.09000000357627869 0.09000000357627869 0.550000011920929 0.0 0.0 0.3199999928474426 0.30000001192092896 0.09000000357627869 0.6399999856948853 0.0 0.46000000834465027 0.46000000834465027 0.46000000834465027 0.0 0.09000000357627869 0.09000000357627869 0.0 0.09000000357627869 0.09000000357627869 0.0 0.09000000357627869 0.09000000357627869
1030 0.0 0.11999999731779099 0.0 0.11999999731779099 0.0 0.11999999731779099 0.0 0.09000000357627869 0.09000000357627869 0.0 0.0 0.11999999731779099 0.0 0.11999999731779099 0.0 0.11999999731779099 0.0 0.11999999731779099 0.0 0.11999999731779099 0.09000000357627869 0.550000011920929 0.0 0.3199999928474426 0.30000001192092896 0.09000000357627869 0.09000000357627869 0.05000000074505806 0.09000000357627869 0.09000000357627869 0.0 0.4300000071525574 0.09000000357627869 0.0 0.09000000357627869 0.09000000357627869 0.6200000047683716 0.0 0.0 0.0 0.09000000357627869 0.05000000074505806 0.09000000357627869 0.09000000357627869 0.0 0.4300000071525574 0.0 0.09000000357627869 0.09000000357627869 0.09000000357627869 0.14000000059604645 0.09000000357627869 0.0 0.4300000071525574 0.0 0.11999999731779099 0.0 0.11999999731779099 0.0 0.11999999731779099 0.0 0.11999999731779099 0.0 0.09000000357627869 0.0 0.09000000357627869 0.09000000357627869 0.0 0.09000000357627869 0.09000000357627869 0.0 0.09000000357627869 0.09000000357627869 0.0 0.09000000357627869 0.09000000357627869 0.0 0.09000000357627869 0.09000000357627869 0.20999999344348907 0.05000000074505806 0.05000000074505806 0.0 0.33000001311302185 0.33000001311302185 0.33000001311302185 0.0 0.09000000357627869 0.09000000357627869 0.09000000357627869 0.0 0.09000000357627869 0.09000000357627869 0.0 0.0 0.2199999988079071 0.0 0.3700000047683716 0.23999999463558197 0.10999999940395355 0.0 0.17000000178813934 0.0 0.14000000059604645 0.0 0.1599999964237213 0.0 0.14000000059604645 0.09000000357627869 0.0 0.09000000357627869 0.0 0.09000000357627869 0.09000000357627869 0.0 0.09000000357627869 0.09000000357627869 0.09000000357627869 0.0 0.09000000357627869 0.09000000357627869 0.0 0.09000000357627869 0.0 0.09000000357627869 0.0 0.09000000357627869 0.09000000357627869 0.0 0.09000000357627869 0.09000000357627869 0.550000011920929 0.0 0.0 0.3199999928474426 0.30000001192092896 0.0 0.09000000357627869 0.09000000357627869 0.0 0.09000000357627869 0.09000000357627869 0.09000000357627869 0.6399999856948853 0.0 0.46000000834465027 0.46000000834465027 0.0 0.46000000834465027 0.46000000834465027 0.46000000834465027 0.0 0.09000000357627869 0.09000000357627869 0.0 0.09000000357627869 0.09000000357627869 0.0 0.09000000357627869 0.05000000074505806 0.09000000357627869 0.0 0.09000000357627869 0.09000000357627869 0.1899999976158142 0.12999999523162842 0.1899999976158142 0.0 0.4399999976158142 0.0 0.4399999976158142 0.3199999928474426 0.18000000715255737 0.0 0.09000000357627869 0.09000000357627869 0.0 0.09000000357627869 0.0 0.09000000357627869 0.09000000357627869 0.09000000357627869 0.0 0.09000000357627869 0.09000000357627869 0.09000000357627869 0.09000000357627869 0.14000000059604645 0.0 0.4300000071525574 0.0 0.09000000357627869 0.09000000357627869 0.09000000357627869
1033 0.0 0.09000000357627869 0.09000000357627869 0.0 0.09000000357627869 0.09000000357627869 0.0 0.09000000357627869 0.09000000357627869 0.20999999344348907 0.05000000074505806 0.05000000074505806 0.0 0.33000001311302185 0.33000001311302185 0.33000001311302185 0.0 0.09000000357627869 0.09000000357627869 0.09000000357627869 0.0 0.09000000357627869 0.09000000357627869 0.0 0.09000000357627869 0.09000000357627869 0.0 0.09000000357627869 0.09000000357627869 0.0 0.09000000357627869 0.09000000357627869 0.0 0.09000000357627869 0.09000000357627869 0.0 0.09000000357627869 0.09000000357627869 0.550000011920929 0.0 0.0 0.3199999928474426 0.30000001192092896 0.0 0.09000000357627869 0.09000000357627869 0.6200000047683716 0.0 0.0 0.0 0.09000000357627869 0.0 0.09000000357627869 0.0 0.09000000357627869 0.09000000357627869 0.0 0.09000000357627869 0.09000000357627869 0.0 0.09000000357627869 0.0 0.09000000357627869 0.09000000357627869 0.0 0.09000000357627869 0.09000000357627869 0.09000000357627869 0.09000000357627869 0.0 0.09000000357627869 0.0 0.09000000357627869 0.20999999344348907 0.05000000074505806 0.0 0.33000001311302185 0.33000001311302185 0.05000000074505806 0.09000000357627869 0.09000000357627869 0.0 0.09000000357627869 0.09000000357627869 0.0 0.09000000357627869 0.0 0.09000000357627869 0.09000000357627869 0.09000000357627869 0.0 0.09000000357627869 0.09000000357627869 0.09000000357627869 0.09000000357627869 0.0 0.09000000357627869 0.09000000357627869 0.09000000357627869 0.05000000074505806 0.09000000357627869 0.09000000357627869 0.0 0.4300000071525574 0.05000000074505806 0.09000000357627869 0.0
1035 0.0 0.09000000357627869 0.09000000357627869 0.09000000357627869 0.0 0.09000000357627869 0.09000000357627869 0.6200000047683716 0.0 0.0 0.09000000357627869 0.14000000059604645 0.09000000357627869 0.0 0.4300000071525574 0.0 0.09000000357627869 0.09000000357627869 0.09000000357627869 0.0 0.09000000357627869 0.09000000357627869 0.09000000357627869 0.05000000074505806 0.09000000357627869 0.09000000357627869 0.0 0.4300000071525574 0.0 0.09000000357627869 0.09000000357627869 0.1899999976158142 0.12999999523162842 0.1899999976158142 0.0 0.4399999976158142 0.0 0.4399999976158142 0.3199999928474426 0.18000000715255737 0.0 0.09000000357627869 0.0 0.09000000357627869 0.0 0.09000000357627869
1036 0.14000000059604645 0.09000000357627869 0.0 0.4300000071525574 0.0 0.09000000357627869 0.09000000357627869 0.0 0.09000000357627869 0.09000000357627869 0.09000000357627869 0.05000000074505806 0.09000000357627869 0.09000000357627869 0.0 0.4300000071525574 0.0 0.09000000357627869 0.09000000357627869 0.1899999976158142 0.12999999523162842 0.1899999976158142 0.0 0.4399999976158142 0.0 0.4399999976158142 0.3199999928474426 0.18000000715255737 0.0 0.09000000357627869 0.09000000357627869 0.0 0.09000000357627869 0.09000000357627869 0.0 0.09000000357627869 0.09000000357627869 0.09000000357627869 0.1899999976158142 0.12999999523162842
1047 0.09000000357627869 0.0 0.09000000357627869 0.09000000357627869 0.0 0.09000000357627869 0.09000000357627869 0.20000000298023224 0.09000000357627869 0.09000000357627869 0.0 0.4399999976158142 0.6399999856948853 0.0 0.46000000834465027 0.46000000834465027 0.0 0.46000000834465027 0.46000000834465027 0.0 0.09000000357627869 0.09000000357627869 0.0 0.09000000357627869 0.09000000357627869 0.6200000047683716 0.0 0.0 0.0 0.09000000357627869 0.09000000357627869 0.0 0.09000000357627869 0.0 0.09000000357627869 0.09000000357627869 0.09000000357627869 0.0 0.09000000357627869 0.09000000357627869 0.09000000357627869 0.0 0.09000000357627869 0.09000000357627869 0.09000000357627869 0.0 0.09000000357627869 0.0 0.09000000357627869 0.09000000357627869 0.09000000357627869
1055 0.0 0.09000000357627869 0.09000000357627869 0.0 0.09000000357627869 0.09000000357627869 0.0 0.09000000357627869 0.09000000357627869 0.20999999344348907 0.05000000074505806 0.05000000074505806 0.0 0.33000001311302185 0.33000001311302185 0.33000001311302185 0.0 0.09000000357627869 0.09000000357627869 0.1899999976158142 0.12999999523162842 0.1899999976158142 0.0 0.4399999976158142 0.0 0.4399999976158142 0.3199999928474426 0.18000000715255737 0.0 0.09000000357627869 0.09000000357627869 0.550000011920929 0.0 0.0 0.3199999928474426 0.30000001192092896 0.09000000357627869 0.14000000059604645 0.09000000357627869 0.0 0.4300000071525574 0.0 0.09000000357627869 0.09000000357627869 0.09000000357627869 0.0 0.09000000357627869 0.6200000047683716 0.0
1057 0.0 0.09000000357627869 0.550000011920929 0.0 0.0 0.3199999928474426 0.30000001192092896 0.14000000059604645 0.09000000357627869 0.0 0.4300000071525574 0.0 0.09000000357627869 0.09000000357627869 0.09000000357627869 0.09000000357627869 0.0 0.09000000357627869 0.09000000357627869 0.6200000047683716 0.0 0.0 0.0 0.09000000357627869 0.09000000357627869 0.0 0.0 0.11999999731779099 0.0 0.11999999731779099 0.0 0.11999999731779099 0.0 0.11999999731779099 0.0 0.11999999731779099 0.05000000074505806 0.09000000357627869 0.0 0.4300000071525574
106 0.09000000357627869 0.0 0.09000000357627869 0.09000000357627869 0.0 0.09000000357627869 0.09000000357627869 0.09000000357627869 0.0 0.09000000357627869 0.09000000357627869 0.0 0.09000000357627869 0.0 0.09000000357627869 0.09000000357627869 0.09000000357627869 0.0 0.09000000357627869 0.09000000357627869 0.09000000357627869 0.0 0.09000000357627869 0.09000000357627869 0.0 0.09000000357627869 0.0 0.09000000357627869 0.09000000357627869 0.0 0.09000000357627869 0.09000000357627869 0.09000000357627869 0.09000000357627869 0.0 0.09000000357627869 0.0 0.09000000357627869 0.09000000357627869 0.09000000357627869 0.0 0.09000000357627869 0.09000000357627869 0.09000000357627869 0.09000000357627869 0.0 0.09000000357627869 0.09000000357627869 0.09000000357627869 0.0 0.09000000357627869 0.09000000357627869 0.0 0.09000000357627869 0.09000000357627869 0.0 0.09000000357627869 0.09000000357627869 0.0 0.09000000357627869 0.09000000357627869 0.0 0.09000000357627869 0.09000000357627869 0.0 0.09000000357627869 0.09000000357627869 0.20999999344348907 0.05000000074505806 0.05000000074505806 0.0 0.33000001311302185 0.33000001311302185 0.33000001311302185 0.0 0.09000000357627869 0.0 0.09000000357627869 0.09000000357627869 0.20000000298023224 0.09000000357627869 0.09000000357627869 0.0 0.4399999976158142 0.6399999856948853 0.0 0.46000000834465027 0.46000000834465027 0.0 0.46000000834465027 0.46000000834465027 0.0 0.09000000357627869 0.09000000357627869 0.0 0.0 0.0 0.23999999463558197 0.10999999940395355 0.0 0.17000000178813934 0.0 0.14000000059604645 0.0 0.1599999964237213 0.0 0.14000000059604645 0.0 0.4399999976158142 0.0 0.11999999731779099 0.0 0.11999999731779099 0.10999999940395355 0.0 0.4300000071525574 0.09000000357627869 0.1599999964237213 0.0 0.4300000071525574 0.09000000357627869 0.09000000357627869 0.4399999976158142 0.18000000715255737 0.46000000834465027 0.09000000357627869 0.0 0.3199999928474426 0.30000001192092896 0.09000000357627869 0.0 0.09000000357627869 0.09000000357627869 0.0 0.09000000357627869 0.0 0.09000000357627869 0.09000000357627869 0.09000000357627869 0.0 0.09000000357627869 0.09000000357627869 0.09000000357627869 0.0 0.0 0.09000000357627869 0.09000000357627869 0.0 0.09000000357627869 0.09000000357627869 0.09000000357627869
1060 0.09000000357627869 0.09000000357627869 0.0 0.09000000357627869 0.09000000357627869 0.6200000047683716 0.0 0.0 0.0 0.09000000357627869 0.09000000357627869 0.0 0.0 0.11999999731779099 0.0 0.11999999731779099 0.0 0.11999999731779099 0.0 0.11999999731779099 0.0 0.11999999731779099 0.0 0.09000000357627869 0.09000000357627869 0.550000011920929 0.0 0.0 0.3199999928474426 0.30000001192092896 0.05000000074505806 0.09000000357627869 0.09000000357627869 0.0 0.4300000071525574 0.09000000357627869 0.09000000357627869
1062 0.0 0.09000000357627869 0.05000000074505806 0.09000000357627869 0.09000000357627869 0.0 0.4300000071525574 0.0 0.09000000357627869 0.09000000357627869 0.550000011920929 0.0 0.0 0.3199999928474426 0.30000001192092896 0.05000000074505806 0.09000000357627869 0.09000000357627869 0.0 0.4300000071525574 0.0 0.09000000357627869 0.0 0.09000000357627869 0.09000000357627869 0.09000000357627869 0.0 0.09000000357627869 0.09000000357627869 0.0 0.09000000357627869 0.09000000357627869 0.09000000357627869 0.0 0.09000000357627869 0.0 0.4300000071525574
1063 0.05000000074505806 0.09000000357627869 0.09000000357627869 0.0 0.4300000071525574 0.0 0.09000000357627869 0.09000000357627869 0.550000011920929 0.0 0.0 0.3199999928474426 0.30000001192092896 0.05000000074505806 0.09000000357627869 0.09000000357627869 0.0 0.4300000071525574 0.0 0.09000000357627869 0.0 0.09000000357627869 0.09000000357627869 0.09000000357627869 0.0 0.09000000357627869 0.09000000357627869 0.0 0.09000000357627869 0.09000000357627869 0.09000000357627869 0.0 0.09000000357627869 0.09000000357627869 0.0 0.09000000357627869 0.09000000357627869 0.0 0.09000000357627869 0.09000000357627869 0.20999999344348907 0.05000000074505806 0.05000000074505806 0.0 0.33000001311302185 0.33000001311302185 0.33000001311302185 0.14000000059604645 0.09000000357627869 0.0 0.4300000071525574
1066 0.05000000074505806 0.09000000357627869 0.09000000357627869 0.0 0.4300000071525574 0.0 0.09000000357627869 0.0 0.09000000357627869 0.09000000357627869 0.09000000357627869 0.0 0.09000000357627869 0.09000000357627869 0.0 0.09000000357627869 0.09000000357627869 0.09000000357627869 0.0 0.09000000357627869 0.09000000357627869 0.0 0.09000000357627869 0.09000000357627869 0.0 0.09000000357627869 0.09000000357627869 0.20999999344348907 0.05000000074505806 0.05000000074505806 0.0 0.33000001311302185 0.33000001311302185 0.33000001311302185 0.0 0.09000000357627869 0.09000000357627869 0.0 0.09000000357627869 0.09000000357627869 0.6200000047683716 0.0 0.0 0.0 0.09000000357627869 0.09000000357627869 0.0 0.09000000357627869 0.09000000357627869 0.0 0.09000000357627869 0.09000000357627869 0.0 0.09000000357627869 0.09000000357627869 0.0 0.09000000357627869 0.09000000357627869 0.0 0.09000000357627869 0.09000000357627869 0.09000000357627869 0.11999999731779099
1072 0.05000000074505806 0.05000000074505806 0.0 0.09000000357627869 0.09000000357627869 0.0 0.09000000357627869 0.09000000357627869 0.0 0.09000000357627869 0.0 0.09000000357627869 0.09000000357627869 0.09000000357627869 0.0 0.09000000357627869 0.09000000357627869 0.09000000357627869 0.0 0.09000000357627869 0.09000000357627869 0.0 0.0 0.11999999731779099 0.0 0.11999999731779099 0.0 0.11999999731779099 0.0 0.11999999731779099 0.0 0.11999999731779099 0.0 0.09000000357627869 0.09000000357627869 0.09000000357627869 0.0 0.09000000357627869 0.09000000357627869 0.09000000357627869 0.05000000074505806 0.09000000357627869 0.09000000357627869
1075 0.11999999731779099 0.14000000059604645 0.09000000357627869 0.0 0.0 0.09000000357627869 0.09000000357627869 0.09000000357627869 0.0 0.09000000357627869 0.09000000357627869 0.09000000357627869 0.05000000074505806 0.09000000357627869 0.09000000357627869 0.0 0.4300000071525574 0.0 0.09000000357627869 0.09000000357627869 0.550000011920929 0.0 0.0 0.3199999928474426 0.30000001192092896 0.05000000074505806 0.09000000357627869
1076 0.0 0.09000000357627869 0.09000000357627869 0.09000000357627869 0.0 0.09000000357627869 0.09000000357627869 0.09000000357627869 0.05000000074505806 0.09000000357627869 0.09000000357627869 0.0 0.4300000071525574 0.0 0.09000000357627869 0.09000000357627869 0.550000011920929 0.0 0.0 0.3199999928474426 0.30000001192092896 0.05000000074505806 0.09000000357627869 0.09000000357627869 0.0 0.4300000071525574 0.0 0.09000000357627869 0.09000000357627869
1078 0.09000000357627869 0.6200000047683716 0.0 0.0 0.05000000074505806 0.09000000357627869 0.0 0.05000000074505806 0.09000000357627869 0.09000000357627869 0.0 0.4300000071525574 0.0 0.09000000357627869 0.09000000357627869 0.550000011920929 0.0 0.0 0.3199999928474426 0.30000001192092896 0.0 0.09000000357627869 0.09000000357627869 0.0 0.09000000357627869 0.09000000357627869 0.6200000047683716 0.0 0.0 0.0 0.09000000357627869 0.09000000357627869 0.0 0.09000000357627869 0.0 0.09000000357627869 0.09000000357627869 0.09000000357627869 0.0 0.09000000357627869 0.09000000357627869 0.09000000357627869 0.0 0.09000000357627869 0.0 0.09000000357627869 0.0 0.09000000357627869 0.09000000357627869 0.0 0.09000000357627869 0.09000000357627869 0.09000000357627869 0.09000000357627869 0.4399999976158142 0.09000000357627869 0.550000011920929 0.0 0.0 0.3199999928474426 0.30000001192092896
1089 0.09000000357627869 0.33000001311302185 0.0 0.46000000834465027 0.09000000357627869 0.0 0.09000000357627869 0.09000000357627869 0.0 0.09000000357627869 0.09000000357627869 0.0 0.09000000357627869 0.09000000357627869 0.09000000357627869 0.0 0.09000000357627869 0.0 0.09000000357627869 0.09000000357627869 0.09000000357627869 0.0 0.09000000357627869 0.0 0.09000000357627869 0.09000000357627869 0.09000000357627869 0.0 0.09000000357627869 0.09000000357627869 0.09000000357627869 0.0 0.09000000357627869 0.0 0.09000000357627869 0.09000000357627869 0.09000000357627869 0.0 0.09000000357627869 0.09000000357627869 0.09000000357627869 0.0 0.09000000357627869 0.0 0.09000000357627869 0.09000000357627869 0.09000000357627869 0.0 0.09000000357627869 0.09000000357627869 0.09000000357627869 0.0 0.09000000357627869 0.09000000357627869 0.0 0.09000000357627869 0.09000000357627869 0.0 0.0 0.09000000357627869 0.09000000357627869 0.09000000357627869 0.0 0.09000000357627869 0.09000000357627869 0.0 0.09000000357627869 0.09000000357627869 0.20000000298023224 0.09000000357627869 0.09000000357627869 0.0 0.4399999976158142 0.6399999856948853 0.0 0.46000000834465027 0.46000000834465027 0.0 0.46000000834465027 0.46000000834465027 0.0 0.09000000357627869 0.09000000357627869 0.6200000047683716 0.0
1113 0.09000000357627869 0.09000000357627869 0.1899999976158142 0.12999999523162842 0.1899999976158142 0.0 0.4399999976158142 0.0 0.4399999976158142 0.3199999928474426 0.18000000715255737 0.09000000357627869 0.05000000074505806 0.05000000074505806 0.09000000357627869 0.0 0.09000000357627869 0.09000000357627869 0.0 0.09000000357627869 0.09000000357627869 0.0 0.09000000357627869 0.20999999344348907 0.05000000074505806 0.05000000074505806 0.0 0.33000001311302185 0.33000001311302185 0.0 0.09000000357627869 0.0 0.09000000357627869 0.09000000357627869 0.05000000074505806 0.0 0.09000000357627869 0.09000000357627869 0.0 0.09000000357627869 0.0 0.09000000357627869 0.0 0.09000000357627869 0.09000000357627869 0.09000000357627869 0.0 0.09000000357627869 0.09000000357627869 0.0 0.09000000357627869 0.09000000357627869 0.550000011920929 0.0 0.0 0.3199999928474426 0.30000001192092896 0.0 0.09000000357627869 0.09000000357627869 0.0 0.09000000357627869 0.09000000357627869 0.6200000047683716 0.0 0.0 0.0 0.09000000357627869 0.09000000357627869 0.0 0.09000000357627869 0.09000000357627869 0.0 0.0 0.09000000357627869 0.09000000357627869 0.09000000357627869 0.0 0.09000000357627869 0.0 0.09000000357627869 0.09000000357627869 0.09000000357627869 0.0 0.09000000357627869 0.09000000357627869 0.09000000357627869 0.05000000074505806 0.09000000357627869 0.09000000357627869 0.0 0.4300000071525574 0.0 0.09000000357627869 0.0 0.09000000357627869 0.09000000357627869 0.09000000357627869 0.0 0.09000000357627869 0.09000000357627869 0.0 0.09000000357627869 0.09000000357627869 0.09000000357627869 0.0 0.09000000357627869 0.09000000357627869 0.0 0.09000000357627869 0.09000000357627869 0.550000011920929 0.0 0.0 0.3199999928474426 0.30000001192092896 0.0 0.09000000357627869 0.09000000357627869 0.09000000357627869 0.05000000074505806 0.09000000357627869 0.09000000357627869 0.0 0.4300000071525574 0.0 0.09000000357627869 0.09000000357627869 0.0 0.09000000357627869 0.09000000357627869 0.0 0.09000000357627869 0.0 0.09000000357627869 0.09000000357627869 0.6200000047683716 0.0 0.0 0.0 0.09000000357627869 0.09000000357627869 0.09000000357627869 0.0 0.46000000834465027 0.46000000834465027
1114 0.0 0.09000000357627869 0.0 0.09000000357627869 0.0 0.09000000357627869 0.09000000357627869 0.20999999344348907 0.05000000074505806 0.05000000074505806 0.0 0.33000001311302185 0.33000001311302185 0.33000001311302185 0.0 0.09000000357627869 0.09000000357627869 0.09000000357627869 0.09000000357627869 0.0 0.09000000357627869 0.09000000357627869 0.0 0.09000000357627869 0.09000000357627869 0.6200000047683716 0.0 0.0 0.0 0.09000000357627869 0.09000000357627869 0.6200000047683716 0.0 0.0 0.09000000357627869 0.09000000357627869 0.0 0.09000000357627869 0.09000000357627869 0.0 0.09000000357627869 0.09000000357627869 0.20999999344348907 0.05000000074505806 0.05000000074505806 0.0 0.33000001311302185 0.33000001311302185 0.33000001311302185 0.0 0.09000000357627869 0.09000000357627869 0.0 0.0 0.0 0.10999999940395355 0.0 0.4300000071525574 0.0 0.11999999731779099 0.0 0.11999999731779099 0.09000000357627869 0.0 0.0 0.09000000357627869 0.09000000357627869 0.0 0.20999999344348907 0.05000000074505806 0.05000000074505806 0.0 0.33000001311302185 0.0 0.09000000357627869 0.09000000357627869 0.0 0.0 0.09000000357627869 0.09000000357627869 0.0 0.09000000357627869 0.09000000357627869 0.0 0.09000000357627869 0.09000000357627869 0.550000011920929 0.0 0.30000001192092896 0.0 0.09000000357627869 0.09000000357627869 0.0 0.09000000357627869 0.09000000357627869 0.6200000047683716 0.0 0.0 0.0 0.09000000357627869 0.09000000357627869 0.0 0.09000000357627869 0.09000000357627869 0.0 0.0 0.09000000357627869 0.09000000357627869 0.09000000357627869 0.0 0.09000000357627869 0.0 0.09000000357627869 0.09000000357627869 0.09000000357627869 0.0 0.09000000357627869 0.09000000357627869 0.09000000357627869 0.05000000074505806 0.09000000357627869 0.09000000357627869 0.0 0.4300000071525574 0.0 0.09000000357627869 0.0 0.09000000357627869 0.09000000357627869 0.09000000357627869 0.0 0.09000000357627869 0.09000000357627869 0.0 0.09000000357627869 0.09000000357627869 0.09000000357627869 0.0 0.09000000357627869 0.09000000357627869 0.0 0.09000000357627869 0.09000000357627869 0.550000011920929 0.0 0.0 0.3199999928474426 0.30000001192092896 0.0 0.09000000357627869 0.09000000357627869 0.09000000357627869 0.05000000074505806 0.09000000357627869 0.09000000357627869 0.0 0.4300000071525574 0.0 0.09000000357627869 0.09000000357627869 0.0 0.09000000357627869 0.09000000357627869 0.0 0.0 0.09000000357627869 0.09000000357627869 0.09000000357627869 0.0 0.09000000357627869 0.09000000357627869 0.6200000047683716 0.0 0.0 0.0 0.09000000357627869 0.09000000357627869 0.0 0.09000000357627869 0.09000000357627869 0.0 0.09000000357627869 0.09000000357627869 0.0 0.09000000357627869 0.09000000357627869 0.0 0.46000000834465027 0.46000000834465027
1118 0.0 0.09000000357627869 0.09000000357627869 0.0 0.09000000357627869 0.6200000047683716 0.0 0.0 0.550000011920929 0.0 0.3199999928474426 0.0 0.09000000357627869 0.09000000357627869 0.0 0.09000000357627869 0.09000000357627869 0.0 0.09000000357627869 0.09000000357627869 0.20999999344348907 0.05000000074505806 0.05000000074505806 0.0 0.33000001311302185 0.33000001311302185 0.33000001311302185 0.09000000357627869 0.09000000357627869 0.11999999731779099 0.0 0.4300000071525574 0.0 0.0 0.09000000357627869 0.09000000357627869 0.0 0.09000000357627869 0.0 0.09000000357627869 0.09000000357627869 0.09000000357627869 0.05000000074505806 0.09000000357627869 0.09000000357627869 0.0 0.4300000071525574 0.05000000074505806 0.09000000357627869 0.09000000357627869 0.0 0.4300000071525574 0.0 0.09000000357627869 0.0 0.09000000357627869 0.09000000357627869 0.09000000357627869 0.0 0.09000000357627869 0.09000000357627869 0.0 0.09000000357627869 0.09000000357627869 0.09000000357627869 0.0 0.09000000357627869 0.09000000357627869 0.0 0.09000000357627869 0.09000000357627869 0.550000011920929 0.0 0.0 0.3199999928474426 0.30000001192092896 0.0 0.09000000357627869 0.09000000357627869 0.09000000357627869 0.0 0.09000000357627869 0.09000000357627869 0.0 0.09000000357627869 0.09000000357627869 0.0 0.0 0.09000000357627869 0.09000000357627869 0.09000000357627869 0.0 0.09000000357627869 0.09000000357627869 0.6200000047683716 0.0 0.0 0.0 0.09000000357627869 0.09000000357627869 0.0 0.09000000357627869 0.09000000357627869 0.0 0.09000000357627869 0.09000000357627869 0.20999999344348907 0.05000000074505806 0.05000000074505806 0.0 0.33000001311302185 0.33000001311302185 0.33000001311302185 0.0 0.09000000357627869 0.09000000357627869 0.1899999976158142 0.12999999523162842 0.1899999976158142 0.0 0.4399999976158142 0.0 0.4399999976158142 0.3199999928474426 0.18000000715255737 0.0 0.09000000357627869 0.09000000357627869 0.0 0.09000000357627869 0.0 0.09000000357627869 0.09000000357627869 0.09000000357627869 0.0 0.09000000357627869 0.09000000357627869 0.09000000357627869 0.0 0.09000000357627869 0.09000000357627869 0.0 0.09000000357627869 0.09000000357627869 0.20000000298023224 0.09000000357627869 0.09000000357627869 0.0 0.4399999976158142 0.6399999856948853 0.0 0.46000000834465027 0.0 0.46000000834465027 0.46000000834465027 0.0 0.09000000357627869 0.09000000357627869 0.6200000047683716 0.0 0.0 0.0 0.09000000357627869 0.0 0.09000000357627869 0.09000000357627869 0.550000011920929 0.0 0.0 0.3199999928474426 0.30000001192092896
1127 0.09000000357627869 0.0 0.3199999928474426 0.30000001192092896 0.0 0.09000000357627869 0.0 0.09000000357627869 0.09000000357627869 0.0 0.09000000357627869 0.09000000357627869 0.05000000074505806 0.0 0.33000001311302185 0.33000001311302185 0.33000001311302185 0.0 0.09000000357627869 0.09000000357627869 0.1899999976158142 0.12999999523162842 0.1899999976158142 0.0 0.4399999976158142 0.0 0.4399999976158142 0.3199999928474426 0.18000000715255737 0.0 0.09000000357627869 0.09000000357627869 0.0 0.09000000357627869 0.0 0.09000000357627869 0.09000000357627869 0.09000000357627869 0.0 0.09000000357627869 0.09000000357627869 0.09000000357627869 0.0 0.09000000357627869 0.09000000357627869 0.0 0.09000000357627869 0.09000000357627869 0.20000000298023224 0.09000000357627869 0.09000000357627869 0.0 0.4399999976158142 0.6399999856948853 0.0 0.46000000834465027 0.46000000834465027 0.0 0.46000000834465027 0.0 0.09000000357627869 0.09000000357627869 0.6200000047683716 0.0 0.0 0.0 0.09000000357627869 0.09000000357627869 0.0 0.09000000357627869 0.09000000357627869 0.550000011920929 0.0 0.0 0.3199999928474426 0.30000001192092896 0.0 0.09000000357627869 0.09000000357627869 0.09000000357627869 0.0 0.09000000357627869 0.09000000357627869 0.0 0.09000000357627869 0.09000000357627869 0.6200000047683716 0.0 0.0 0.0 0.09000000357627869 0.09000000357627869 0.0 0.09000000357627869 0.09000000357627869 0.550000011920929 0.0 0.0 0.3199999928474426 0.30000001192092896 0.0 0.09000000357627869 0.09000000357627869 0.09000000357627869 0.0 0.09000000357627869 0.09000000357627869 0.0 0.09000000357627869
113 0.0 0.09000000357627869 0.6200000047683716 0.0 0.0 0.09000000357627869 0.09000000357627869 0.0 0.09000000357627869 0.09000000357627869 0.0 0.09000000357627869 0.0 0.09000000357627869 0.09000000357627869 0.0 0.09000000357627869 0.09000000357627869 0.0 0.09000000357627869 0.09000000357627869 0.0 0.09000000357627869 0.09000000357627869 0.20999999344348907 0.05000000074505806 0.05000000074505806 0.33000001311302185 0.0 0.09000000357627869 0.09000000357627869 0.550000011920929 0.0 0.0 0.3199999928474426 0.30000001192092896 0.0 0.09000000357627869 0.09000000357627869 0.0 0.09000000357627869 0.09000000357627869 0.6200000047683716 0.0 0.0 0.0 0.09000000357627869 0.09000000357627869 0.0 0.09000000357627869 0.0 0.09000000357627869 0.09000000357627869 0.09000000357627869 0.0 0.09000000357627869 0.09000000357627869 0.09000000357627869 0.0 0.09000000357627869 0.0 0.09000000357627869 0.09000000357627869 0.09000000357627869 0.0 0.09000000357627869 0.09000000357627869 0.09000000357627869 0.0 0.09000000357627869 0.09000000357627869 0.0 0.09000000357627869 0.09000000357627869 0.0 0.09000000357627869 0.20999999344348907 0.05000000074505806 0.05000000074505806 0.0 0.09000000357627869 0.0 0.09000000357627869 0.0 0.09000000357627869 0.09000000357627869 0.09000000357627869 0.09000000357627869 0.05000000074505806 0.09000000357627869 0.09000000357627869 0.0 0.4300000071525574 0.0 0.09000000357627869 0.09000000357627869 0.550000011920929 0.0 0.0 0.3199999928474426 0.30000001192092896 0.0 0.09000000357627869 0.09000000357627869 0.0 0.0 0.11999999731779099 0.0 0.11999999731779099 0.0 0.09000000357627869 0.09000000357627869 0.09000000357627869 0.1599999964237213 0.09000000357627869 0.0 0.09000000357627869 0.20999999344348907 0.05000000074505806 0.05000000074505806 0.0 0.33000001311302185 0.33000001311302185 0.33000001311302185 0.14000000059604645 0.09000000357627869 0.0 0.0 0.09000000357627869 0.09000000357627869 0.09000000357627869 0.0 0.09000000357627869 0.0 0.09000000357627869 0.09000000357627869 0.09000000357627869 0.0 0.09000000357627869 0.09000000357627869 0.09000000357627869 0.09000000357627869 0.0 0.09000000357627869 0.09000000357627869 0.0 0.0 0.11999999731779099 0.0 0.10999999940395355 0.0 0.11999999731779099 0.0 0.11999999731779099 0.09000000357627869 0.0 0.09000000357627869 0.09000000357627869 0.6200000047683716 0.0 0.0 0.0 0.09000000357627869 0.09000000357627869 0.0 0.09000000357627869 0.09000000357627869 0.20000000298023224 0.09000000357627869 0.09000000357627869 0.0 0.4399999976158142 0.6399999856948853 0.0 0.46000000834465027 0.46000000834465027 0.0 0.46000000834465027 0.46000000834465027 0.05000000074505806 0.09000000357627869 0.09000000357627869 0.0 0.4300000071525574 0.0 0.09000000357627869 0.09000000357627869 0.09000000357627869 0.0 0.09000000357627869 0.09000000357627869 0.1899999976158142 0.12999999523162842 0.1899999976158142 0.0 0.4399999976158142 0.0 0.4399999976158142 0.3199999928474426 0.18000000715255737 0.0 0.09000000357627869 0.0 0.09000000357627869 0.09000000357627869 0.09000000357627869 0.0 0.09000000357627869 0.09000000357627869 0.0 0.09000000357627869 0.09000000357627869 0.6200000047683716 0.0 0.0 0.09000000357627869 0.0 0.09000000357627869 0.09000000357627869 0.12999999523162842 0.20000000298023224 0.09000000357627869 0.09000000357627869 0.0 0.4399999976158142 0.6399999856948853 0.0 0.46000000834465027 0.46000000834465027 0.0 0.46000000834465027 0.46000000834465027 0.09000000357627869 0.09000000357627869 0.6399999856948853 0.0 0.46000000834465027 0.46000000834465027 0.09000000357627869 0.0 0.09000000357627869 0.6200000047683716 0.0 0.0 0.1899999976158142 0.12999999523162842 0.1899999976158142 0.0 0.4399999976158142 0.0 0.4399999976158142 0.3199999928474426 0.18000000715255737 0.0 0.09000000357627869 0.09000000357627869 0.09000000357627869 0.0 0.4399999976158142 0.3199999928474426 0.18000000715255737 0.0 0.09000000357627869 0.0 0.09000000357627869 0.550000011920929 0.0 0.0 0.3199999928474426 0.30000001192092896 0.0 0.09000000357627869 0.09000000357627869 0.0 0.09000000357627869 0.09000000357627869 0.20000000298023224 0.09000000357627869 0.09000000357627869 0.0 0.4399999976158142 0.6399999856948853 0.0 0.46000000834465027 0.46000000834465027 0.0 0.46000000834465027 0.46000000834465027 0.09000000357627869 0.0 0.09000000357627869 0.0 0.09000000357627869 0.09000000357627869 0.09000000357627869 0.0 0.09000000357627869 0.09000000357627869 0.09000000357627869
1133 0.0 0.09000000357627869 0.0 0.09000000357627869 0.09000000357627869 0.0 0.09000000357627869 0.09000000357627869 0.0 0.09000000357627869 0.09000000357627869 0.09000000357627869 0.0 0.09000000357627869 0.09000000357627869 0.09000000357627869 0.0 0.09000000357627869 0.09000000357627869 0.0 0.09000000357627869 0.09000000357627869 0.0 0.09000000357627869 0.09000000357627869 0.0 0.09000000357627869 0.09000000357627869 0.6200000047683716 0.0 0.0 0.0 0.09000000357627869 0.09000000357627869 0.0 0.09000000357627869 0.0 0.09000000357627869 0.09000000357627869 0.09000000357627869 0.0 0.09000000357627869 0.09000000357627869 0.09000000357627869 0.09000000357627869
1136 0.05000000074505806 0.09000000357627869 0.0 0.09000000357627869 0.09000000357627869 0.6200000047683716 0.0 0.0 0.0 0.09000000357627869 0.09000000357627869 0.0 0.09000000357627869 0.0 0.09000000357627869 0.09000000357627869 0.09000000357627869 0.0 0.09000000357627869 0.09000000357627869 0.09000000357627869 0.0 0.09000000357627869 0.09000000357627869 0.0 0.09000000357627869 0.09000000357627869 0.550000011920929 0.0 0.0 0.3199999928474426 0.30000001192092896 0.0 0.09000000357627869 0.09000000357627869 0.0 0.09000000357627869 0.09000000357627869 0.20000000298023224 0.09000000357627869 0.09000000357627869 0.0 0.4399999976158142 0.6399999856948853 0.0 0.46000000834465027 0.46000000834465027 0.0 0.46000000834465027 0.46000000834465027 0.0 0.09000000357627869 0.09000000357627869 0.09000000357627869
1144 0.0 0.09000000357627869 0.09000000357627869 0.0 0.09000000357627869 0.0 0.09000000357627869 0.0 0.09000000357627869 0.09000000357627869 0.09000000357627869 0.0 0.09000000357627869 0.09000000357627869 0.09000000357627869 0.0 0.09000000357627869 0.0 0.09000000357627869 0.09000000357627869 0.09000000357627869 0.0 0.09000000357627869 0.09000000357627869 0.09000000357627869 0.05000000074505806 0.09000000357627869 0.09000000357627869 0.0 0.4300000071525574 0.0 0.09000000357627869 0.0 0.09000000357627869 0.09000000357627869 0.09000000357627869 0.0 0.09000000357627869 0.09000000357627869 0.09000000357627869 0.0 0.09000000357627869 0.09000000357627869 0.09000000357627869 0.09000000357627869
1145 0.0 0.09000000357627869 0.0 0.09000000357627869 0.09000000357627869 0.09000000357627869 0.0 0.09000000357627869 0.0 0.09000000357627869 0.09000000357627869 0.09000000357627869 0.0 0.09000000357627869 0.09000000357627869 0.09000000357627869 0.05000000074505806 0.09000000357627869 0.09000000357627869 0.0 0.4300000071525574 0.0 0.09000000357627869 0.0 0.09000000357627869 0.09000000357627869 0.09000000357627869 0.0 0.09000000357627869 0.09000000357627869 0.09000000357627869 0.0 0.09000000357627869 0.09000000357627869 0.0 0.09000000357627869 0.09000000357627869 0.20000000298023224 0.09000000357627869 0.09000000357627869 0.0 0.4399999976158142 0.6399999856948853 0.0 0.46000000834465027 0.46000000834465027 0.0 0.46000000834465027 0.46000000834465027 0.0 0.09000000357627869 0.09000000357627869 0.0 0.09000000357627869
1153 0.0 0.09000000357627869 0.09000000357627869 0.0 0.09000000357627869 0.09000000357627869 0.0 0.09000000357627869 0.0 0.09000000357627869 0.09000000357627869 0.09000000357627869 0.0 0.09000000357627869 0.09000000357627869 0.09000000357627869 0.0 0.09000000357627869 0.09000000357627869 0.0 0.09000000357627869 0.09000000357627869 0.550000011920929 0.0 0.0 0.3199999928474426 0.30000001192092896 0.09000000357627869 0.0 0.09000000357627869 0.09000000357627869 0.0 0.09000000357627869 0.0 0.09000000357627869 0.09000000357627869 0.09000000357627869 0.0 0.09000000357627869 0.09000000357627869 0.09000000357627869 0.0 0.09000000357627869 0.09000000357627869 0.0 0.09000000357627869 0.0 0.09000000357627869
1160 0.0 0.09000000357627869 0.09000000357627869 0.0 0.09000000357627869 0.09000000357627869 0.0 0.09000000357627869 0.09000000357627869 0.20999999344348907 0.05000000074505806 0.05000000074505806 0.0 0.33000001311302185 0.33000001311302185 0.33000001311302185 0.0 0.09000000357627869 0.0 0.09000000357627869 0.09000000357627869 0.09000000357627869 0.0 0.09000000357627869 0.09000000357627869 0.09000000357627869 0.0 0.09000000357627869 0.09000000357627869 0.0 0.09000000357627869 0.09000000357627869 0.6200000047683716 0.0 0.0 0.0 0.09000000357627869 0.0 0.09000000357627869 0.09000000357627869 0.09000000357627869 0.0 0.09000000357627869 0.09000000357627869 0.09000000357627869 0.0 0.09000000357627869 0.09000000357627869 0.0 0.09000000357627869 0.09000000357627869 0.09000000357627869 0.0 0.09000000357627869 0.09000000357627869 0.0 0.09000000357627869 0.09000000357627869 0.0 0.09000000357627869 0.09000000357627869 0.0 0.09000000357627869 0.09000000357627869 0.0 0.0 0.11999999731779099 0.0 0.11999999731779099 0.0 0.11999999731779099 0.0 0.11999999731779099 0.0 0.11999999731779099 0.0 0.09000000357627869 0.09000000357627869 0.0 0.09000000357627869 0.0 0.09000000357627869 0.09000000357627869 0.09000000357627869 0.0 0.09000000357627869 0.09000000357627869 0.09000000357627869 0.14000000059604645 0.09000000357627869 0.0 0.4300000071525574 0.0 0.09000000357627869 0.09000000357627869 0.09000000357627869 0.09000000357627869
1162 0.0 0.09000000357627869 0.0 0.09000000357627869 0.550000011920929 0.0 0.0 0.3199999928474426 0.0 0.09000000357627869 0.0 0.09000000357627869 0.09000000357627869 0.20000000298023224 0.09000000357627869 0.09000000357627869 0.0 0.4399999976158142 0.6399999856948853 0.0 0.46000000834465027 0.0 0.46000000834465027 0.46000000834465027 0.0 0.09000000357627869 0.09000000357627869 0.0 0.09000000357627869 0.09000000357627869 0.0 0.09000000357627869 0.09000000357627869 0.20999999344348907 0.05000000074505806 0.05000000074505806 0.0 0.33000001311302185 0.33000001311302185 0.33000001311302185 0.0 0.09000000357627869 0.0 0.09000000357627869 0.09000000357627869 0.09000000357627869 0.0 0.09000000357627869 0.09000000357627869 0.09000000357627869 0.0 0.09000000357627869 0.09000000357627869 0.0 0.09000000357627869 0.09000000357627869 0.6200000047683716 0.0 0.0 0.09000000357627869 0.09000000357627869 0.09000000357627869 0.11999999731779099 0.05000000074505806 0.09000000357627869 0.09000000357627869 0.0 0.4300000071525574 0.0 0.09000000357627869 0.09000000357627869 0.0 0.09000000357627869 0.0 0.09000000357627869 0.09000000357627869 0.09000000357627869 0.0 0.09000000357627869 0.09000000357627869 0.09000000357627869 0.09000000357627869 0.09000000357627869 0.14000000059604645 0.0 0.0 0.09000000357627869 0.09000000357627869 0.09000000357627869
1165 0.09000000357627869 0.550000011920929 0.0 0.0 0.3199999928474426 0.30000001192092896 0.14000000059604645 0.09000000357627869 0.0 0.09000000357627869 0.09000000357627869 0.09000000357627869 0.09000000357627869 0.09000000357627869 0.0 0.09000000357627869 0.09000000357627869 0.0 0.09000000357627869 0.09000000357627869 0.6200000047683716 0.0 0.0 0.0 0.09000000357627869 0.09000000357627869 0.550000011920929 0.0 0.0 0.3199999928474426 0.30000001192092896 0.09000000357627869 0.0 0.09000000357627869 0.0 0.09000000357627869 0.09000000357627869
1170 0.09000000357627869 0.0 0.0 0.09000000357627869 0.09000000357627869 0.0 0.09000000357627869 0.0 0.09000000357627869 0.09000000357627869 0.09000000357627869 0.0 0.09000000357627869 0.09000000357627869 0.09000000357627869 0.0 0.09000000357627869 0.09000000357627869 0.550000011920929 0.0 0.0 0.3199999928474426 0.30000001192092896 0.0 0.09000000357627869 0.09000000357627869 0.0 0.09000000357627869 0.09000000357627869 0.6200000047683716 0.0 0.0 0.14000000059604645 0.09000000357627869 0.0 0.4300000071525574 0.0 0.09000000357627869 0.09000000357627869 0.09000000357627869 0.0 0.4300000071525574 0.09000000357627869
1172 0.0 0.09000000357627869 0.14000000059604645 0.09000000357627869 0.0 0.4300000071525574 0.0 0.09000000357627869 0.09000000357627869 0.09000000357627869 0.0 0.09000000357627869 0.09000000357627869 0.0 0.09000000357627869 0.09000000357627869 0.6200000047683716 0.0 0.0 0.14000000059604645 0.09000000357627869 0.0 0.4300000071525574 0.0 0.09000000357627869 0.09000000357627869 0.09000000357627869 0.0 0.09000000357627869 0.09000000357627869 0.6200000047683716 0.0 0.0 0.05000000074505806 0.09000000357627869 0.0
1173 0.09000000357627869 0.09000000357627869 0.0 0.09000000357627869 0.09000000357627869 0.0 0.09000000357627869 0.09000000357627869 0.6200000047683716 0.0 0.0 0.14000000059604645 0.09000000357627869 0.0 0.4300000071525574 0.0 0.09000000357627869 0.09000000357627869 0.09000000357627869 0.0 0.09000000357627869 0.09000000357627869 0.6200000047683716 0.0 0.0 0.05000000074505806 0.09000000357627869 0.09000000357627869 0.0 0.4300000071525574 0.09000000357627869 0.12999999523162842
1175 0.09000000357627869 0.14000000059604645 0.09000000357627869 0.0 0.4300000071525574 0.0 0.09000000357627869 0.09000000357627869 0.09000000357627869 0.0 0.09000000357627869 0.09000000357627869 0.6200000047683716 0.0 0.0 0.0 0.09000000357627869 0.09000000357627869 0.1899999976158142 0.12999999523162842 0.1899999976158142 0.0 0.4399999976158142 0.0 0.4399999976158142 0.3199999928474426 0.18000000715255737 0.0 0.09000000357627869 0.0 0.09000000357627869 0.09000000357627869 0.09000000357627869 0.0 0.09000000357627869 0.09000000357627869 0.09000000357627869 0.0 0.09000000357627869 0.09000000357627869
1187 0.0 0.09000000357627869 0.09000000357627869 0.0 0.09000000357627869 0.09000000357627869 0.0 0.0 0.11999999731779099 0.0 0.11999999731779099 0.0 0.11999999731779099 0.0 0.11999999731779099 0.0 0.0 0.09000000357627869 0.09000000357627869 0.09000000357627869 0.0 0.09000000357627869 0.09000000357627869 0.0 0.09000000357627869 0.09000000357627869 0.20000000298023224 0.09000000357627869 0.09000000357627869 0.0 0.4399999976158142 0.6399999856948853 0.0 0.46000000834465027 0.46000000834465027 0.0 0.46000000834465027 0.46000000834465027 0.05000000074505806 0.09000000357627869 0.09000000357627869 0.0 0.4300000071525574 0.09000000357627869 0.09000000357627869 0.09000000357627869
1189 0.09000000357627869 0.14000000059604645 0.09000000357627869 0.0 0.4300000071525574 0.0 0.09000000357627869 0.09000000357627869 0.09000000357627869 0.0 0.09000000357627869 0.09000000357627869 0.0 0.09000000357627869 0.09000000357627869 0.20000000298023224 0.09000000357627869 0.09000000357627869 0.0 0.4399999976158142 0.6399999856948853 0.0 0.46000000834465027 0.46000000834465027 0.0 0.46000000834465027 0.46000000834465027 0.0 0.09000000357627869 0.09000000357627869 0.0 0.09000000357627869 0.09000000357627869 0.0 0.09000000357627869 0.09000000357627869 0.20999999344348907 0.05000000074505806 0.05000000074505806 0.0 0.33000001311302185 0.33000001311302185 0.33000001311302185 0.0 0.09000000357627869 0.09000000357627869 0.09000000357627869 0.09000000357627869 0.09000000357627869 0.0
1196 0.09000000357627869 0.09000000357627869 0.33000001311302185 0.0 0.09000000357627869 0.09000000357627869 0.0 0.09000000357627869 0.09000000357627869 0.6200000047683716 0.0 0.0 0.0 0.09000000357627869 0.09000000357627869 0.550000011920929 0.0 0.0 0.3199999928474426 0.30000001192092896 0.0 0.09000000357627869 0.09000000357627869 0.0 0.09000000357627869 0.09000000357627869 0.0 0.0 0.09000000357627869 0.09000000357627869 0.09000000357627869 0.0 0.09000000357627869 0.09000000357627869 0.0 0.09000000357627869 0.09000000357627869 0.6200000047683716 0.0 0.0 0.0 0.09000000357627869 0.0 0.09000000357627869 0.6200000047683716 0.0 0.0
1205 0.09000000357627869 0.0 0.09000000357627869 0.09000000357627869 0.0 0.09000000357627869 0.09000000357627869 0.0 0.0 0.09000000357627869 0.09000000357627869 0.09000000357627869 0.0 0.09000000357627869 0.09000000357627869 0.6200000047683716 0.0 0.0 0.0 0.09000000357627869 0.09000000357627869 0.0 0.09000000357627869 0.09000000357627869 0.550000011920929 0.0 0.0 0.3199999928474426 0.30000001192092896 0.0 0.09000000357627869 0.09000000357627869 0.6200000047683716 0.0 0.0 0.0 0.09000000357627869 0.09000000357627869
1210 0.09000000357627869 0.0 0.09000000357627869 0.09000000357627869 0.09000000357627869 0.0 0.09000000357627869 0.09000000357627869 0.0 0.09000000357627869 0.09000000357627869 0.6200000047683716 0.0 0.0 0.14000000059604645 0.09000000357627869 0.0 0.4300000071525574 0.0 0.09000000357627869 0.09000000357627869 0.09000000357627869 0.0 0.09000000357627869 0.09000000357627869 0.550000011920929 0.0 0.0 0.3199999928474426 0.30000001192092896 0.14000000059604645 0.0 0.4300000071525574 0.09000000357627869
1211 0.09000000357627869 0.0 0.09000000357627869 0.09000000357627869 0.0 0.09000000357627869 0.09000000357627869 0.6200000047683716 0.0 0.0 0.14000000059604645 0.09000000357627869 0.0 0.4300000071525574 0.0 0.09000000357627869 0.09000000357627869 0.09000000357627869 0.0 0.09000000357627869 0.09000000357627869 0.550000011920929 0.0 0.0 0.3199999928474426 0.30000001192092896 0.14000000059604645 0.09000000357627869 0.0 0.4300000071525574 0.0 0.09000000357627869 0.09000000357627869 0.09000000357627869 0.14000000059604645 0.0 0.09000000357627869
1213 0.09000000357627869 0.14000000059604645 0.09000000357627869 0.0 0.4300000071525574 0.0 0.09000000357627869 0.09000000357627869 0.09000000357627869 0.0 0.09000000357627869 0.09000000357627869 0.550000011920929 0.0 0.0 0.3199999928474426 0.30000001192092896 0.14000000059604645 0.09000000357627869 0.0 0.4300000071525574 0.0 0.09000000357627869 0.09000000357627869 0.09000000357627869 0.0 0.09000000357627869 0.09000000357627869 0.0 0.09000000357627869 0.09000000357627869 0.6200000047683716 0.0 0.0 0.0 0.09000000357627869 0.09000000357627869 0.0 0.09000000357627869 0.0 0.09000000357627869 0.09000000357627869
1214 0.14000000059604645 0.09000000357627869 0.0 0.09000000357627869 0.0 0.09000000357627869 0.09000000357627869 0.550000011920929 0.0 0.0 0.3199999928474426 0.30000001192092896 0.14000000059604645 0.09000000357627869 0.0 0.4300000071525574 0.0 0.09000000357627869 0.09000000357627869 0.09000000357627869 0.0 0.09000000357627869 0.09000000357627869 0.0 0.09000000357627869 0.09000000357627869 0.6200000047683716 0.0 0.0 0.0 0.09000000357627869 0.09000000357627869 0.0 0.09000000357627869 0.09000000357627869 0.0 0.09000000357627869 0.09000000357627869 0.0 0.09000000357627869 0.09000000357627869 0.0 0.09000000357627869 0.09000000357627869 0.0
122 0.09000000357627869 0.09000000357627869 0.0 0.33000001311302185 0.33000001311302185 0.0 0.09000000357627869 0.6200000047683716 0.0 0.0 0.09000000357627869 0.09000000357627869 0.09000000357627869 0.0 0.09000000357627869 0.09000000357627869 0.0 0.09000000357627869 0.09000000357627869 0.0 0.09000000357627869 0.09000000357627869 0.20999999344348907 0.05000000074505806 0.05000000074505806 0.0 0.33000001311302185 0.33000001311302185 0.33000001311302185 0.0 0.09000000357627869 0.09000000357627869 0.550000011920929 0.0 0.0 0.3199999928474426 0.30000001192092896 0.14000000059604645 0.09000000357627869 0.0 0.4300000071525574 0.0 0.09000000357627869 0.09000000357627869 0.09000000357627869 0.0 0.09000000357627869 0.09000000357627869 0.0 0.09000000357627869 0.09000000357627869 0.6200000047683716 0.0 0.0 0.0 0.09000000357627869 0.09000000357627869 0.0 0.09000000357627869 0.0 0.09000000357627869 0.09000000357627869 0.09000000357627869 0.0 0.09000000357627869 0.09000000357627869 0.09000000357627869 0.0 0.09000000357627869 0.0 0.09000000357627869 0.09000000357627869 0.09000000357627869 0.0 0.09000000357627869 0.09000000357627869 0.09000000357627869 0.0 0.09000000357627869 0.09000000357627869 0.0 0.09000000357627869 0.09000000357627869 0.0 0.09000000357627869 0.09000000357627869 0.20999999344348907 0.05000000074505806 0.05000000074505806 0.0 0.33000001311302185 0.33000001311302185 0.33000001311302185 0.0 0.09000000357627869 0.0 0.09000000357627869 0.09000000357627869 0.09000000357627869 0.0 0.09000000357627869 0.09000000357627869 0.09000000357627869 0.0 0.09000000357627869 0.09000000357627869 0.0 0.09000000357627869 0.09000000357627869 0.09000000357627869 0.0 0.09000000357627869 0.09000000357627869 0.0 0.09000000357627869 0.0 0.09000000357627869 0.09000000357627869 0.09000000357627869 0.0 0.09000000357627869 0.09000000357627869 0.09000000357627869 0.0 0.09000000357627869 0.09000000357627869 0.550000011920929 0.0 0.0 0.3199999928474426 0.30000001192092896 0.0 0.09000000357627869 0.09000000357627869 0.0 0.0 0.11999999731779099 0.0 0.11999999731779099 0.10999999940395355 0.0 0.4300000071525574 0.0 0.11999999731779099 0.0 0.11999999731779099 0.0 0.09000000357627869 0.09000000357627869 0.1899999976158142 0.12999999523162842 0.1899999976158142 0.0 0.4399999976158142 0.0 0.4399999976158142 0.3199999928474426 0.18000000715255737 0.0 0.09000000357627869 0.09000000357627869 0.0 0.1599999964237213 0.0 0.09000000357627869 0.09000000357627869 0.0 0.09000000357627869 0.09000000357627869 0.0 0.09000000357627869 0.09000000357627869 0.20999999344348907 0.05000000074505806 0.05000000074505806 0.0 0.33000001311302185 0.33000001311302185 0.33000001311302185 0.0 0.09000000357627869 0.09000000357627869 0.0 0.09000000357627869 0.0 0.09000000357627869 0.09000000357627869 0.09000000357627869 0.0 0.09000000357627869 0.09000000357627869 0.0 0.09000000357627869 0.09000000357627869 0.0 0.09000000357627869 0.0 0.09000000357627869 0.09000000357627869 0.09000000357627869 0.0 0.09000000357627869 0.09000000357627869 0.05000000074505806 0.09000000357627869 0.09000000357627869 0.09000000357627869 0.12999999523162842 0.14000000059604645 0.09000000357627869 0.4300000071525574 0.0 0.09000000357627869 0.09000000357627869 0.09000000357627869 0.09000000357627869 0.09000000357627869 0.09000000357627869 0.0 0.09000000357627869 0.09000000357627869 0.0 0.0 0.11999999731779099 0.0 0.11999999731779099 0.10999999940395355 0.0 0.4300000071525574 0.0 0.11999999731779099 0.0 0.11999999731779099 0.09000000357627869 0.1899999976158142 0.12999999523162842 0.0 0.4399999976158142 0.0 0.09000000357627869 0.09000000357627869 0.6200000047683716 0.0 0.0 0.0 0.09000000357627869 0.09000000357627869 0.20000000298023224 0.09000000357627869 0.0 0.4399999976158142 0.6399999856948853 0.0 0.46000000834465027 0.46000000834465027 0.0 0.46000000834465027 0.46000000834465027 0.0 0.09000000357627869 0.09000000357627869 0.0 0.09000000357627869 0.09000000357627869 0.20000000298023224 0.09000000357627869 0.09000000357627869 0.0 0.4399999976158142 0.6399999856948853 0.0 0.46000000834465027 0.46000000834465027 0.0 0.46000000834465027 0.46000000834465027 0.0 0.09000000357627869 0.09000000357627869 0.0 0.09000000357627869 0.09000000357627869 0.6200000047683716 0.0 0.0 0.0 0.09000000357627869 0.09000000357627869 0.0 0.09000000357627869 0.0 0.09000000357627869 0.09000000357627869 0.09000000357627869 0.0 0.09000000357627869 0.09000000357627869 0.09000000357627869 0.0 0.2199999988079071 0.0 0.3700000047683716 0.0 0.09000000357627869 0.09000000357627869 0.09000000357627869 0.0 0.09000000357627869 0.0 0.09000000357627869 0.09000000357627869 0.09000000357627869 0.0 0.09000000357627869 0.09000000357627869 0.09000000357627869 0.0 0.09000000357627869 0.09000000357627869 0.6200000047683716 0.0 0.0 0.4399999976158142 0.18000000715255737 0.0 0.09000000357627869 0.09000000357627869 0.0 0.09000000357627869 0.09000000357627869 0.05000000074505806 0.09000000357627869 0.09000000357627869 0.0 0.4300000071525574 0.0 0.09000000357627869 0.0 0.09000000357627869 0.0 0.09000000357627869 0.09000000357627869 0.09000000357627869 0.0 0.09000000357627869 0.09000000357627869 0.6200000047683716 0.0 0.0 0.0 0.09000000357627869 0.09000000357627869 0.1899999976158142 0.1899999976158142 0.0 0.0 0.4399999976158142 0.3199999928474426 0.18000000715255737 0.0 0.09000000357627869 0.09000000357627869 0.0 0.09000000357627869 0.09000000357627869 0.550000011920929 0.0 0.0 0.3199999928474426 0.30000001192092896 0.11999999731779099 0.09000000357627869 0.09000000357627869 0.4399999976158142 0.46000000834465027
1220 0.6200000047683716 0.0 0.0 0.09000000357627869 0.05000000074505806 0.09000000357627869 0.09000000357627869 0.0 0.4300000071525574 0.09000000357627869 0.09000000357627869 0.6399999856948853 0.0 0.46000000834465027 0.46000000834465027 0.09000000357627869 0.0 0.0 0.09000000357627869 0.09000000357627869 0.20000000298023224 0.09000000357627869 0.09000000357627869 0.0 0.4399999976158142 0.0 0.09000000357627869 0.09000000357627869 0.0 0.09000000357627869 0.0 0.0 0.09000000357627869 0.09000000357627869 0.09000000357627869 0.0 0.09000000357627869 0.09000000357627869 0.6200000047683716 0.0 0.0 0.0 0.09000000357627869 0.09000000357627869 0.1899999976158142 0.12999999523162842 0.1899999976158142 0.0 0.4399999976158142 0.0 0.4399999976158142 0.3199999928474426 0.18000000715255737
130 0.09000000357627869 0.09000000357627869 0.09000000357627869 0.0 0.09000000357627869 0.0 0.0 0.0 0.11999999731779099 0.0 0.0 0.0 0.09000000357627869 0.09000000357627869 0.1899999976158142 0.12999999523162842 0.1899999976158142 0.0 0.4399999976158142 0.0 0.4399999976158142 0.3199999928474426 0.0 0.09000000357627869 0.09000000357627869 0.0 0.1599999964237213 0.0 0.09000000357627869 0.09000000357627869 0.0 0.09000000357627869 0.09000000357627869 0.0 0.09000000357627869 0.09000000357627869 0.20999999344348907 0.05000000074505806 0.05000000074505806 0.0 0.33000001311302185 0.33000001311302185 0.33000001311302185 0.0 0.09000000357627869 0.09000000357627869 0.0 0.09000000357627869 0.0 0.09000000357627869 0.09000000357627869 0.09000000357627869 0.0 0.09000000357627869 0.09000000357627869 0.09000000357627869 0.0 0.09000000357627869 0.09000000357627869 0.0 0.09000000357627869 0.0 0.09000000357627869 0.09000000357627869 0.09000000357627869 0.0 0.09000000357627869 0.09000000357627869 0.09000000357627869 0.0 0.09000000357627869 0.09000000357627869 0.0 0.09000000357627869 0.09000000357627869 0.0 0.09000000357627869 0.09000000357627869 0.0 0.09000000357627869 0.0 0.09000000357627869 0.09000000357627869 0.09000000357627869 0.0 0.09000000357627869 0.09000000357627869 0.0 0.09000000357627869 0.09000000357627869 0.09000000357627869 0.0 0.09000000357627869 0.09000000357627869 0.0 0.09000000357627869 0.0 0.09000000357627869 0.09000000357627869 0.09000000357627869 0.0 0.09000000357627869 0.09000000357627869 0.09000000357627869 0.0 0.09000000357627869 0.09000000357627869 0.09000000357627869 0.0 0.09000000357627869 0.09000000357627869 0.0 0.09000000357627869 0.09000000357627869 0.20000000298023224 0.09000000357627869 0.09000000357627869 0.0 0.4399999976158142 0.6399999856948853 0.0 0.46000000834465027 0.0 0.09000000357627869 0.09000000357627869 0.0 0.0 0.11999999731779099 0.0 0.11999999731779099 0.0 0.09000000357627869 0.0 0.09000000357627869 0.09000000357627869 0.09000000357627869 0.09000000357627869 0.0 0.0 0.09000000357627869 0.0 0.09000000357627869 0.09000000357627869 0.09000000357627869 0.0 0.09000000357627869 0.0 0.09000000357627869 0.09000000357627869 0.0 0.0 0.11999999731779099 0.0 0.11999999731779099 0.0 0.0 0.11999999731779099 0.0 0.0 0.1599999964237213 0.0 0.09000000357627869 0.09000000357627869 0.09000000357627869 0.0 0.0 0.09000000357627869 0.09000000357627869 0.1899999976158142 0.12999999523162842 0.1899999976158142 0.0 0.4399999976158142 0.0 0.3199999928474426 0.0 0.09000000357627869 0.0 0.09000000357627869 0.09000000357627869 0.09000000357627869 0.0 0.09000000357627869 0.09000000357627869 0.09000000357627869 0.0 0.09000000357627869 0.09000000357627869 0.1899999976158142 0.12999999523162842 0.1899999976158142 0.0 0.4399999976158142 0.0 0.4399999976158142 0.3199999928474426 0.18000000715255737 0.09000000357627869 0.09000000357627869 0.05000000074505806 0.09000000357627869 0.09000000357627869 0.0 0.4300000071525574 0.09000000357627869 0.09000000357627869 0.09000000357627869 0.0 0.09000000357627869 0.09000000357627869 0.09000000357627869 0.0 0.09000000357627869 0.09000000357627869 0.0 0.09000000357627869 0.09000000357627869 0.0 0.09000000357627869 0.09000000357627869 0.0 0.09000000357627869 0.09000000357627869 0.6200000047683716 0.0 0.0 0.0 0.09000000357627869 0.09000000357627869 0.0 0.09000000357627869 0.0 0.09000000357627869 0.09000000357627869 0.09000000357627869 0.0 0.09000000357627869 0.09000000357627869 0.09000000357627869 0.0 0.09000000357627869 0.09000000357627869 0.0 0.0 0.11999999731779099 0.0 0.11999999731779099 0.0 0.11999999731779099 0.0 0.11999999731779099 0.0 0.11999999731779099 0.0 0.09000000357627869 0.09000000357627869 0.0 0.0 0.2199999988079071 0.0 0.3700000047683716 0.23999999463558197 0.10999999940395355 0.0 0.17000000178813934 0.0 0.14000000059604645 0.0 0.1599999964237213 0.0 0.14000000059604645 0.0 0.09000000357627869 0.09000000357627869 0.1899999976158142 0.12999999523162842 0.1899999976158142 0.0 0.4399999976158142 0.0 0.4399999976158142 0.3199999928474426 0.18000000715255737 0.0 0.09000000357627869 0.09000000357627869 0.09000000357627869 0.0 0.09000000357627869 0.09000000357627869 0.0 0.09000000357627869 0.0 0.09000000357627869 0.09000000357627869 0.09000000357627869 0.0 0.09000000357627869 0.09000000357627869 0.09000000357627869 0.0 0.09000000357627869 0.09000000357627869 0.0 0.09000000357627869 0.09000000357627869 0.20000000298023224 0.09000000357627869 0.09000000357627869 0.0 0.4399999976158142 0.0 0.09000000357627869 0.09000000357627869 0.0 0.09000000357627869 0.09000000357627869 0.6200000047683716 0.0 0.0 0.0 0.3199999928474426 0.30000001192092896 0.0 0.0 0.09000000357627869 0.09000000357627869 0.0 0.09000000357627869 0.09000000357627869 0.09000000357627869 0.0 0.09000000357627869 0.09000000357627869 0.09000000357627869 0.09000000357627869 0.0 0.09000000357627869 0.0 0.09000000357627869 0.0 0.09000000357627869 0.09000000357627869 0.0 0.09000000357627869 0.09000000357627869 0.09000000357627869 0.0 0.0 0.09000000357627869 0.09000000357627869 0.09000000357627869 0.0 0.09000000357627869 0.09000000357627869 0.09000000357627869 0.0 0.09000000357627869 0.09000000357627869 0.0 0.09000000357627869 0.09000000357627869 0.0 0.0 0.09000000357627869 0.09000000357627869 0.09000000357627869 0.0 0.09000000357627869 0.09000000357627869 0.09000000357627869 0.09000000357627869 0.09000000357627869 0.0 0.09000000357627869 0.09000000357627869 0.0 0.0 0.0 0.0 0.11999999731779099 0.0 0.11999999731779099 0.0 0.11999999731779099 0.09000000357627869 0.0 0.33000001311302185 0.33000001311302185 0.33000001311302185 0.12999999523162842 0.0 0.4399999976158142 0.09000000357627869 0.0 0.09000000357627869 0.09000000357627869 0.0 0.09000000357627869 0.09000000357627869 0.0 0.09000000357627869 0.09000000357627869 0.0 0.09000000357627869 0.09000000357627869 0.0 0.09000000357627869 0.09000000357627869 0.6200000047683716 0.0 0.0 0.4300000071525574
142 0.11999999731779099 0.09000000357627869 0.0 0.09000000357627869 0.09000000357627869 0.0 0.09000000357627869 0.09000000357627869 0.0 0.0 0.09000000357627869 0.09000000357627869 0.09000000357627869 0.0 0.09000000357627869 0.09000000357627869 0.6200000047683716 0.0 0.0 0.0 0.09000000357627869 0.09000000357627869 0.0 0.09000000357627869 0.09000000357627869 0.0 0.09000000357627869 0.09000000357627869 0.20999999344348907 0.05000000074505806 0.05000000074505806 0.0 0.09000000357627869 0.09000000357627869 0.0 0.09000000357627869 0.09000000357627869 0.550000011920929 0.0 0.0 0.3199999928474426 0.30000001192092896 0.09000000357627869 0.0 0.09000000357627869 0.09000000357627869 0.0 0.09000000357627869 0.09000000357627869 0.20000000298023224 0.09000000357627869 0.09000000357627869 0.0 0.4399999976158142 0.6399999856948853 0.0 0.46000000834465027 0.46000000834465027 0.0 0.46000000834465027 0.46000000834465027 0.0 0.09000000357627869 0.09000000357627869 0.09000000357627869 0.0 0.09000000357627869 0.09000000357627869 0.0 0.09000000357627869 0.09000000357627869 0.0 0.09000000357627869 0.09000000357627869 0.20999999344348907 0.05000000074505806 0.05000000074505806 0.0 0.33000001311302185 0.33000001311302185 0.33000001311302185 0.09000000357627869 0.0 0.09000000357627869 0.09000000357627869 0.0 0.0 0.09000000357627869 0.09000000357627869 0.09000000357627869 0.11999999731779099 0.0 0.09000000357627869 0.09000000357627869 0.0 0.09000000357627869 0.09000000357627869 0.20000000298023224 0.09000000357627869 0.09000000357627869 0.0 0.4399999976158142 0.6399999856948853 0.0 0.46000000834465027 0.46000000834465027 0.0 0.46000000834465027 0.46000000834465027 0.09000000357627869 0.09000000357627869 0.0 0.09000000357627869 0.09000000357627869 0.09000000357627869 0.09000000357627869 0.09000000357627869 0.09000000357627869 0.0 0.09000000357627869 0.6200000047683716 0.0 0.0
176 0.0 0.1599999964237213 0.09000000357627869 0.0 0.09000000357627869 0.09000000357627869 0.6200000047683716 0.0 0.0 0.0 0.09000000357627869 0.09000000357627869 0.0 0.1599999964237213 0.0 0.4300000071525574 0.0 0.09000000357627869 0.09000000357627869 0.0 0.09000000357627869 0.09000000357627869 0.6200000047683716 0.0 0.0 0.0 0.09000000357627869 0.09000000357627869 0.0 0.1599999964237213 0.0 0.09000000357627869 0.09000000357627869 0.0 0.09000000357627869 0.09000000357627869 0.0 0.1599999964237213 0.09000000357627869 0.0 0.09000000357627869 0.09000000357627869 0.0 0.09000000357627869 0.09000000357627869 0.550000011920929 0.0 0.0 0.3199999928474426 0.30000001192092896 0.0 0.09000000357627869 0.09000000357627869 0.0 0.09000000357627869 0.09000000357627869 0.20000000298023224 0.09000000357627869 0.09000000357627869 0.0 0.4399999976158142 0.6399999856948853 0.0 0.46000000834465027 0.46000000834465027 0.0 0.46000000834465027 0.0 0.1899999976158142 0.12999999523162842 0.1899999976158142 0.0 0.4399999976158142 0.0 0.4399999976158142 0.3199999928474426 0.18000000715255737 0.0 0.09000000357627869 0.09000000357627869 0.0 0.09000000357627869 0.09000000357627869 0.33000001311302185 0.33000001311302185 0.14000000059604645 0.09000000357627869 0.0 0.4300000071525574 0.0 0.09000000357627869 0.09000000357627869 0.09000000357627869 0.0 0.09000000357627869 0.0 0.09000000357627869 0.09000000357627869 0.09000000357627869 0.0 0.09000000357627869 0.09000000357627869 0.09000000357627869 0.0 0.09000000357627869 0.09000000357627869 0.0 0.09000000357627869 0.09000000357627869 0.0 0.09000000357627869 0.0 0.09000000357627869 0.09000000357627869 0.09000000357627869 0.0 0.09000000357627869 0.09000000357627869 0.09000000357627869 0.0 0.09000000357627869 0.09000000357627869 0.0 0.09000000357627869 0.09000000357627869 0.0 0.09000000357627869 0.05000000074505806 0.09000000357627869 0.09000000357627869 0.550000011920929 0.0 0.0 0.3199999928474426 0.30000001192092896 0.0 0.11999999731779099 0.0 0.11999999731779099 0.0 0.09000000357627869 0.0 0.09000000357627869 0.09000000357627869 0.09000000357627869 0.0 0.09000000357627869 0.09000000357627869 0.0 0.09000000357627869 0.09000000357627869 0.09000000357627869 0.0 0.09000000357627869 0.09000000357627869 0.0 0.09000000357627869 0.6200000047683716 0.0 0.0 0.0 0.09000000357627869 0.09000000357627869 0.0 0.09000000357627869 0.09000000357627869 0.0 0.09000000357627869 0.09000000357627869 0.6200000047683716 0.0 0.0 0.0 0.09000000357627869 0.09000000357627869 0.1899999976158142 0.12999999523162842 0.1899999976158142 0.0 0.4399999976158142 0.0 0.4399999976158142 0.3199999928474426 0.18000000715255737 0.0 0.09000000357627869 0.0 0.09000000357627869 0.09000000357627869 0.09000000357627869 0.0 0.09000000357627869 0.09000000357627869 0.09000000357627869 0.0 0.09000000357627869 0.09000000357627869 0.550000011920929 0.0 0.0 0.3199999928474426 0.30000001192092896 0.0 0.09000000357627869 0.0 0.09000000357627869 0.09000000357627869 0.09000000357627869 0.0 0.09000000357627869 0.09000000357627869 0.09000000357627869 0.09000000357627869 0.0 0.09000000357627869 0.09000000357627869 0.0 0.0 0.11999999731779099 0.0 0.11999999731779099 0.10999999940395355 0.0 0.4300000071525574 0.0 0.11999999731779099 0.0 0.11999999731779099 0.09000000357627869 0.0 0.09000000357627869 0.09000000357627869 0.0 0.09000000357627869 0.09000000357627869 0.0 0.09000000357627869 0.09000000357627869 0.20999999344348907 0.33000001311302185 0.0 0.09000000357627869 0.09000000357627869 0.6200000047683716 0.0 0.0 0.09000000357627869 0.09000000357627869 0.0 0.09000000357627869 0.09000000357627869 0.20000000298023224 0.09000000357627869 0.09000000357627869 0.0 0.4399999976158142 0.6399999856948853 0.0 0.46000000834465027 0.46000000834465027 0.0 0.46000000834465027 0.46000000834465027 0.09000000357627869 0.0 0.09000000357627869 0.09000000357627869 0.0 0.09000000357627869 0.09000000357627869 0.0 0.09000000357627869 0.09000000357627869 0.09000000357627869 0.0 0.09000000357627869 0.0 0.09000000357627869 0.09000000357627869 0.09000000357627869 0.0 0.09000000357627869 0.09000000357627869 0.09000000357627869 0.0 0.09000000357627869 0.09000000357627869 0.1899999976158142 0.12999999523162842 0.1899999976158142 0.0 0.4399999976158142 0.0 0.4399999976158142 0.3199999928474426 0.18000000715255737 0.0 0.4399999976158142 0.6399999856948853 0.0 0.46000000834465027 0.46000000834465027 0.0 0.46000000834465027 0.46000000834465027 0.20000000298023224 0.09000000357627869 0.09000000357627869 0.0 0.4399999976158142 0.6399999856948853 0.0 0.46000000834465027 0.46000000834465027 0.0 0.46000000834465027 0.46000000834465027 0.09000000357627869 0.09000000357627869 0.09000000357627869 0.09000000357627869 0.09000000357627869
184 0.0 0.3199999928474426 0.14000000059604645 0.09000000357627869 0.0 0.4300000071525574 0.0 0.09000000357627869 0.09000000357627869 0.09000000357627869 0.3199999928474426 0.30000001192092896 0.0 0.0 0.09000000357627869 0.09000000357627869 0.09000000357627869 0.0 0.09000000357627869 0.09000000357627869 0.0 0.09000000357627869 0.09000000357627869 0.0 0.09000000357627869 0.09000000357627869 0.0 0.09000000357627869 0.20999999344348907 0.05000000074505806 0.0 0.09000000357627869 0.09000000357627869 0.6200000047683716 0.0 0.0 0.0 0.09000000357627869 0.09000000357627869 0.0 0.09000000357627869 0.09000000357627869 0.20000000298023224 0.09000000357627869 0.09000000357627869 0.0 0.4399999976158142 0.6399999856948853 0.0 0.46000000834465027 0.46000000834465027 0.0 0.46000000834465027 0.09000000357627869 0.05000000074505806 0.09000000357627869 0.09000000357627869 0.0 0.4300000071525574 0.0 0.09000000357627869 0.09000000357627869 0.0 0.09000000357627869 0.0 0.09000000357627869 0.09000000357627869 0.09000000357627869 0.0 0.09000000357627869 0.09000000357627869 0.09000000357627869 0.0 0.09000000357627869 0.09000000357627869 0.0 0.09000000357627869 0.0 0.09000000357627869 0.09000000357627869 0.09000000357627869 0.0 0.09000000357627869 0.09000000357627869 0.09000000357627869 0.0 0.09000000357627869 0.09000000357627869 0.0 0.0 0.11999999731779099 0.0 0.11999999731779099 0.10999999940395355 0.0 0.4300000071525574 0.0 0.0 0.11999999731779099 0.09000000357627869 0.0 0.09000000357627869 0.0 0.09000000357627869 0.09000000357627869 0.09000000357627869 0.0 0.09000000357627869 0.0 0.09000000357627869 0.09000000357627869 0.0 0.09000000357627869 0.09000000357627869 0.0 0.0 0.09000000357627869 0.09000000357627869 0.09000000357627869 0.0 0.09000000357627869 0.09000000357627869 0.1899999976158142 0.12999999523162842 0.1899999976158142 0.0 0.4399999976158142 0.0 0.4399999976158142 0.3199999928474426 0.18000000715255737 0.0 0.09000000357627869 0.0 0.09000000357627869 0.09000000357627869 0.09000000357627869 0.0 0.09000000357627869 0.09000000357627869 0.09000000357627869 0.0 0.09000000357627869 0.6200000047683716 0.0 0.09000000357627869 0.0 0.09000000357627869 0.09000000357627869 0.0 0.1599999964237213 0.09000000357627869 0.09000000357627869 0.09000000357627869 0.05000000074505806 0.09000000357627869 0.09000000357627869 0.0 0.4300000071525574 0.0 0.09000000357627869 0.09000000357627869 0.0 0.09000000357627869 0.09000000357627869 0.20000000298023224 0.09000000357627869 0.09000000357627869 0.0 0.4399999976158142 0.6399999856948853 0.0 0.46000000834465027 0.46000000834465027 0.0 0.46000000834465027 0.46000000834465027 0.0 0.09000000357627869 0.09000000357627869 0.1899999976158142 0.12999999523162842 0.1899999976158142 0.0 0.4399999976158142 0.0 0.4399999976158142 0.3199999928474426 0.18000000715255737 0.0 0.09000000357627869 0.0 0.09000000357627869 0.0 0.09000000357627869 0.09000000357627869 0.09000000357627869 0.0 0.09000000357627869 0.09000000357627869 0.0 0.09000000357627869 0.09000000357627869 0.09000000357627869 0.0 0.09000000357627869 0.09000000357627869 0.09000000357627869 0.09000000357627869 0.0 0.09000000357627869 0.0 0.09000000357627869 0.09000000357627869 0.09000000357627869 0.0 0.09000000357627869 0.09000000357627869 0.09000000357627869 0.0 0.09000000357627869 0.0 0.09000000357627869 0.09000000357627869 0.09000000357627869 0.0 0.09000000357627869 0.09000000357627869 0.09000000357627869
186 0.09000000357627869 0.09000000357627869 0.0 0.09000000357627869 0.09000000357627869 0.0 0.09000000357627869 0.09000000357627869 0.0 0.09000000357627869 0.09000000357627869 0.20999999344348907 0.05000000074505806 0.05000000074505806 0.0 0.33000001311302185 0.33000001311302185 0.33000001311302185 0.0 0.09000000357627869 0.09000000357627869 0.6200000047683716 0.0 0.0 0.0 0.09000000357627869 0.09000000357627869 0.0 0.09000000357627869 0.09000000357627869 0.20000000298023224 0.09000000357627869 0.09000000357627869 0.0 0.4399999976158142 0.05000000074505806 0.09000000357627869 0.09000000357627869 0.0 0.4300000071525574 0.09000000357627869 0.0 0.09000000357627869 0.09000000357627869 0.0 0.09000000357627869 0.0 0.09000000357627869 0.09000000357627869 0.09000000357627869 0.0 0.09000000357627869 0.09000000357627869 0.09000000357627869 0.0 0.09000000357627869 0.09000000357627869 0.0 0.09000000357627869 0.0 0.09000000357627869 0.09000000357627869 0.09000000357627869 0.0 0.09000000357627869 0.09000000357627869 0.09000000357627869 0.0 0.09000000357627869 0.09000000357627869 0.0 0.0 0.11999999731779099 0.0 0.11999999731779099 0.10999999940395355 0.0 0.4300000071525574 0.0 0.11999999731779099 0.0 0.11999999731779099 0.0 0.09000000357627869 0.09000000357627869 0.0 0.09000000357627869 0.0 0.09000000357627869 0.09000000357627869 0.09000000357627869 0.0 0.09000000357627869 0.09000000357627869 0.09000000357627869 0.0 0.09000000357627869 0.09000000357627869 0.1899999976158142 0.12999999523162842 0.1899999976158142 0.0 0.4399999976158142 0.0 0.4399999976158142 0.3199999928474426 0.0 0.09000000357627869 0.6200000047683716 0.0 0.0 0.14000000059604645 0.09000000357627869 0.0 0.4300000071525574 0.0 0.09000000357627869 0.09000000357627869 0.0 0.09000000357627869 0.09000000357627869 0.0 0.09000000357627869 0.0 0.09000000357627869 0.09000000357627869 0.09000000357627869 0.0 0.09000000357627869 0.09000000357627869 0.09000000357627869 0.09000000357627869 0.09000000357627869 0.0 0.09000000357627869 0.0 0.09000000357627869 0.09000000357627869 0.09000000357627869 0.0 0.09000000357627869 0.09000000357627869 0.0 0.09000000357627869 0.09000000357627869 0.09000000357627869 0.0 0.09000000357627869 0.09000000357627869 0.0 0.09000000357627869 0.09000000357627869 0.0 0.09000000357627869 0.09000000357627869 0.0 0.09000000357627869 0.0 0.09000000357627869 0.09000000357627869 0.09000000357627869 0.0 0.09000000357627869 0.09000000357627869 0.09000000357627869 0.0 0.09000000357627869 0.09000000357627869 0.1899999976158142 0.12999999523162842 0.1899999976158142 0.0 0.0 0.4399999976158142 0.3199999928474426 0.18000000715255737 0.0 0.09000000357627869 0.0 0.09000000357627869 0.09000000357627869 0.0 0.09000000357627869 0.09000000357627869 0.09000000357627869 0.09000000357627869 0.1599999964237213 0.09000000357627869 0.09000000357627869 0.0 0.09000000357627869 0.09000000357627869 0.09000000357627869 0.0 0.6200000047683716 0.0 0.05000000074505806 0.09000000357627869 0.09000000357627869 0.0 0.4300000071525574 0.09000000357627869 0.0 0.09000000357627869 0.09000000357627869 0.09000000357627869 0.0 0.09000000357627869 0.09000000357627869 0.0 0.2199999988079071 0.05000000074505806 0.09000000357627869 0.09000000357627869 0.0 0.4300000071525574 0.05000000074505806 0.09000000357627869 0.0 0.4300000071525574 0.0 0.09000000357627869 0.09000000357627869 0.0 0.09000000357627869 0.09000000357627869 0.20000000298023224 0.09000000357627869 0.09000000357627869 0.0 0.4399999976158142 0.6399999856948853 0.0 0.46000000834465027 0.46000000834465027 0.0 0.46000000834465027 0.46000000834465027 0.0 0.09000000357627869 0.09000000357627869 0.1899999976158142 0.12999999523162842 0.1899999976158142 0.0 0.4399999976158142 0.0 0.4399999976158142 0.3199999928474426 0.18000000715255737 0.0 0.09000000357627869 0.09000000357627869 0.0 0.09000000357627869 0.0 0.09000000357627869 0.09000000357627869 0.09000000357627869 0.0 0.09000000357627869 0.09000000357627869 0.0 0.09000000357627869 0.09000000357627869 0.09000000357627869 0.0 0.09000000357627869 0.09000000357627869 0.0 0.09000000357627869 0.0 0.09000000357627869 0.09000000357627869 0.0 0.09000000357627869 0.09000000357627869 0.0 0.09000000357627869 0.0 0.09000000357627869 0.09000000357627869 0.09000000357627869 0.0 0.09000000357627869 0.09000000357627869 0.09000000357627869 0.09000000357627869 0.09000000357627869
193 0.05000000074505806 0.09000000357627869 0.09000000357627869 0.0 0.0 0.09000000357627869 0.0 0.09000000357627869 0.09000000357627869 0.0 0.09000000357627869 0.0 0.09000000357627869 0.09000000357627869 0.0 0.0 0.11999999731779099 0.0 0.11999999731779099 0.10999999940395355 0.0 0.4300000071525574 0.0 0.11999999731779099 0.0 0.11999999731779099 0.0 0.09000000357627869 0.09000000357627869 0.0 0.09000000357627869 0.0 0.09000000357627869 0.09000000357627869 0.09000000357627869 0.0 0.09000000357627869 0.09000000357627869 0.09000000357627869 0.0 0.09000000357627869 0.09000000357627869 0.1899999976158142 0.12999999523162842 0.1899999976158142 0.0 0.4399999976158142 0.0 0.4399999976158142 0.3199999928474426 0.18000000715255737 0.0 0.09000000357627869 0.09000000357627869 0.6200000047683716 0.0 0.0 0.0 0.09000000357627869 0.09000000357627869 0.0 0.09000000357627869 0.0 0.09000000357627869 0.09000000357627869 0.09000000357627869 0.0 0.09000000357627869 0.09000000357627869 0.09000000357627869 0.0 0.09000000357627869 0.09000000357627869 0.0 0.09000000357627869 0.09000000357627869 0.6200000047683716 0.0 0.0 0.0 0.09000000357627869 0.09000000357627869 0.6200000047683716 0.0 0.0 0.0 0.09000000357627869 0.0 0.09000000357627869 0.09000000357627869 0.09000000357627869 0.0 0.09000000357627869 0.09000000357627869 0.0 0.09000000357627869 0.09000000357627869 0.09000000357627869 0.0 0.09000000357627869 0.09000000357627869 0.0 0.09000000357627869 0.09000000357627869 0.0 0.09000000357627869 0.09000000357627869 0.20999999344348907 0.0 0.33000001311302185 0.33000001311302185 0.0 0.09000000357627869 0.09000000357627869 0.0 0.09000000357627869 0.09000000357627869 0.20000000298023224 0.09000000357627869 0.0 0.4399999976158142 0.6399999856948853 0.0 0.46000000834465027 0.46000000834465027 0.0 0.09000000357627869 0.09000000357627869 0.09000000357627869 0.0 0.09000000357627869 0.550000011920929 0.0 0.3199999928474426 0.30000001192092896 0.09000000357627869 0.0 0.0 0.0 0.09000000357627869 0.09000000357627869 0.0 0.09000000357627869 0.0 0.09000000357627869 0.09000000357627869 0.09000000357627869 0.0 0.09000000357627869 0.09000000357627869 0.09000000357627869 0.09000000357627869 0.0 0.09000000357627869 0.09000000357627869 0.0 0.09000000357627869 0.09000000357627869 0.0 0.09000000357627869 0.09000000357627869 0.0 0.09000000357627869 0.0 0.09000000357627869 0.09000000357627869 0.09000000357627869 0.09000000357627869 0.0 0.0 0.09000000357627869 0.0 0.09000000357627869 0.09000000357627869 0.09000000357627869 0.0 0.09000000357627869 0.09000000357627869 0.0 0.09000000357627869 0.0 0.09000000357627869 0.09000000357627869 0.09000000357627869 0.0 0.09000000357627869 0.09000000357627869 0.09000000357627869 0.0 0.09000000357627869 0.09000000357627869 0.6200000047683716 0.0 0.0 0.05000000074505806 0.09000000357627869 0.09000000357627869 0.0 0.4300000071525574 0.0 0.09000000357627869 0.09000000357627869 0.0 0.09000000357627869 0.0 0.09000000357627869 0.09000000357627869 0.09000000357627869 0.0 0.09000000357627869 0.09000000357627869 0.09000000357627869 0.05000000074505806 0.09000000357627869 0.09000000357627869 0.0 0.4300000071525574 0.09000000357627869 0.0 0.09000000357627869 0.09000000357627869 0.0 0.09000000357627869 0.09000000357627869 0.0 0.0 0.09000000357627869 0.09000000357627869 0.09000000357627869 0.0 0.09000000357627869 0.0 0.09000000357627869 0.09000000357627869 0.20000000298023224 0.09000000357627869 0.0 0.4399999976158142 0.6399999856948853 0.0 0.46000000834465027 0.46000000834465027 0.0 0.46000000834465027 0.46000000834465027 0.05000000074505806 0.09000000357627869 0.09000000357627869 0.0 0.4300000071525574 0.0 0.09000000357627869 0.09000000357627869 0.0 0.1599999964237213 0.09000000357627869 0.0 0.09000000357627869 0.09000000357627869 0.09000000357627869 0.09000000357627869 0.17000000178813934 0.09000000357627869 0.0 0.09000000357627869 0.09000000357627869 0.0 0.09000000357627869 0.09000000357627869 0.09000000357627869 0.0 0.09000000357627869 0.09000000357627869 0.0 0.09000000357627869 0.0 0.09000000357627869 0.09000000357627869 0.09000000357627869 0.0 0.09000000357627869 0.09000000357627869 0.09000000357627869 0.09000000357627869 0.0 0.09000000357627869 0.09000000357627869 0.0 0.09000000357627869 0.0 0.09000000357627869 0.09000000357627869 0.09000000357627869 0.0 0.09000000357627869 0.09000000357627869 0.09000000357627869 0.0 0.09000000357627869 0.09000000357627869 0.0 0.09000000357627869 0.09000000357627869 0.0 0.09000000357627869 0.09000000357627869 0.0 0.09000000357627869 0.550000011920929 0.0 0.0 0.3199999928474426 0.30000001192092896 0.0 0.09000000357627869 0.09000000357627869 0.0 0.09000000357627869 0.0 0.09000000357627869 0.09000000357627869 0.09000000357627869 0.0 0.09000000357627869 0.09000000357627869 0.09000000357627869 0.0 0.09000000357627869 0.0 0.09000000357627869 0.09000000357627869 0.0 0.09000000357627869 0.0 0.09000000357627869 0.09000000357627869 0.09000000357627869 0.0 0.09000000357627869 0.09000000357627869 0.09000000357627869
2 0.0 0.09000000357627869 0.09000000357627869 0.0 0.09000000357627869 0.09000000357627869 0.0 0.0 0.09000000357627869 0.09000000357627869 0.09000000357627869 0.0 0.09000000357627869 0.09000000357627869 0.0 0.09000000357627869 0.09000000357627869 0.550000011920929 0.0 0.0 0.3199999928474426 0.30000001192092896 0.0 0.09000000357627869 0.09000000357627869 0.0 0.09000000357627869 0.09000000357627869 0.0 0.09000000357627869 0.09000000357627869 0.0 0.09000000357627869 0.09000000357627869 0.0 0.09000000357627869 0.09000000357627869 0.0 0.09000000357627869 0.09000000357627869 0.09000000357627869 0.09000000357627869
203 0.33000001311302185 0.09000000357627869 0.0 0.09000000357627869 0.09000000357627869 0.0 0.09000000357627869 0.09000000357627869 0.6200000047683716 0.0 0.0 0.0 0.09000000357627869 0.09000000357627869 0.6200000047683716 0.0 0.0 0.09000000357627869 0.0 0.09000000357627869 0.09000000357627869 0.09000000357627869 0.0 0.09000000357627869 0.0 0.09000000357627869 0.09000000357627869 0.0 0.09000000357627869 0.09000000357627869 0.0 0.09000000357627869 0.09000000357627869 0.20999999344348907 0.05000000074505806 0.05000000074505806 0.0 0.33000001311302185 0.33000001311302185 0.33000001311302185 0.0 0.09000000357627869 0.09000000357627869 0.0 0.09000000357627869 0.09000000357627869 0.20000000298023224 0.09000000357627869 0.09000000357627869 0.0 0.4399999976158142 0.6399999856948853 0.0 0.46000000834465027 0.46000000834465027 0.0 0.46000000834465027 0.46000000834465027 0.0 0.09000000357627869 0.09000000357627869 0.09000000357627869 0.0 0.09000000357627869 0.09000000357627869 0.550000011920929 0.0 0.0 0.3199999928474426 0.30000001192092896 0.0 0.09000000357627869 0.09000000357627869 0.0 0.09000000357627869 0.09000000357627869 0.0 0.09000000357627869 0.09000000357627869 0.20999999344348907 0.05000000074505806 0.05000000074505806 0.0 0.33000001311302185 0.33000001311302185 0.33000001311302185 0.0 0.09000000357627869 0.09000000357627869 0.0 0.09000000357627869 0.09000000357627869 0.550000011920929 0.0 0.0 0.3199999928474426 0.30000001192092896 0.0 0.09000000357627869 0.09000000357627869 0.0 0.09000000357627869 0.09000000357627869 0.6200000047683716 0.0 0.0 0.0 0.09000000357627869 0.09000000357627869 0.0 0.1599999964237213 0.09000000357627869 0.09000000357627869 0.09000000357627869 0.09000000357627869 0.0 0.09000000357627869 0.09000000357627869 0.09000000357627869 0.0 0.09000000357627869 0.09000000357627869 0.0 0.09000000357627869
22 0.09000000357627869 0.09000000357627869 0.0 0.09000000357627869 0.09000000357627869 0.09000000357627869 0.0 0.09000000357627869 0.09000000357627869 0.0 0.09000000357627869 0.09000000357627869 0.0 0.09000000357627869 0.09000000357627869 0.0 0.09000000357627869 0.09000000357627869 0.0 0.09000000357627869 0.09000000357627869 0.550000011920929 0.0 0.0 0.3199999928474426 0.30000001192092896 0.05000000074505806 0.09000000357627869 0.09000000357627869 0.0 0.4300000071525574 0.05000000074505806 0.09000000357627869 0.09000000357627869 0.0 0.4300000071525574 0.05000000074505806 0.09000000357627869 0.09000000357627869 0.0 0.4300000071525574
224 0.0 0.09000000357627869 0.550000011920929 0.0 0.0 0.3199999928474426 0.30000001192092896 0.0 0.09000000357627869 0.09000000357627869 0.0 0.1599999964237213 0.0 0.09000000357627869 0.09000000357627869 0.0 0.09000000357627869 0.09000000357627869 0.0 0.09000000357627869 0.20999999344348907 0.05000000074505806 0.05000000074505806 0.0 0.33000001311302185 0.33000001311302185 0.09000000357627869 0.05000000074505806 0.09000000357627869 0.09000000357627869 0.0 0.4300000071525574 0.0 0.09000000357627869 0.0 0.09000000357627869 0.09000000357627869 0.0 0.09000000357627869 0.0 0.09000000357627869 0.09000000357627869 0.09000000357627869 0.0 0.09000000357627869 0.09000000357627869 0.09000000357627869 0.0 0.11999999731779099 0.0 0.11999999731779099 0.0 0.11999999731779099 0.0 0.09000000357627869 0.09000000357627869 0.0 0.1599999964237213 0.0 0.09000000357627869 0.09000000357627869 0.0 0.09000000357627869 0.0 0.09000000357627869 0.09000000357627869 0.09000000357627869 0.0 0.09000000357627869 0.09000000357627869 0.09000000357627869 0.0 0.09000000357627869 0.09000000357627869 0.0 0.09000000357627869 0.09000000357627869 0.20000000298023224 0.09000000357627869 0.0 0.09000000357627869 0.09000000357627869 0.0 0.09000000357627869 0.09000000357627869 0.0 0.0 0.11999999731779099 0.0 0.11999999731779099 0.0 0.11999999731779099 0.0 0.11999999731779099 0.0 0.11999999731779099 0.10999999940395355 0.0 0.4300000071525574 0.0 0.11999999731779099 0.0 0.09000000357627869 0.0 0.09000000357627869 0.09000000357627869 0.09000000357627869 0.09000000357627869 0.0 0.09000000357627869 0.0 0.09000000357627869 0.09000000357627869 0.09000000357627869 0.0 0.09000000357627869 0.09000000357627869 0.09000000357627869 0.0 0.09000000357627869 0.0 0.0 0.0 0.09000000357627869 0.09000000357627869 0.12999999523162842 0.1899999976158142 0.0 0.09000000357627869 0.09000000357627869 0.0 0.09000000357627869 0.09000000357627869 0.0 0.09000000357627869 0.0 0.09000000357627869 0.09000000357627869 0.09000000357627869 0.0 0.09000000357627869 0.09000000357627869 0.09000000357627869 0.0 0.09000000357627869 0.0 0.09000000357627869 0.09000000357627869 0.09000000357627869 0.0 0.09000000357627869 0.09000000357627869 0.09000000357627869 0.0 0.09000000357627869 0.09000000357627869 0.1899999976158142 0.12999999523162842 0.1899999976158142 0.0 0.4399999976158142 0.0 0.4399999976158142 0.3199999928474426 0.18000000715255737 0.0 0.09000000357627869 0.09000000357627869 0.09000000357627869 0.0 0.09000000357627869 0.0 0.09000000357627869 0.09000000357627869 0.09000000357627869 0.0 0.09000000357627869 0.09000000357627869 0.09000000357627869 0.0 0.09000000357627869 0.09000000357627869 0.0 0.09000000357627869 0.09000000357627869 0.20000000298023224 0.09000000357627869 0.09000000357627869 0.0 0.4399999976158142 0.6399999856948853 0.0 0.46000000834465027 0.46000000834465027 0.0 0.46000000834465027 0.46000000834465027 0.0 0.09000000357627869 0.09000000357627869 0.09000000357627869 0.0 0.09000000357627869 0.09000000357627869 0.0 0.09000000357627869 0.0 0.09000000357627869 0.09000000357627869 0.09000000357627869 0.0 0.09000000357627869 0.09000000357627869 0.09000000357627869 0.0 0.09000000357627869 0.0 0.09000000357627869 0.09000000357627869 0.09000000357627869 0.0 0.09000000357627869 0.09000000357627869 0.09000000357627869 0.09000000357627869 0.0 0.09000000357627869 0.09000000357627869 0.0 0.09000000357627869 0.09000000357627869 0.20000000298023224 0.09000000357627869 0.09000000357627869 0.0 0.4399999976158142 0.0 0.09000000357627869 0.09000000357627869 0.0 0.09000000357627869 0.09000000357627869 0.6200000047683716 0.0 0.0 0.0 0.09000000357627869 0.09000000357627869 0.0 0.09000000357627869 0.0 0.09000000357627869 0.09000000357627869 0.09000000357627869 0.0 0.09000000357627869 0.09000000357627869 0.09000000357627869 0.0 0.09000000357627869 0.09000000357627869 0.0 0.0 0.11999999731779099 0.0 0.11999999731779099 0.0 0.11999999731779099 0.0 0.11999999731779099 0.0 0.11999999731779099 0.0 0.09000000357627869 0.09000000357627869 0.0 0.0 0.2199999988079071 0.0 0.3700000047683716 0.23999999463558197 0.10999999940395355 0.0 0.17000000178813934 0.0 0.14000000059604645 0.0 0.1599999964237213 0.0 0.0 0.09000000357627869 0.09000000357627869 0.1899999976158142 0.0 0.09000000357627869 0.09000000357627869 0.09000000357627869 0.0 0.09000000357627869 0.09000000357627869 0.0 0.09000000357627869 0.0 0.09000000357627869 0.09000000357627869 0.09000000357627869 0.0 0.09000000357627869 0.09000000357627869 0.09000000357627869 0.0 0.09000000357627869 0.0 0.09000000357627869 0.09000000357627869 0.20000000298023224 0.09000000357627869 0.0 0.4399999976158142 0.09000000357627869 0.09000000357627869 0.0 0.09000000357627869 0.09000000357627869 0.09000000357627869 0.09000000357627869 0.0 0.09000000357627869 0.09000000357627869 0.0 0.09000000357627869 0.0 0.09000000357627869 0.09000000357627869 0.09000000357627869 0.0 0.09000000357627869 0.09000000357627869 0.09000000357627869 0.09000000357627869 0.09000000357627869 0.0 0.09000000357627869 0.09000000357627869 0.0 0.09000000357627869 0.0 0.09000000357627869 0.09000000357627869 0.09000000357627869 0.0 0.09000000357627869 0.09000000357627869 0.09000000357627869 0.09000000357627869 0.0 0.46000000834465027 0.46000000834465027 0.0 0.09000000357627869 0.09000000357627869 0.0 0.09000000357627869 0.0 0.09000000357627869 0.09000000357627869 0.09000000357627869 0.0 0.09000000357627869 0.0 0.09000000357627869 0.09000000357627869 0.09000000357627869 0.0 0.09000000357627869 0.09000000357627869 0.0 0.09000000357627869 0.09000000357627869 0.09000000357627869 0.0 0.09000000357627869 0.0 0.09000000357627869 0.09000000357627869 0.09000000357627869 0.0 0.09000000357627869 0.0 0.09000000357627869 0.09000000357627869 0.09000000357627869 0.0 0.09000000357627869 0.09000000357627869 0.0 0.0 0.09000000357627869 0.09000000357627869 0.0 0.09000000357627869 0.09000000357627869 0.0 0.09000000357627869 0.09000000357627869 0.0 0.09000000357627869 0.0 0.09000000357627869 0.09000000357627869 0.09000000357627869 0.0 0.09000000357627869 0.09000000357627869 0.0 0.09000000357627869 0.09000000357627869 0.0 0.09000000357627869 0.0 0.09000000357627869 0.09000000357627869 0.09000000357627869 0.0 0.09000000357627869 0.0 0.09000000357627869 0.09000000357627869 0.09000000357627869 0.0 0.09000000357627869 0.09000000357627869 0.09000000357627869 0.09000000357627869 0.09000000357627869 0.09000000357627869
23 0.09000000357627869 0.0 0.09000000357627869 0.09000000357627869 0.0 0.09000000357627869 0.09000000357627869 0.0 0.09000000357627869 0.09000000357627869 0.0 0.09000000357627869 0.09000000357627869 0.0 0.09000000357627869 0.09000000357627869 0.550000011920929 0.0 0.0 0.14000000059604645 0.09000000357627869 0.0 0.4300000071525574 0.0 0.09000000357627869 0.09000000357627869 0.09000000357627869 0.05000000074505806 0.09000000357627869 0.09000000357627869 0.0 0.4300000071525574 0.05000000074505806 0.09000000357627869 0.09000000357627869 0.0 0.4300000071525574 0.0 0.09000000357627869 0.09000000357627869 0.0 0.09000000357627869 0.0 0.09000000357627869 0.09000000357627869 0.09000000357627869 0.0 0.09000000357627869 0.09000000357627869
24 0.09000000357627869 0.0 0.09000000357627869 0.09000000357627869 0.0 0.09000000357627869 0.09000000357627869 0.550000011920929 0.0 0.14000000059604645 0.09000000357627869 0.0 0.4300000071525574 0.0 0.09000000357627869 0.09000000357627869 0.09000000357627869 0.05000000074505806 0.09000000357627869 0.09000000357627869 0.0 0.4300000071525574 0.05000000074505806 0.09000000357627869 0.09000000357627869 0.0 0.4300000071525574 0.0 0.09000000357627869 0.09000000357627869 0.0 0.09000000357627869 0.0 0.09000000357627869 0.09000000357627869 0.09000000357627869 0.0 0.09000000357627869 0.09000000357627869 0.09000000357627869 0.0 0.09000000357627869 0.09000000357627869 0.09000000357627869
25 0.14000000059604645 0.09000000357627869 0.0 0.4300000071525574 0.0 0.09000000357627869 0.09000000357627869 0.05000000074505806 0.09000000357627869 0.09000000357627869 0.0 0.4300000071525574 0.05000000074505806 0.09000000357627869 0.09000000357627869 0.0 0.4300000071525574 0.0 0.09000000357627869 0.09000000357627869 0.0 0.09000000357627869 0.0 0.09000000357627869 0.09000000357627869 0.09000000357627869 0.0 0.09000000357627869 0.09000000357627869 0.09000000357627869 0.0 0.09000000357627869 0.09000000357627869 0.09000000357627869 0.0 0.09000000357627869 0.09000000357627869 0.09000000357627869
307 0.05000000074505806 0.09000000357627869 0.09000000357627869 0.0 0.09000000357627869 0.09000000357627869 0.0 0.0 0.09000000357627869 0.09000000357627869 0.0 0.0 0.11999999731779099 0.0 0.11999999731779099 0.10999999940395355 0.0 0.4300000071525574 0.0 0.11999999731779099 0.0 0.11999999731779099 0.0 0.09000000357627869 0.09000000357627869 0.0 0.09000000357627869 0.0 0.09000000357627869 0.09000000357627869 0.09000000357627869 0.0 0.09000000357627869 0.09000000357627869 0.09000000357627869 0.0 0.09000000357627869 0.09000000357627869 0.1899999976158142 0.12999999523162842 0.1899999976158142 0.0 0.4399999976158142 0.3199999928474426 0.0 0.09000000357627869 0.09000000357627869 0.6200000047683716 0.0 0.0 0.14000000059604645 0.09000000357627869 0.0 0.4300000071525574 0.0 0.09000000357627869 0.09000000357627869 0.09000000357627869 0.0 0.09000000357627869 0.09000000357627869 0.0 0.09000000357627869 0.0 0.09000000357627869 0.09000000357627869 0.09000000357627869 0.0 0.09000000357627869 0.09000000357627869 0.09000000357627869 0.09000000357627869 0.09000000357627869 0.0 0.09000000357627869 0.09000000357627869 0.6200000047683716 0.0 0.0 0.09000000357627869 0.0 0.09000000357627869 0.09000000357627869 0.09000000357627869 0.09000000357627869 0.0 0.09000000357627869 0.0 0.09000000357627869 0.09000000357627869 0.09000000357627869 0.09000000357627869 0.0 0.09000000357627869 0.09000000357627869 0.0 0.09000000357627869 0.0 0.09000000357627869 0.09000000357627869 0.09000000357627869 0.0 0.09000000357627869 0.09000000357627869 0.09000000357627869 0.0 0.09000000357627869 0.09000000357627869 0.6200000047683716 0.0 0.0 0.0 0.09000000357627869 0.09000000357627869 0.0 0.09000000357627869 0.0 0.09000000357627869 0.09000000357627869 0.09000000357627869 0.0 0.09000000357627869 0.09000000357627869 0.09000000357627869 0.05000000074505806 0.09000000357627869 0.09000000357627869 0.0 0.4300000071525574 0.09000000357627869 0.0 0.09000000357627869 0.09000000357627869 0.0 0.09000000357627869 0.09000000357627869 0.0 0.0 0.09000000357627869 0.09000000357627869 0.09000000357627869 0.0 0.09000000357627869 0.09000000357627869 0.0 0.09000000357627869 0.09000000357627869 0.20000000298023224 0.09000000357627869 0.09000000357627869 0.0 0.4399999976158142 0.6399999856948853 0.0 0.46000000834465027 0.46000000834465027 0.0 0.46000000834465027 0.46000000834465027 0.05000000074505806 0.09000000357627869 0.09000000357627869 0.0 0.4300000071525574 0.09000000357627869 0.0 0.09000000357627869 0.09000000357627869 0.0 0.0 0.11999999731779099 0.05000000074505806 0.09000000357627869 0.09000000357627869 0.0 0.4300000071525574 0.0 0.09000000357627869 0.09000000357627869 0.09000000357627869 0.0 0.09000000357627869 0.09000000357627869 0.0 0.0 0.0 0.23999999463558197 0.10999999940395355 0.0 0.17000000178813934 0.0 0.14000000059604645 0.0 0.0 0.14000000059604645 0.05000000074505806 0.09000000357627869 0.09000000357627869 0.0 0.4300000071525574 0.05000000074505806 0.09000000357627869 0.09000000357627869 0.0 0.4300000071525574 0.09000000357627869 0.20000000298023224 0.09000000357627869 0.09000000357627869 0.0 0.6399999856948853 0.0 0.46000000834465027 0.46000000834465027 0.0 0.46000000834465027 0.0 0.09000000357627869 0.09000000357627869 0.0 0.09000000357627869 0.09000000357627869 0.09000000357627869 0.0 0.09000000357627869 0.0 0.09000000357627869 0.09000000357627869 0.09000000357627869 0.0 0.09000000357627869 0.09000000357627869 0.09000000357627869 0.0 0.09000000357627869 0.0 0.09000000357627869 0.0 0.09000000357627869 0.09000000357627869 0.09000000357627869 0.0 0.09000000357627869 0.09000000357627869 0.09000000357627869 0.09000000357627869 0.0 0.09000000357627869 0.0 0.09000000357627869 0.09000000357627869 0.09000000357627869
309 0.0 0.09000000357627869 0.09000000357627869 0.0 0.0 0.11999999731779099 0.0 0.11999999731779099 0.0 0.09000000357627869 0.0 0.09000000357627869 0.0 0.09000000357627869 0.09000000357627869 0.09000000357627869 0.0 0.09000000357627869 0.09000000357627869 0.4399999976158142 0.0 0.09000000357627869 0.09000000357627869 0.6200000047683716 0.0 0.0 0.14000000059604645 0.09000000357627869 0.0 0.4300000071525574 0.0 0.09000000357627869 0.09000000357627869 0.09000000357627869 0.09000000357627869 0.0 0.09000000357627869 0.09000000357627869 0.0 0.09000000357627869 0.09000000357627869 0.6200000047683716 0.0 0.0 0.05000000074505806 0.09000000357627869 0.09000000357627869 0.0 0.4300000071525574 0.0 0.09000000357627869 0.09000000357627869 0.0 0.09000000357627869 0.0 0.09000000357627869 0.09000000357627869 0.09000000357627869 0.0 0.09000000357627869 0.09000000357627869 0.09000000357627869 0.09000000357627869 0.0 0.09000000357627869 0.09000000357627869 0.0 0.09000000357627869 0.09000000357627869 0.0 0.0 0.09000000357627869 0.09000000357627869 0.09000000357627869 0.0 0.09000000357627869 0.09000000357627869 0.0 0.09000000357627869 0.09000000357627869 0.20000000298023224 0.09000000357627869 0.09000000357627869 0.0 0.4399999976158142 0.6399999856948853 0.0 0.46000000834465027 0.46000000834465027 0.0 0.46000000834465027 0.46000000834465027 0.05000000074505806 0.09000000357627869 0.09000000357627869 0.0 0.4300000071525574 0.05000000074505806 0.09000000357627869 0.09000000357627869 0.0 0.4300000071525574 0.09000000357627869 0.0 0.09000000357627869 0.09000000357627869 0.0 0.0 0.11999999731779099 0.11999999731779099 0.05000000074505806 0.09000000357627869 0.09000000357627869 0.0 0.4300000071525574 0.17000000178813934 0.0 0.14000000059604645 0.05000000074505806 0.09000000357627869 0.09000000357627869 0.0 0.4300000071525574 0.0 0.09000000357627869 0.09000000357627869 0.09000000357627869 0.09000000357627869 0.09000000357627869 0.09000000357627869 0.09000000357627869 0.550000011920929 0.0 0.3199999928474426 0.30000001192092896 0.6200000047683716 0.0 0.0 0.05000000074505806 0.09000000357627869 0.09000000357627869 0.0 0.4300000071525574
31 0.0 0.09000000357627869 0.09000000357627869 0.0 0.09000000357627869 0.09000000357627869 0.09000000357627869 0.0 0.09000000357627869 0.09000000357627869 0.09000000357627869 0.0 0.09000000357627869 0.09000000357627869 0.0 0.09000000357627869 0.09000000357627869 0.0 0.09000000357627869 0.09000000357627869 0.09000000357627869 0.09000000357627869
313 0.0 0.4300000071525574 0.3199999928474426 0.0 0.09000000357627869 0.09000000357627869 0.6200000047683716 0.0 0.0 0.05000000074505806 0.09000000357627869 0.09000000357627869 0.0 0.4300000071525574 0.0 0.09000000357627869 0.09000000357627869 0.0 0.09000000357627869 0.09000000357627869 0.0 0.09000000357627869 0.09000000357627869 0.05000000074505806 0.09000000357627869 0.09000000357627869 0.0 0.4300000071525574 0.09000000357627869 0.0 0.09000000357627869 0.09000000357627869 0.0 0.09000000357627869 0.09000000357627869 0.0 0.0 0.09000000357627869 0.09000000357627869 0.09000000357627869 0.0 0.09000000357627869 0.09000000357627869 0.0 0.09000000357627869 0.09000000357627869 0.20000000298023224 0.09000000357627869 0.09000000357627869 0.0 0.4399999976158142 0.6399999856948853 0.0 0.46000000834465027 0.46000000834465027 0.0 0.46000000834465027 0.46000000834465027 0.05000000074505806 0.09000000357627869 0.09000000357627869 0.0 0.4300000071525574 0.09000000357627869 0.0 0.09000000357627869 0.09000000357627869 0.6200000047683716 0.0 0.0 0.0 0.09000000357627869 0.09000000357627869 0.0 0.0 0.11999999731779099 0.0 0.11999999731779099 0.10999999940395355 0.0 0.4300000071525574 0.0 0.11999999731779099 0.0 0.11999999731779099 0.05000000074505806 0.09000000357627869 0.09000000357627869 0.0 0.4300000071525574 0.09000000357627869 0.09000000357627869 0.10999999940395355 0.0 0.17000000178813934 0.0 0.14000000059604645 0.0 0.0 0.14000000059604645 0.05000000074505806 0.09000000357627869 0.09000000357627869 0.0 0.4300000071525574 0.05000000074505806 0.09000000357627869 0.0 0.4300000071525574 0.0 0.09000000357627869 0.09000000357627869 0.09000000357627869 0.0 0.09000000357627869 0.0 0.09000000357627869 0.0 0.09000000357627869 0.09000000357627869 0.20999999344348907 0.05000000074505806 0.0 0.33000001311302185 0.33000001311302185 0.33000001311302185 0.2199999988079071 0.0 0.4399999976158142 0.6399999856948853 0.0 0.46000000834465027 0.46000000834465027 0.0 0.46000000834465027 0.46000000834465027 0.14000000059604645 0.0 0.4300000071525574 0.0 0.09000000357627869 0.09000000357627869 0.09000000357627869 0.09000000357627869 0.0 0.09000000357627869 0.0 0.09000000357627869 0.09000000357627869 0.0 0.09000000357627869 0.09000000357627869 0.0 0.09000000357627869 0.09000000357627869 0.550000011920929 0.0 0.0 0.3199999928474426 0.30000001192092896 0.46000000834465027 0.0 0.46000000834465027 0.46000000834465027 0.05000000074505806 0.09000000357627869 0.09000000357627869 0.0 0.4300000071525574
314 0.0 0.3199999928474426 0.30000001192092896 0.09000000357627869 0.0 0.05000000074505806 0.09000000357627869 0.09000000357627869 0.09000000357627869 0.0 0.09000000357627869 0.09000000357627869 0.0 0.09000000357627869 0.0 0.09000000357627869 0.09000000357627869 0.0 0.09000000357627869 0.09000000357627869 0.20000000298023224 0.09000000357627869 0.09000000357627869 0.05000000074505806 0.09000000357627869 0.09000000357627869 0.0 0.4300000071525574 0.09000000357627869 0.0 0.09000000357627869 0.09000000357627869 0.6200000047683716 0.0 0.0 0.0 0.09000000357627869 0.09000000357627869 0.0 0.0 0.11999999731779099 0.0 0.10999999940395355 0.0 0.4300000071525574 0.0 0.11999999731779099 0.0 0.11999999731779099 0.05000000074505806 0.09000000357627869 0.09000000357627869 0.0 0.4300000071525574 0.09000000357627869 0.14000000059604645 0.09000000357627869 0.0 0.09000000357627869 0.0 0.09000000357627869 0.0 0.09000000357627869 0.09000000357627869 0.20999999344348907 0.05000000074505806 0.05000000074505806 0.0 0.33000001311302185 0.33000001311302185 0.33000001311302185 0.2199999988079071 0.0 0.3700000047683716 0.0 0.09000000357627869 0.09000000357627869 0.0 0.09000000357627869 0.09000000357627869 0.20000000298023224 0.09000000357627869 0.09000000357627869 0.0 0.4399999976158142 0.6399999856948853 0.0 0.46000000834465027 0.46000000834465027 0.0 0.46000000834465027 0.46000000834465027 0.14000000059604645 0.09000000357627869 0.0 0.4300000071525574 0.0 0.09000000357627869 0.09000000357627869 0.09000000357627869 0.09000000357627869 0.0 0.09000000357627869 0.09000000357627869 0.0 0.09000000357627869 0.09000000357627869 0.0 0.09000000357627869 0.09000000357627869 0.550000011920929 0.0 0.0 0.3199999928474426 0.30000001192092896 0.05000000074505806 0.09000000357627869 0.0 0.09000000357627869 0.0 0.09000000357627869 0.09000000357627869 0.0 0.11999999731779099 0.0 0.09000000357627869 0.09000000357627869 0.20000000298023224 0.09000000357627869 0.09000000357627869 0.0 0.4399999976158142 0.6399999856948853 0.0 0.46000000834465027 0.46000000834465027 0.0 0.46000000834465027 0.46000000834465027 0.0 0.09000000357627869 0.09000000357627869 0.09000000357627869 0.0 0.09000000357627869 0.09000000357627869 0.0 0.09000000357627869 0.09000000357627869 0.0 0.09000000357627869 0.09000000357627869 0.20999999344348907 0.05000000074505806 0.05000000074505806 0.0 0.33000001311302185 0.33000001311302185 0.09000000357627869 0.0 0.09000000357627869 0.09000000357627869 0.1899999976158142 0.12999999523162842 0.1899999976158142 0.0 0.4399999976158142 0.0 0.4399999976158142 0.3199999928474426 0.18000000715255737 0.05000000074505806 0.09000000357627869 0.09000000357627869 0.0 0.4300000071525574
318 0.09000000357627869 0.0 0.10999999940395355 0.0 0.4300000071525574 0.0 0.11999999731779099 0.0 0.11999999731779099 0.0 0.09000000357627869 0.0 0.09000000357627869 0.0 0.09000000357627869 0.09000000357627869 0.0 0.09000000357627869 0.09000000357627869 0.09000000357627869 0.14000000059604645 0.09000000357627869 0.0 0.4300000071525574 0.0 0.09000000357627869 0.09000000357627869 0.09000000357627869 0.09000000357627869 0.09000000357627869 0.0 0.09000000357627869 0.09000000357627869 0.550000011920929 0.0 0.0 0.3199999928474426 0.30000001192092896 0.0 0.09000000357627869 0.0 0.09000000357627869 0.09000000357627869 0.09000000357627869 0.0 0.09000000357627869 0.09000000357627869 0.0 0.09000000357627869 0.09000000357627869 0.09000000357627869 0.0 0.09000000357627869 0.0 0.09000000357627869 0.09000000357627869 0.09000000357627869 0.0 0.09000000357627869 0.0 0.09000000357627869 0.09000000357627869 0.09000000357627869 0.0 0.09000000357627869 0.09000000357627869 0.0 0.09000000357627869 0.0 0.09000000357627869 0.09000000357627869 0.0 0.09000000357627869 0.0 0.09000000357627869 0.09000000357627869 0.09000000357627869 0.0 0.09000000357627869 0.09000000357627869 0.09000000357627869 0.0 0.09000000357627869 0.09000000357627869 0.0 0.09000000357627869 0.0 0.09000000357627869 0.09000000357627869 0.09000000357627869 0.0 0.09000000357627869 0.09000000357627869 0.09000000357627869 0.0 0.09000000357627869 0.09000000357627869 0.6200000047683716 0.0 0.0 0.05000000074505806 0.09000000357627869 0.09000000357627869 0.0 0.4300000071525574 0.0 0.09000000357627869 0.09000000357627869 0.0 0.09000000357627869 0.0 0.09000000357627869 0.09000000357627869 0.09000000357627869 0.05000000074505806 0.09000000357627869 0.09000000357627869 0.0 0.09000000357627869 0.0 0.09000000357627869 0.09000000357627869 0.0 0.09000000357627869 0.09000000357627869 0.0 0.0 0.09000000357627869 0.09000000357627869 0.09000000357627869 0.0 0.09000000357627869 0.09000000357627869 0.0 0.09000000357627869 0.09000000357627869 0.20000000298023224 0.09000000357627869 0.0 0.4399999976158142 0.05000000074505806 0.09000000357627869 0.09000000357627869 0.0 0.4300000071525574 0.05000000074505806 0.09000000357627869 0.09000000357627869 0.09000000357627869 0.0 0.09000000357627869 0.09000000357627869 0.6200000047683716 0.0 0.0 0.0 0.09000000357627869 0.09000000357627869 0.0 0.0 0.11999999731779099 0.0 0.11999999731779099 0.10999999940395355 0.0 0.4300000071525574 0.0 0.11999999731779099 0.0 0.11999999731779099 0.0 0.09000000357627869 0.09000000357627869 0.09000000357627869 0.14000000059604645 0.09000000357627869 0.0 0.4300000071525574 0.0 0.09000000357627869 0.09000000357627869 0.09000000357627869 0.0 0.09000000357627869 0.09000000357627869 0.0 0.0 0.11999999731779099 0.0 0.11999999731779099 0.0 0.11999999731779099 0.0 0.11999999731779099 0.0 0.11999999731779099 0.0 0.1599999964237213 0.0 0.09000000357627869 0.0 0.09000000357627869 0.09000000357627869 0.0 0.09000000357627869 0.09000000357627869 0.09000000357627869 0.0 0.09000000357627869 0.09000000357627869 0.09000000357627869 0.0 0.09000000357627869 0.09000000357627869 0.0 0.0 0.2199999988079071 0.0 0.3700000047683716 0.23999999463558197 0.10999999940395355 0.0 0.17000000178813934 0.0 0.14000000059604645 0.0 0.1599999964237213 0.0 0.14000000059604645 0.05000000074505806 0.09000000357627869 0.0 0.0 0.11999999731779099 0.0 0.11999999731779099 0.10999999940395355 0.0 0.4300000071525574 0.0 0.0 0.09000000357627869 0.09000000357627869 0.0 0.09000000357627869 0.0 0.09000000357627869 0.09000000357627869 0.0 0.09000000357627869 0.09000000357627869 0.09000000357627869 0.0 0.09000000357627869 0.09000000357627869 0.0 0.09000000357627869 0.0 0.09000000357627869 0.09000000357627869 0.09000000357627869 0.0 0.09000000357627869 0.09000000357627869 0.0 0.09000000357627869 0.0 0.09000000357627869 0.09000000357627869 0.09000000357627869 0.0 0.09000000357627869 0.09000000357627869 0.0 0.09000000357627869 0.09000000357627869 0.0 0.09000000357627869 0.09000000357627869 0.0 0.09000000357627869 0.09000000357627869 0.0 0.09000000357627869 0.09000000357627869 0.0 0.09000000357627869 0.09000000357627869 0.20999999344348907 0.05000000074505806 0.05000000074505806 0.0 0.33000001311302185 0.33000001311302185 0.0 0.09000000357627869 0.09000000357627869 0.09000000357627869 0.0 0.09000000357627869 0.09000000357627869 0.0 0.0 0.2199999988079071 0.0 0.3700000047683716 0.23999999463558197 0.10999999940395355 0.0 0.17000000178813934 0.0 0.1599999964237213 0.550000011920929 0.0 0.0 0.3199999928474426 0.30000001192092896 0.09000000357627869 0.09000000357627869 0.05000000074505806 0.09000000357627869 0.09000000357627869 0.0 0.4300000071525574
320 0.0 0.11999999731779099 0.0 0.11999999731779099 0.0 0.09000000357627869 0.09000000357627869 0.550000011920929 0.0 0.0 0.3199999928474426 0.30000001192092896 0.0 0.09000000357627869 0.0 0.09000000357627869 0.09000000357627869 0.09000000357627869 0.0 0.09000000357627869 0.09000000357627869 0.0 0.09000000357627869 0.09000000357627869 0.09000000357627869 0.0 0.09000000357627869 0.09000000357627869 0.0 0.0 0.11999999731779099 0.0 0.11999999731779099 0.0 0.11999999731779099 0.0 0.11999999731779099 0.0 0.11999999731779099 0.0 0.09000000357627869 0.09000000357627869 0.09000000357627869 0.0 0.3199999928474426 0.30000001192092896 0.0 0.0 0.09000000357627869 0.09000000357627869 0.4399999976158142 0.0 0.09000000357627869 0.09000000357627869 0.0 0.09000000357627869 0.09000000357627869 0.0 0.09000000357627869 0.09000000357627869 0.0 0.09000000357627869 0.0 0.09000000357627869 0.09000000357627869 0.09000000357627869 0.0 0.09000000357627869 0.09000000357627869 0.0 0.09000000357627869 0.09000000357627869 0.09000000357627869 0.0 0.09000000357627869 0.0 0.09000000357627869 0.09000000357627869 0.09000000357627869 0.0 0.09000000357627869 0.09000000357627869 0.0 0.09000000357627869 0.09000000357627869 0.09000000357627869 0.0 0.09000000357627869 0.09000000357627869 0.0 0.09000000357627869 0.0 0.09000000357627869 0.09000000357627869 0.09000000357627869 0.0 0.09000000357627869 0.09000000357627869 0.09000000357627869 0.0 0.09000000357627869 0.09000000357627869 0.0 0.09000000357627869 0.0 0.09000000357627869 0.09000000357627869 0.09000000357627869 0.0 0.09000000357627869 0.09000000357627869 0.09000000357627869 0.0 0.09000000357627869 0.0 0.09000000357627869 0.0 0.0 0.09000000357627869 0.09000000357627869 0.0 0.09000000357627869 0.09000000357627869 0.0 0.0 0.09000000357627869 0.05000000074505806 0.09000000357627869 0.09000000357627869 0.0 0.4300000071525574 0.0 0.09000000357627869 0.09000000357627869 0.09000000357627869 0.0 0.09000000357627869 0.09000000357627869 0.0 0.0 0.11999999731779099 0.0 0.11999999731779099 0.0 0.11999999731779099 0.0 0.11999999731779099 0.0 0.11999999731779099 0.0 0.09000000357627869 0.09000000357627869 0.0 0.09000000357627869 0.0 0.09000000357627869 0.09000000357627869 0.09000000357627869 0.0 0.09000000357627869 0.09000000357627869 0.09000000357627869 0.0 0.09000000357627869 0.09000000357627869 0.0 0.09000000357627869 0.0 0.09000000357627869 0.09000000357627869 0.09000000357627869 0.0 0.09000000357627869 0.09000000357627869 0.0 0.09000000357627869 0.09000000357627869 0.0 0.09000000357627869 0.09000000357627869 0.0 0.0 0.09000000357627869 0.09000000357627869 0.09000000357627869 0.0 0.09000000357627869 0.09000000357627869 0.0 0.1599999964237213 0.0 0.09000000357627869 0.0 0.09000000357627869 0.09000000357627869 0.0 0.09000000357627869 0.09000000357627869 0.09000000357627869 0.0 0.09000000357627869 0.09000000357627869 0.0 0.09000000357627869 0.0 0.09000000357627869 0.09000000357627869 0.09000000357627869 0.0 0.09000000357627869 0.09000000357627869 0.09000000357627869 0.0 0.09000000357627869 0.09000000357627869 0.09000000357627869 0.09000000357627869 0.0 0.09000000357627869 0.09000000357627869 0.0 0.09000000357627869 0.09000000357627869 0.0 0.09000000357627869 0.0 0.09000000357627869 0.09000000357627869 0.09000000357627869 0.0 0.09000000357627869 0.09000000357627869 0.09000000357627869 0.0 0.09000000357627869 0.09000000357627869 0.0 0.09000000357627869 0.09000000357627869 0.0 0.09000000357627869 0.09000000357627869 0.0 0.09000000357627869 0.09000000357627869 0.0 0.09000000357627869 0.09000000357627869 0.0 0.09000000357627869 0.09000000357627869 0.20999999344348907 0.05000000074505806 0.05000000074505806 0.0 0.33000001311302185 0.0 0.09000000357627869 0.09000000357627869 0.09000000357627869 0.0 0.09000000357627869 0.09000000357627869 0.0 0.0 0.2199999988079071 0.0 0.3700000047683716 0.23999999463558197 0.10999999940395355 0.0 0.17000000178813934 0.0 0.14000000059604645 0.0 0.1599999964237213 0.0 0.14000000059604645 0.09000000357627869 0.0 0.09000000357627869 0.0 0.09000000357627869 0.09000000357627869 0.09000000357627869 0.0 0.09000000357627869 0.09000000357627869 0.09000000357627869 0.0 0.09000000357627869 0.0 0.09000000357627869 0.09000000357627869 0.0 0.09000000357627869 0.09000000357627869 0.550000011920929 0.0 0.0 0.3199999928474426 0.30000001192092896 0.0 0.09000000357627869 0.09000000357627869 0.0 0.09000000357627869 0.0 0.09000000357627869 0.09000000357627869 0.0 0.09000000357627869 0.0 0.09000000357627869 0.09000000357627869 0.09000000357627869 0.0 0.09000000357627869 0.09000000357627869 0.0 0.09000000357627869 0.09000000357627869 0.09000000357627869 0.0 0.09000000357627869 0.0 0.09000000357627869 0.09000000357627869 0.09000000357627869 0.0 0.09000000357627869 0.09000000357627869 0.0 0.0 0.11999999731779099 0.0 0.10999999940395355 0.0 0.11999999731779099 0.0 0.11999999731779099 0.0 0.09000000357627869 0.0 0.09000000357627869 0.09000000357627869 0.09000000357627869 0.0 0.09000000357627869 0.09000000357627869 0.0 0.09000000357627869 0.09000000357627869 0.09000000357627869 0.0 0.0 0.09000000357627869 0.0 0.09000000357627869 0.09000000357627869 0.09000000357627869 0.0 0.09000000357627869 0.09000000357627869 0.09000000357627869 0.0 0.09000000357627869 0.09000000357627869 0.0 0.1599999964237213 0.09000000357627869 0.0 0.09000000357627869 0.0 0.09000000357627869 0.09000000357627869 0.09000000357627869 0.05000000074505806 0.09000000357627869 0.09000000357627869 0.0 0.4300000071525574
332 0.0 0.09000000357627869 0.09000000357627869 0.09000000357627869 0.0 0.09000000357627869 0.09000000357627869 0.0 0.09000000357627869 0.09000000357627869 0.6200000047683716 0.0 0.0 0.09000000357627869 0.4399999976158142 0.46000000834465027 0.0 0.09000000357627869 0.09000000357627869 0.1899999976158142 0.12999999523162842 0.1899999976158142 0.0 0.4399999976158142 0.0 0.4399999976158142 0.3199999928474426 0.18000000715255737 0.0 0.09000000357627869 0.09000000357627869 0.0 0.09000000357627869 0.09000000357627869 0.20000000298023224 0.09000000357627869 0.09000000357627869 0.0 0.4399999976158142 0.6399999856948853 0.0 0.46000000834465027 0.46000000834465027 0.0 0.46000000834465027 0.0 0.09000000357627869 0.09000000357627869 0.0 0.09000000357627869 0.09000000357627869 0.0 0.09000000357627869 0.09000000357627869 0.0 0.09000000357627869 0.09000000357627869 0.0 0.09000000357627869 0.09000000357627869 0.0 0.09000000357627869 0.0 0.09000000357627869 0.09000000357627869 0.09000000357627869 0.0 0.09000000357627869 0.09000000357627869 0.0 0.09000000357627869 0.0 0.09000000357627869 0.09000000357627869 0.0 0.09000000357627869 0.0 0.09000000357627869 0.09000000357627869 0.09000000357627869 0.0 0.09000000357627869 0.09000000357627869 0.0 0.09000000357627869 0.09000000357627869 0.6200000047683716 0.0 0.0 0.0 0.09000000357627869 0.09000000357627869 0.0 0.09000000357627869 0.09000000357627869 0.0 0.09000000357627869 0.09000000357627869 0.20999999344348907 0.05000000074505806 0.05000000074505806 0.0 0.33000001311302185 0.0 0.09000000357627869 0.09000000357627869 0.0 0.1599999964237213 0.09000000357627869 0.0 0.09000000357627869 0.09000000357627869 0.0 0.09000000357627869 0.09000000357627869 0.20000000298023224 0.09000000357627869 0.09000000357627869 0.0 0.4399999976158142 0.6399999856948853 0.0 0.46000000834465027 0.0 0.46000000834465027 0.46000000834465027 0.0 0.09000000357627869 0.09000000357627869 0.6200000047683716 0.0 0.0 0.09000000357627869 0.0 0.09000000357627869 0.09000000357627869 0.1899999976158142 0.12999999523162842 0.1899999976158142 0.0 0.4399999976158142 0.0 0.4399999976158142 0.3199999928474426 0.18000000715255737 0.0 0.09000000357627869 0.09000000357627869 0.0 0.09000000357627869 0.0 0.09000000357627869 0.09000000357627869 0.09000000357627869 0.0 0.09000000357627869 0.09000000357627869 0.09000000357627869 0.0 0.09000000357627869 0.09000000357627869 0.550000011920929 0.0 0.0 0.3199999928474426 0.30000001192092896 0.0 0.09000000357627869 0.09000000357627869 0.0 0.09000000357627869 0.09000000357627869 0.0 0.09000000357627869 0.20999999344348907 0.05000000074505806 0.09000000357627869 0.0 0.09000000357627869 0.09000000357627869 0.0 0.20999999344348907 0.05000000074505806 0.05000000074505806 0.33000001311302185 0.0 0.09000000357627869 0.09000000357627869 0.0 0.0 0.11999999731779099 0.0 0.11999999731779099 0.10999999940395355 0.0 0.0 0.0 0.09000000357627869 0.09000000357627869 0.0 0.09000000357627869 0.0 0.09000000357627869 0.09000000357627869 0.09000000357627869 0.0 0.09000000357627869 0.20000000298023224 0.09000000357627869 0.09000000357627869 0.0 0.4399999976158142 0.6399999856948853 0.0 0.46000000834465027 0.46000000834465027 0.0 0.46000000834465027 0.46000000834465027
347 0.0 0.09000000357627869 0.09000000357627869 0.6200000047683716 0.0 0.0 0.05000000074505806 0.09000000357627869 0.09000000357627869 0.0 0.4300000071525574 0.09000000357627869 0.05000000074505806 0.09000000357627869 0.09000000357627869 0.0 0.4300000071525574 0.09000000357627869 0.09000000357627869 0.0 0.09000000357627869 0.09000000357627869 0.0 0.09000000357627869 0.0 0.09000000357627869 0.09000000357627869 0.09000000357627869 0.0 0.09000000357627869 0.09000000357627869 0.0 0.0 0.11999999731779099 0.0 0.11999999731779099 0.10999999940395355 0.0 0.4300000071525574 0.0 0.11999999731779099 0.0 0.11999999731779099 0.0 0.09000000357627869 0.09000000357627869 0.0 0.09000000357627869 0.0 0.09000000357627869 0.09000000357627869 0.09000000357627869 0.0 0.09000000357627869 0.09000000357627869 0.09000000357627869 0.09000000357627869 0.0 0.4300000071525574 0.09000000357627869 0.09000000357627869 0.0 0.09000000357627869 0.09000000357627869 0.0 0.09000000357627869 0.09000000357627869 0.4399999976158142 0.0 0.09000000357627869 0.0 0.09000000357627869 0.09000000357627869 0.09000000357627869 0.09000000357627869 0.0 0.09000000357627869 0.09000000357627869 0.0 0.1599999964237213 0.0 0.09000000357627869 0.0 0.09000000357627869 0.09000000357627869 0.0 0.09000000357627869 0.09000000357627869 0.09000000357627869 0.09000000357627869 0.09000000357627869 0.09000000357627869 0.0 0.09000000357627869 0.09000000357627869 0.0 0.09000000357627869 0.0 0.09000000357627869 0.09000000357627869 0.09000000357627869 0.0 0.09000000357627869 0.09000000357627869 0.09000000357627869 0.0 0.09000000357627869 0.09000000357627869 0.0 0.09000000357627869 0.09000000357627869 0.6200000047683716 0.0 0.0 0.05000000074505806 0.09000000357627869 0.09000000357627869 0.0 0.4300000071525574 0.09000000357627869 0.09000000357627869 0.0 0.09000000357627869 0.09000000357627869 0.0 0.09000000357627869 0.09000000357627869 0.0 0.0 0.11999999731779099 0.0 0.11999999731779099 0.10999999940395355 0.0 0.4300000071525574 0.0 0.11999999731779099 0.0 0.11999999731779099 0.05000000074505806 0.0 0.4300000071525574 0.0 0.09000000357627869 0.0 0.09000000357627869 0.09000000357627869 0.0 0.09000000357627869 0.0 0.09000000357627869 0.09000000357627869 0.09000000357627869 0.0 0.09000000357627869 0.09000000357627869 0.09000000357627869 0.0 0.09000000357627869 0.09000000357627869 0.0 0.0 0.2199999988079071 0.0 0.3700000047683716 0.23999999463558197 0.10999999940395355 0.0 0.17000000178813934 0.0 0.14000000059604645 0.0 0.1599999964237213 0.0 0.14000000059604645 0.05000000074505806 0.09000000357627869 0.09000000357627869 0.0 0.4300000071525574 0.05000000074505806 0.09000000357627869 0.09000000357627869 0.0 0.4300000071525574 0.09000000357627869 0.0 0.09000000357627869 0.09000000357627869 0.0 0.09000000357627869 0.09000000357627869 0.20000000298023224 0.09000000357627869 0.09000000357627869 0.0 0.4399999976158142 0.6399999856948853 0.0 0.46000000834465027 0.46000000834465027 0.0 0.46000000834465027 0.46000000834465027 0.0 0.09000000357627869 0.09000000357627869 0.550000011920929 0.0 0.0 0.3199999928474426 0.30000001192092896 0.0 0.09000000357627869 0.09000000357627869 0.1899999976158142 0.12999999523162842 0.1899999976158142 0.0 0.4399999976158142 0.0 0.4399999976158142 0.3199999928474426 0.18000000715255737 0.0 0.09000000357627869 0.09000000357627869 0.0 0.0 0.11999999731779099 0.0 0.11999999731779099 0.10999999940395355 0.0 0.4300000071525574 0.0 0.11999999731779099 0.0 0.11999999731779099 0.0 0.09000000357627869 0.0 0.09000000357627869 0.09000000357627869 0.09000000357627869 0.0 0.09000000357627869 0.09000000357627869 0.0 0.09000000357627869 0.09000000357627869 0.09000000357627869 0.0 0.09000000357627869 0.09000000357627869 0.0 0.09000000357627869 0.09000000357627869 0.0 0.09000000357627869 0.09000000357627869 0.0 0.09000000357627869 0.0 0.09000000357627869 0.09000000357627869 0.09000000357627869
348 0.4300000071525574 0.09000000357627869 0.05000000074505806 0.09000000357627869 0.09000000357627869 0.0 0.09000000357627869 0.09000000357627869 0.0 0.09000000357627869 0.09000000357627869 0.0 0.0 0.11999999731779099 0.0 0.11999999731779099 0.10999999940395355 0.0 0.4300000071525574 0.0 0.11999999731779099 0.0 0.11999999731779099 0.0 0.09000000357627869 0.09000000357627869 0.0 0.09000000357627869 0.0 0.09000000357627869 0.09000000357627869 0.09000000357627869 0.0 0.09000000357627869 0.09000000357627869 0.09000000357627869 0.4300000071525574 0.1599999964237213 0.09000000357627869 0.09000000357627869 0.0 0.09000000357627869 0.0 0.09000000357627869 0.09000000357627869 0.09000000357627869 0.0 0.09000000357627869 0.09000000357627869 0.0 0.09000000357627869 0.09000000357627869 0.6200000047683716 0.0 0.0 0.05000000074505806 0.09000000357627869 0.09000000357627869 0.0 0.4300000071525574 0.05000000074505806 0.09000000357627869 0.09000000357627869 0.0 0.4300000071525574 0.09000000357627869 0.0 0.09000000357627869 0.09000000357627869 0.05000000074505806 0.09000000357627869 0.09000000357627869 0.0 0.4300000071525574 0.09000000357627869 0.0 0.09000000357627869 0.09000000357627869 0.0 0.0 0.11999999731779099 0.0 0.11999999731779099 0.10999999940395355 0.0 0.4300000071525574 0.0 0.11999999731779099 0.0 0.11999999731779099 0.05000000074505806 0.09000000357627869 0.0 0.4300000071525574 0.0 0.09000000357627869 0.09000000357627869 0.09000000357627869 0.0 0.09000000357627869 0.09000000357627869 0.0 0.0 0.2199999988079071 0.0 0.3700000047683716 0.23999999463558197 0.10999999940395355 0.0 0.17000000178813934 0.0 0.14000000059604645 0.0 0.1599999964237213 0.0 0.14000000059604645 0.05000000074505806 0.09000000357627869 0.09000000357627869 0.0 0.4300000071525574 0.05000000074505806 0.09000000357627869 0.09000000357627869 0.0 0.4300000071525574 0.09000000357627869 0.0 0.09000000357627869 0.09000000357627869 0.0 0.09000000357627869 0.09000000357627869 0.20000000298023224 0.09000000357627869 0.09000000357627869 0.0 0.4399999976158142 0.6399999856948853 0.0 0.46000000834465027 0.46000000834465027 0.0 0.46000000834465027 0.46000000834465027 0.0 0.09000000357627869 0.09000000357627869 0.550000011920929 0.0 0.0 0.3199999928474426 0.30000001192092896 0.0 0.09000000357627869 0.09000000357627869 0.1899999976158142 0.12999999523162842 0.1899999976158142 0.0 0.4399999976158142 0.0 0.0 0.0 0.11999999731779099 0.0 0.11999999731779099 0.10999999940395355 0.0 0.4300000071525574 0.0 0.11999999731779099 0.0 0.11999999731779099 0.09000000357627869 0.0 0.09000000357627869 0.09000000357627869 0.0 0.09000000357627869 0.09000000357627869 0.09000000357627869 0.30000001192092896 0.0 0.09000000357627869 0.09000000357627869 0.0 0.09000000357627869 0.09000000357627869
349 0.0 0.09000000357627869 0.09000000357627869 0.0 0.0 0.11999999731779099 0.0 0.11999999731779099 0.10999999940395355 0.0 0.4300000071525574 0.0 0.11999999731779099 0.0 0.11999999731779099 0.1599999964237213 0.0 0.09000000357627869 0.09000000357627869 0.0 0.09000000357627869 0.09000000357627869 0.0 0.09000000357627869 0.09000000357627869 0.09000000357627869 0.09000000357627869 0.09000000357627869 0.0 0.09000000357627869 0.09000000357627869 0.6200000047683716 0.0 0.0 0.05000000074505806 0.09000000357627869 0.0 0.4300000071525574 0.09000000357627869 0.05000000074505806 0.09000000357627869 0.09000000357627869 0.0 0.4300000071525574 0.09000000357627869 0.0 0.09000000357627869 0.09000000357627869 0.0 0.0 0.11999999731779099 0.0 0.11999999731779099 0.10999999940395355 0.0 0.4300000071525574 0.0 0.11999999731779099 0.0 0.11999999731779099 0.0 0.09000000357627869 0.09000000357627869 0.0 0.0 0.2199999988079071 0.0 0.3700000047683716 0.23999999463558197 0.10999999940395355 0.0 0.17000000178813934 0.0 0.14000000059604645 0.0 0.1599999964237213 0.0 0.14000000059604645 0.05000000074505806 0.09000000357627869 0.09000000357627869 0.0 0.4300000071525574 0.05000000074505806 0.09000000357627869 0.09000000357627869 0.0 0.4300000071525574 0.09000000357627869 0.0 0.09000000357627869 0.09000000357627869 0.0 0.09000000357627869 0.09000000357627869 0.20000000298023224 0.09000000357627869 0.09000000357627869 0.0 0.4399999976158142 0.6399999856948853 0.0 0.46000000834465027 0.0 0.09000000357627869 0.09000000357627869 0.550000011920929 0.0 0.0 0.3199999928474426 0.30000001192092896 0.0 0.09000000357627869 0.09000000357627869 0.1899999976158142 0.0 0.0 0.0 0.11999999731779099 0.10999999940395355 0.0 0.4300000071525574 0.0 0.11999999731779099 0.0 0.11999999731779099 0.0 0.09000000357627869 0.09000000357627869 0.0 0.09000000357627869 0.09000000357627869 0.550000011920929 0.30000001192092896 0.09000000357627869 0.4300000071525574 0.0 0.09000000357627869 0.09000000357627869 0.14000000059604645 0.09000000357627869 0.0 0.4300000071525574 0.0 0.09000000357627869 0.09000000357627869 0.09000000357627869 0.0 0.09000000357627869 0.09000000357627869 0.0 0.09000000357627869 0.09000000357627869 0.0 0.09000000357627869 0.09000000357627869 0.550000011920929 0.0 0.0 0.3199999928474426 0.30000001192092896 0.0 0.09000000357627869 0.09000000357627869 0.0 0.09000000357627869 0.09000000357627869 0.0 0.09000000357627869 0.09000000357627869
36 0.09000000357627869 0.09000000357627869 0.0 0.09000000357627869 0.09000000357627869 0.0 0.09000000357627869 0.0 0.09000000357627869 0.09000000357627869 0.09000000357627869 0.0 0.09000000357627869 0.09000000357627869 0.09000000357627869 0.0 0.09000000357627869 0.09000000357627869 0.0 0.09000000357627869 0.09000000357627869 0.0 0.09000000357627869 0.09000000357627869 0.20999999344348907 0.05000000074505806 0.05000000074505806 0.0 0.33000001311302185 0.33000001311302185 0.33000001311302185 0.0 0.09000000357627869 0.09000000357627869 0.0 0.09000000357627869 0.09000000357627869 0.20000000298023224 0.09000000357627869 0.09000000357627869 0.0 0.4399999976158142 0.6399999856948853 0.0 0.46000000834465027 0.46000000834465027 0.0 0.46000000834465027 0.46000000834465027 0.0 0.09000000357627869 0.09000000357627869 0.0 0.09000000357627869 0.09000000357627869 0.20000000298023224 0.09000000357627869 0.0 0.4399999976158142 0.0 0.09000000357627869 0.09000000357627869 0.4300000071525574
403 0.0 0.09000000357627869 0.0 0.09000000357627869 0.0 0.09000000357627869 0.09000000357627869 0.09000000357627869 0.0 0.09000000357627869 0.09000000357627869 0.6200000047683716 0.0 0.0 0.0 0.09000000357627869 0.09000000357627869 0.0 0.09000000357627869 0.09000000357627869 0.20000000298023224 0.09000000357627869 0.09000000357627869 0.0 0.4399999976158142 0.6399999856948853 0.0 0.46000000834465027 0.46000000834465027 0.0 0.46000000834465027 0.46000000834465027 0.0 0.09000000357627869 0.09000000357627869 0.09000000357627869 0.0 0.09000000357627869 0.09000000357627869 0.0 0.0 0.11999999731779099 0.0 0.11999999731779099 0.0 0.11999999731779099 0.0 0.11999999731779099 0.0 0.11999999731779099 0.0 0.09000000357627869 0.09000000357627869 0.0 0.09000000357627869 0.0 0.09000000357627869 0.09000000357627869 0.09000000357627869 0.0 0.09000000357627869 0.09000000357627869 0.09000000357627869 0.0 0.09000000357627869 0.0 0.09000000357627869 0.09000000357627869 0.0 0.09000000357627869 0.09000000357627869 0.0 0.09000000357627869 0.09000000357627869 0.6200000047683716 0.0 0.0 0.09000000357627869 0.0 0.4300000071525574 0.09000000357627869 0.0 0.09000000357627869 0.09000000357627869 0.0 0.09000000357627869 0.09000000357627869 0.0 0.09000000357627869 0.09000000357627869 0.09000000357627869 0.0 0.09000000357627869 0.0 0.09000000357627869 0.09000000357627869 0.09000000357627869 0.0 0.09000000357627869 0.09000000357627869 0.09000000357627869 0.09000000357627869 0.09000000357627869 0.4399999976158142 0.11999999731779099 0.6399999856948853 0.0 0.46000000834465027 0.46000000834465027 0.0 0.46000000834465027 0.46000000834465027 0.09000000357627869 0.20000000298023224 0.09000000357627869 0.0 0.4399999976158142 0.6399999856948853 0.0 0.46000000834465027 0.0 0.09000000357627869 0.0 0.09000000357627869 0.0 0.33000001311302185 0.33000001311302185 0.33000001311302185 0.0 0.09000000357627869 0.09000000357627869 0.09000000357627869 0.0 0.09000000357627869 0.0 0.09000000357627869 0.09000000357627869 0.09000000357627869 0.09000000357627869 0.09000000357627869 0.0 0.09000000357627869 0.09000000357627869 0.0 0.09000000357627869 0.09000000357627869 0.0 0.09000000357627869 0.09000000357627869 0.20999999344348907 0.05000000074505806 0.05000000074505806 0.0 0.33000001311302185 0.33000001311302185 0.33000001311302185 0.0 0.09000000357627869 0.0 0.09000000357627869 0.09000000357627869 0.09000000357627869 0.0 0.09000000357627869 0.09000000357627869 0.09000000357627869 0.09000000357627869 0.09000000357627869 0.0 0.09000000357627869 0.09000000357627869 0.6200000047683716 0.0 0.0 0.0 0.09000000357627869 0.09000000357627869 0.0 0.09000000357627869 0.09000000357627869 0.20000000298023224 0.09000000357627869 0.09000000357627869 0.0 0.4399999976158142 0.6399999856948853 0.0 0.46000000834465027 0.46000000834465027 0.0 0.46000000834465027 0.46000000834465027 0.0 0.09000000357627869 0.09000000357627869 0.0 0.09000000357627869 0.0 0.09000000357627869 0.09000000357627869 0.09000000357627869 0.0 0.09000000357627869 0.09000000357627869 0.09000000357627869 0.0 0.09000000357627869 0.09000000357627869 0.0 0.09000000357627869 0.09000000357627869 0.550000011920929 0.0 0.0 0.3199999928474426 0.30000001192092896 0.0 0.09000000357627869 0.09000000357627869 0.6200000047683716 0.0 0.0 0.09000000357627869 0.0 0.09000000357627869 0.09000000357627869 0.0 0.0 0.11999999731779099 0.0 0.11999999731779099 0.10999999940395355 0.0 0.11999999731779099 0.0 0.09000000357627869 0.09000000357627869 0.0 0.09000000357627869 0.0 0.09000000357627869 0.09000000357627869 0.09000000357627869 0.0 0.09000000357627869 0.09000000357627869 0.09000000357627869
429 0.0 0.05000000074505806 0.33000001311302185 0.0 0.09000000357627869 0.0 0.09000000357627869 0.0 0.09000000357627869 0.09000000357627869 0.0 0.09000000357627869 0.09000000357627869 0.09000000357627869 0.0 0.09000000357627869 0.09000000357627869 0.0 0.09000000357627869 0.09000000357627869 0.0 0.09000000357627869 0.09000000357627869 0.20999999344348907 0.05000000074505806 0.05000000074505806 0.0 0.33000001311302185 0.33000001311302185 0.33000001311302185 0.09000000357627869 0.0 0.09000000357627869 0.09000000357627869 0.0 0.09000000357627869 0.0 0.09000000357627869 0.09000000357627869 0.0 0.09000000357627869 0.09000000357627869 0.09000000357627869 0.05000000074505806 0.09000000357627869 0.09000000357627869 0.0 0.4300000071525574 0.0 0.09000000357627869 0.09000000357627869 0.0 0.0 0.11999999731779099 0.0 0.11999999731779099 0.10999999940395355 0.0 0.0 0.0 0.0 0.09000000357627869 0.09000000357627869 0.1899999976158142 0.12999999523162842 0.1899999976158142 0.0 0.4399999976158142 0.0 0.4399999976158142 0.3199999928474426 0.18000000715255737 0.09000000357627869 0.0 0.09000000357627869 0.09000000357627869 0.0 0.09000000357627869 0.0 0.09000000357627869 0.09000000357627869 0.09000000357627869 0.0 0.09000000357627869 0.09000000357627869 0.09000000357627869 0.0 0.09000000357627869 0.09000000357627869 0.0 0.09000000357627869 0.0 0.09000000357627869 0.09000000357627869 0.09000000357627869 0.0 0.09000000357627869 0.09000000357627869 0.09000000357627869 0.09000000357627869 0.0 0.09000000357627869 0.0 0.09000000357627869 0.09000000357627869 0.09000000357627869 0.09000000357627869 0.09000000357627869 0.0 0.09000000357627869 0.09000000357627869 0.0 0.09000000357627869 0.09000000357627869 0.6200000047683716 0.0 0.0 0.0 0.09000000357627869 0.09000000357627869 0.0 0.0 0.11999999731779099 0.0 0.11999999731779099 0.0 0.11999999731779099 0.0 0.11999999731779099 0.0 0.11999999731779099 0.0 0.09000000357627869 0.09000000357627869 0.0 0.09000000357627869 0.09000000357627869 0.0 0.0 0.09000000357627869 0.09000000357627869 0.0 0.09000000357627869 0.09000000357627869 0.0 0.09000000357627869 0.0 0.09000000357627869 0.09000000357627869 0.09000000357627869 0.0 0.09000000357627869 0.09000000357627869 0.0 0.09000000357627869 0.09000000357627869 0.09000000357627869 0.0 0.09000000357627869 0.09000000357627869 0.1899999976158142 0.12999999523162842 0.1899999976158142 0.0 0.4399999976158142 0.0 0.4399999976158142 0.3199999928474426 0.18000000715255737 0.0 0.09000000357627869 0.09000000357627869 0.0 0.09000000357627869 0.09000000357627869 0.0 0.09000000357627869 0.09000000357627869 0.0 0.09000000357627869 0.09000000357627869 0.0 0.09000000357627869 0.0 0.09000000357627869 0.09000000357627869 0.09000000357627869 0.0 0.09000000357627869 0.09000000357627869 0.09000000357627869 0.0 0.09000000357627869 0.0 0.09000000357627869 0.09000000357627869 0.09000000357627869 0.0 0.09000000357627869 0.09000000357627869 0.09000000357627869 0.0 0.09000000357627869 0.09000000357627869 0.09000000357627869 0.0 0.09000000357627869 0.09000000357627869 0.6200000047683716 0.0 0.0 0.0 0.09000000357627869 0.0 0.09000000357627869 0.09000000357627869 0.09000000357627869 0.0 0.09000000357627869 0.09000000357627869 0.09000000357627869 0.0 0.09000000357627869 0.09000000357627869 0.1899999976158142 0.0 0.4399999976158142 0.0 0.09000000357627869 0.09000000357627869 0.0 0.09000000357627869 0.09000000357627869 0.550000011920929 0.0 0.0 0.3199999928474426 0.0 0.09000000357627869 0.0 0.10999999940395355 0.0 0.4300000071525574 0.0 0.11999999731779099 0.0 0.11999999731779099 0.11999999731779099 0.0 0.11999999731779099 0.09000000357627869 0.0 0.09000000357627869 0.09000000357627869 0.09000000357627869 0.14000000059604645 0.0 0.4300000071525574 0.0 0.09000000357627869 0.09000000357627869 0.0 0.09000000357627869 0.09000000357627869 0.09000000357627869 0.0 0.09000000357627869 0.09000000357627869 0.09000000357627869 0.0 0.09000000357627869 0.09000000357627869 0.0 0.09000000357627869 0.09000000357627869 0.09000000357627869 0.09000000357627869 0.0 0.09000000357627869 0.0 0.09000000357627869 0.09000000357627869 0.20999999344348907 0.05000000074505806 0.05000000074505806 0.0 0.33000001311302185 0.33000001311302185 0.33000001311302185 0.0 0.09000000357627869 0.09000000357627869 0.0 0.09000000357627869 0.0 0.09000000357627869 0.09000000357627869 0.09000000357627869 0.0 0.09000000357627869 0.09000000357627869 0.09000000357627869 0.0 0.09000000357627869 0.0 0.09000000357627869 0.09000000357627869 0.09000000357627869 0.09000000357627869 0.09000000357627869 0.0 0.09000000357627869 0.09000000357627869 0.6200000047683716 0.0 0.0 0.09000000357627869 0.05000000074505806 0.09000000357627869 0.09000000357627869 0.09000000357627869 0.09000000357627869
442 0.09000000357627869 0.0 0.09000000357627869 0.09000000357627869 0.0 0.09000000357627869 0.0 0.09000000357627869 0.09000000357627869 0.0 0.1899999976158142 0.12999999523162842 0.1899999976158142 0.0 0.4399999976158142 0.0 0.3199999928474426 0.18000000715255737 0.0 0.0 0.09000000357627869 0.09000000357627869 0.0 0.09000000357627869 0.09000000357627869 0.11999999731779099 0.0 0.09000000357627869 0.09000000357627869 0.0 0.0 0.11999999731779099 0.0 0.11999999731779099 0.0 0.0 0.11999999731779099 0.0 0.0 0.09000000357627869 0.09000000357627869 0.0 0.0 0.11999999731779099 0.0 0.11999999731779099 0.10999999940395355 0.0 0.4300000071525574 0.0 0.11999999731779099 0.0 0.11999999731779099 0.0 0.09000000357627869 0.09000000357627869 0.0 0.09000000357627869 0.09000000357627869 0.20000000298023224 0.09000000357627869 0.09000000357627869 0.0 0.4399999976158142 0.6399999856948853 0.0 0.46000000834465027 0.46000000834465027 0.0 0.09000000357627869 0.09000000357627869 0.0 0.09000000357627869 0.09000000357627869 0.20000000298023224 0.09000000357627869 0.09000000357627869 0.0 0.4399999976158142 0.6399999856948853 0.0 0.46000000834465027 0.46000000834465027 0.0 0.46000000834465027 0.09000000357627869 0.0 0.09000000357627869 0.0 0.09000000357627869 0.09000000357627869 0.09000000357627869 0.0 0.09000000357627869 0.09000000357627869 0.09000000357627869 0.0 0.09000000357627869 0.0 0.0 0.09000000357627869 0.09000000357627869 0.0 0.09000000357627869 0.09000000357627869 0.09000000357627869 0.0 0.09000000357627869 0.0 0.09000000357627869 0.09000000357627869 0.09000000357627869 0.0 0.09000000357627869 0.09000000357627869 0.09000000357627869 0.09000000357627869 0.0 0.09000000357627869 0.0 0.09000000357627869 0.09000000357627869 0.09000000357627869 0.09000000357627869 0.09000000357627869 0.09000000357627869 0.09000000357627869 0.6200000047683716 0.0 0.09000000357627869 0.1899999976158142 0.12999999523162842 0.0 0.4399999976158142 0.0 0.1599999964237213 0.0 0.14000000059604645 0.0 0.09000000357627869 0.0 0.09000000357627869 0.09000000357627869 0.09000000357627869 0.0 0.09000000357627869 0.09000000357627869 0.0 0.09000000357627869 0.09000000357627869 0.09000000357627869 0.0 0.09000000357627869 0.09000000357627869 0.0 0.09000000357627869 0.09000000357627869 0.09000000357627869 0.09000000357627869 0.6399999856948853 0.0 0.46000000834465027 0.46000000834465027 0.46000000834465027 0.09000000357627869 0.09000000357627869 0.0 0.09000000357627869 0.0 0.09000000357627869 0.09000000357627869 0.09000000357627869 0.0 0.09000000357627869 0.09000000357627869 0.09000000357627869 0.0 0.46000000834465027 0.46000000834465027
45 0.0 0.09000000357627869 0.09000000357627869 0.0 0.09000000357627869 0.09000000357627869 0.0 0.46000000834465027 0.46000000834465027 0.0 0.09000000357627869 0.0 0.09000000357627869 0.09000000357627869 0.09000000357627869 0.0 0.09000000357627869 0.09000000357627869 0.0 0.09000000357627869 0.09000000357627869 0.09000000357627869 0.0 0.09000000357627869 0.09000000357627869 0.0 0.09000000357627869 0.0 0.09000000357627869 0.09000000357627869 0.09000000357627869 0.0 0.09000000357627869 0.09000000357627869 0.09000000357627869 0.09000000357627869 0.05000000074505806 0.09000000357627869 0.09000000357627869 0.0 0.4300000071525574 0.0 0.09000000357627869 0.09000000357627869 0.0 0.09000000357627869 0.09000000357627869 0.0 0.09000000357627869 0.09000000357627869 0.0 0.09000000357627869 0.09000000357627869 0.20000000298023224 0.09000000357627869 0.09000000357627869 0.0 0.4399999976158142 0.6399999856948853 0.0 0.46000000834465027 0.46000000834465027 0.0 0.46000000834465027 0.46000000834465027 0.0 0.09000000357627869 0.09000000357627869 0.0 0.09000000357627869 0.0 0.09000000357627869 0.09000000357627869 0.09000000357627869 0.0 0.09000000357627869 0.09000000357627869 0.09000000357627869 0.0 0.09000000357627869 0.09000000357627869 0.0 0.0 0.11999999731779099 0.0 0.11999999731779099 0.0 0.11999999731779099 0.0 0.11999999731779099 0.0 0.11999999731779099 0.0 0.09000000357627869 0.09000000357627869 0.0 0.0 0.11999999731779099 0.0 0.11999999731779099 0.0 0.11999999731779099 0.0 0.11999999731779099 0.0 0.11999999731779099 0.0 0.09000000357627869 0.09000000357627869 0.0 0.09000000357627869 0.09000000357627869 0.0 0.09000000357627869 0.0 0.09000000357627869 0.09000000357627869 0.09000000357627869 0.0 0.09000000357627869 0.0 0.09000000357627869 0.09000000357627869 0.09000000357627869 0.0 0.09000000357627869 0.09000000357627869 0.0 0.09000000357627869 0.09000000357627869 0.09000000357627869 0.0 0.09000000357627869 0.0 0.09000000357627869 0.09000000357627869 0.550000011920929 0.0 0.0 0.3199999928474426 0.30000001192092896 0.0 0.09000000357627869 0.09000000357627869 0.0 0.09000000357627869 0.0 0.09000000357627869 0.09000000357627869 0.09000000357627869 0.0 0.09000000357627869 0.09000000357627869 0.09000000357627869 0.0 0.09000000357627869 0.09000000357627869 0.0 0.09000000357627869 0.09000000357627869 0.09000000357627869 0.0 0.09000000357627869 0.0 0.09000000357627869 0.09000000357627869 0.09000000357627869 0.0 0.09000000357627869 0.09000000357627869 0.09000000357627869 0.0 0.09000000357627869 0.09000000357627869 0.0 0.09000000357627869 0.09000000357627869 0.6200000047683716 0.0 0.0 0.0 0.09000000357627869 0.09000000357627869 0.0 0.09000000357627869 0.09000000357627869 0.6200000047683716 0.0 0.0 0.0 0.09000000357627869 0.0 0.09000000357627869 0.09000000357627869 0.09000000357627869 0.0 0.09000000357627869 0.09000000357627869 0.09000000357627869 0.14000000059604645 0.0 0.4300000071525574 0.0 0.09000000357627869 0.09000000357627869 0.09000000357627869 0.0 0.09000000357627869 0.09000000357627869 0.6200000047683716 0.0 0.09000000357627869 0.0 0.09000000357627869 0.09000000357627869 0.09000000357627869 0.0 0.09000000357627869 0.09000000357627869 0.09000000357627869 0.0 0.09000000357627869 0.0 0.09000000357627869 0.09000000357627869 0.0 0.09000000357627869 0.09000000357627869 0.09000000357627869 0.09000000357627869 0.4399999976158142 0.0 0.09000000357627869 0.09000000357627869 0.550000011920929 0.0 0.0 0.3199999928474426 0.30000001192092896 0.09000000357627869 0.09000000357627869 0.09000000357627869 0.20000000298023224 0.09000000357627869 0.09000000357627869 0.0 0.6399999856948853 0.0 0.46000000834465027 0.46000000834465027 0.0 0.46000000834465027 0.550000011920929 0.0 0.0 0.3199999928474426 0.30000001192092896 0.46000000834465027 0.0 0.46000000834465027 0.6399999856948853 0.0 0.46000000834465027 0.46000000834465027 0.0 0.46000000834465027 0.46000000834465027 0.09000000357627869 0.0 0.11999999731779099 0.0 0.11999999731779099 0.0 0.11999999731779099
453 0.0 0.0 0.11999999731779099 0.0 0.11999999731779099 0.10999999940395355 0.0 0.4300000071525574 0.0 0.11999999731779099 0.0 0.11999999731779099 0.0 0.09000000357627869 0.09000000357627869 0.0 0.09000000357627869 0.09000000357627869 0.0 0.09000000357627869 0.0 0.09000000357627869 0.09000000357627869 0.09000000357627869 0.0 0.09000000357627869 0.09000000357627869 0.09000000357627869 0.0 0.09000000357627869 0.0 0.09000000357627869 0.09000000357627869 0.09000000357627869 0.0 0.09000000357627869 0.09000000357627869 0.0 0.09000000357627869 0.09000000357627869 0.0 0.09000000357627869 0.09000000357627869 0.0 0.09000000357627869 0.09000000357627869 0.0 0.09000000357627869 0.09000000357627869 0.09000000357627869 0.1599999964237213 0.0 0.09000000357627869 0.09000000357627869 0.0 0.0 0.11999999731779099 0.0 0.11999999731779099 0.0 0.11999999731779099 0.0 0.11999999731779099 0.0 0.11999999731779099 0.0 0.09000000357627869 0.0 0.09000000357627869 0.0 0.0 0.09000000357627869 0.0 0.09000000357627869 0.09000000357627869 0.0 0.09000000357627869 0.09000000357627869 0.0 0.09000000357627869 0.09000000357627869 0.20999999344348907 0.05000000074505806 0.05000000074505806 0.0 0.33000001311302185 0.33000001311302185 0.33000001311302185 0.0 0.09000000357627869 0.09000000357627869 0.1899999976158142 0.12999999523162842 0.1899999976158142 0.0 0.4399999976158142 0.0 0.4399999976158142 0.3199999928474426 0.18000000715255737 0.09000000357627869 0.0 0.09000000357627869 0.0 0.09000000357627869 0.09000000357627869 0.09000000357627869 0.0 0.09000000357627869 0.09000000357627869 0.0 0.09000000357627869 0.09000000357627869 0.09000000357627869 0.0 0.09000000357627869 0.09000000357627869 0.1899999976158142 0.0 0.4399999976158142 0.0 0.09000000357627869 0.09000000357627869 0.0 0.09000000357627869 0.09000000357627869 0.0 0.09000000357627869 0.09000000357627869 0.0 0.09000000357627869 0.09000000357627869 0.0 0.09000000357627869 0.0 0.09000000357627869 0.09000000357627869 0.0 0.09000000357627869 0.09000000357627869 0.09000000357627869 0.0 0.09000000357627869 0.0 0.09000000357627869 0.09000000357627869 0.09000000357627869 0.0 0.09000000357627869 0.09000000357627869 0.09000000357627869 0.0 0.09000000357627869 0.09000000357627869 0.09000000357627869 0.09000000357627869 0.0 0.09000000357627869 0.0 0.09000000357627869 0.09000000357627869 0.09000000357627869 0.0 0.09000000357627869 0.09000000357627869 0.09000000357627869 0.0 0.09000000357627869 0.09000000357627869 0.1899999976158142 0.12999999523162842 0.1899999976158142 0.0 0.4399999976158142 0.0 0.4399999976158142 0.3199999928474426 0.09000000357627869 0.11999999731779099 0.0 0.09000000357627869 0.09000000357627869 0.0 0.0 0.11999999731779099 0.0 0.11999999731779099 0.10999999940395355 0.0 0.4300000071525574 0.0 0.11999999731779099 0.0 0.11999999731779099 0.0 0.09000000357627869 0.0 0.09000000357627869 0.09000000357627869 0.09000000357627869 0.0 0.09000000357627869 0.09000000357627869 0.0 0.09000000357627869 0.09000000357627869 0.0 0.09000000357627869 0.09000000357627869 0.550000011920929 0.0 0.0 0.09000000357627869 0.09000000357627869 0.0 0.09000000357627869 0.09000000357627869 0.0 0.09000000357627869 0.09000000357627869 0.0 0.09000000357627869 0.09000000357627869 0.0 0.09000000357627869 0.09000000357627869 0.6200000047683716 0.0 0.0 0.0 0.09000000357627869 0.09000000357627869 0.0 0.09000000357627869 0.09000000357627869 0.6200000047683716 0.0 0.0 0.0 0.09000000357627869 0.0 0.09000000357627869 0.09000000357627869 0.09000000357627869 0.0 0.09000000357627869 0.09000000357627869 0.09000000357627869 0.0 0.09000000357627869 0.09000000357627869 0.09000000357627869 0.0 0.09000000357627869 0.09000000357627869 0.09000000357627869 0.0 0.09000000357627869 0.09000000357627869 0.09000000357627869 0.0 0.09000000357627869 0.09000000357627869 0.0 0.09000000357627869 0.09000000357627869 0.0 0.09000000357627869 0.09000000357627869 0.20999999344348907 0.05000000074505806 0.05000000074505806 0.0 0.33000001311302185 0.33000001311302185 0.33000001311302185 0.0 0.09000000357627869 0.09000000357627869 0.0 0.09000000357627869 0.09000000357627869 0.0 0.09000000357627869 0.09000000357627869 0.0 0.09000000357627869 0.09000000357627869 0.09000000357627869 0.0 0.09000000357627869 0.0 0.09000000357627869 0.09000000357627869 0.0 0.09000000357627869 0.09000000357627869 0.09000000357627869 0.0 0.09000000357627869 0.0 0.09000000357627869 0.09000000357627869 0.0 0.0 0.46000000834465027 0.46000000834465027 0.09000000357627869 0.09000000357627869 0.0 0.09000000357627869 0.09000000357627869 0.09000000357627869 0.09000000357627869 0.09000000357627869
47 0.0 0.09000000357627869 0.09000000357627869 0.09000000357627869 0.05000000074505806 0.09000000357627869 0.09000000357627869 0.0 0.4300000071525574 0.09000000357627869 0.0 0.09000000357627869 0.09000000357627869 0.0 0.1599999964237213 0.0 0.09000000357627869 0.09000000357627869 0.0 0.09000000357627869 0.09000000357627869 0.0 0.09000000357627869 0.09000000357627869 0.0 0.09000000357627869 0.09000000357627869 0.6200000047683716 0.0 0.0 0.0 0.09000000357627869 0.0 0.09000000357627869 0.0 0.09000000357627869 0.0 0.09000000357627869 0.09000000357627869 0.0 0.1599999964237213 0.0 0.09000000357627869 0.09000000357627869 0.0 0.09000000357627869 0.09000000357627869 0.550000011920929 0.0 0.0 0.3199999928474426 0.30000001192092896 0.0 0.09000000357627869 0.09000000357627869 0.09000000357627869 0.0 0.09000000357627869 0.09000000357627869 0.0 0.09000000357627869 0.09000000357627869 0.20000000298023224 0.09000000357627869 0.09000000357627869 0.0 0.4399999976158142 0.6399999856948853 0.0 0.46000000834465027 0.46000000834465027 0.0 0.46000000834465027 0.46000000834465027 0.0 0.09000000357627869 0.09000000357627869 0.0 0.09000000357627869 0.0 0.09000000357627869 0.09000000357627869 0.09000000357627869 0.0 0.09000000357627869 0.09000000357627869 0.09000000357627869 0.0 0.09000000357627869 0.09000000357627869 0.0 0.0 0.11999999731779099 0.0 0.11999999731779099 0.0 0.11999999731779099 0.0 0.11999999731779099 0.0 0.11999999731779099 0.0 0.09000000357627869 0.0 0.0 0.11999999731779099 0.0 0.11999999731779099 0.0 0.11999999731779099 0.0 0.0 0.11999999731779099 0.0 0.09000000357627869 0.0 0.09000000357627869 0.09000000357627869 0.09000000357627869 0.0 0.0 0.09000000357627869 0.09000000357627869 0.09000000357627869 0.0 0.09000000357627869 0.09000000357627869 0.0 0.1599999964237213 0.0 0.4300000071525574 0.09000000357627869 0.0 0.09000000357627869 0.09000000357627869 0.0 0.09000000357627869 0.09000000357627869 0.09000000357627869 0.0 0.1599999964237213 0.09000000357627869 0.09000000357627869 0.0 0.0 0.09000000357627869 0.09000000357627869 0.1899999976158142 0.12999999523162842 0.1899999976158142 0.0 0.4399999976158142 0.0 0.4399999976158142 0.3199999928474426 0.18000000715255737 0.0 0.09000000357627869 0.09000000357627869 0.0 0.09000000357627869 0.09000000357627869 0.0 0.09000000357627869 0.09000000357627869 0.550000011920929 0.0 0.0 0.09000000357627869 0.09000000357627869 0.0 0.09000000357627869 0.0 0.09000000357627869 0.09000000357627869 0.09000000357627869 0.0 0.09000000357627869 0.09000000357627869 0.09000000357627869 0.0 0.09000000357627869 0.09000000357627869 0.0 0.09000000357627869 0.0 0.09000000357627869 0.09000000357627869 0.09000000357627869 0.0 0.09000000357627869 0.09000000357627869 0.09000000357627869 0.09000000357627869 0.0 0.09000000357627869 0.0 0.09000000357627869 0.09000000357627869 0.09000000357627869 0.0 0.09000000357627869 0.09000000357627869 0.09000000357627869 0.0 0.09000000357627869 0.09000000357627869 0.0 0.09000000357627869 0.09000000357627869 0.6200000047683716 0.0 0.0 0.0 0.09000000357627869 0.09000000357627869 0.09000000357627869 0.46000000834465027 0.46000000834465027 0.46000000834465027 0.46000000834465027 0.0 0.09000000357627869 0.09000000357627869 0.0 0.09000000357627869 0.09000000357627869 0.20000000298023224 0.09000000357627869 0.09000000357627869 0.0 0.4399999976158142 0.6399999856948853 0.0 0.46000000834465027 0.46000000834465027 0.0 0.46000000834465027 0.46000000834465027 0.09000000357627869 0.0 0.0 0.0 0.11999999731779099 0.0 0.11999999731779099 0.0 0.11999999731779099 0.0 0.11999999731779099
475 0.0 0.09000000357627869 0.09000000357627869 0.0 0.09000000357627869 0.09000000357627869 0.0 0.09000000357627869 0.0 0.09000000357627869 0.0 0.09000000357627869 0.09000000357627869 0.09000000357627869 0.0 0.09000000357627869 0.09000000357627869 0.0 0.09000000357627869 0.09000000357627869 0.6200000047683716 0.0 0.0 0.09000000357627869 0.0 0.09000000357627869 0.09000000357627869 0.09000000357627869 0.0 0.09000000357627869 0.09000000357627869 0.09000000357627869 0.09000000357627869 0.09000000357627869 0.0 0.09000000357627869 0.09000000357627869 0.0 0.0 0.11999999731779099 0.0 0.11999999731779099 0.10999999940395355 0.0 0.4300000071525574 0.0 0.11999999731779099 0.0 0.11999999731779099 0.0 0.09000000357627869 0.09000000357627869 0.0 0.0 0.11999999731779099 0.0 0.11999999731779099 0.0 0.11999999731779099 0.0 0.11999999731779099 0.0 0.11999999731779099 0.0 0.09000000357627869 0.09000000357627869 0.0 0.09000000357627869 0.09000000357627869 0.20000000298023224 0.09000000357627869 0.09000000357627869 0.0 0.4399999976158142 0.6399999856948853 0.0 0.46000000834465027 0.46000000834465027 0.0 0.46000000834465027 0.46000000834465027 0.0 0.09000000357627869 0.09000000357627869 0.09000000357627869 0.0 0.0 0.09000000357627869 0.09000000357627869 0.09000000357627869 0.09000000357627869 0.09000000357627869 0.0 0.09000000357627869 0.09000000357627869 0.0 0.09000000357627869 0.09000000357627869 0.20000000298023224 0.09000000357627869 0.09000000357627869 0.0 0.4399999976158142 0.6399999856948853 0.0 0.46000000834465027 0.46000000834465027 0.0 0.46000000834465027 0.0 0.09000000357627869 0.09000000357627869 0.0 0.09000000357627869 0.0 0.09000000357627869 0.09000000357627869 0.09000000357627869 0.0 0.09000000357627869 0.09000000357627869 0.09000000357627869 0.0 0.09000000357627869 0.09000000357627869 0.1899999976158142 0.12999999523162842 0.1899999976158142 0.0 0.4399999976158142 0.0 0.4399999976158142 0.3199999928474426 0.18000000715255737 0.0 0.09000000357627869 0.09000000357627869 0.0 0.09000000357627869 0.09000000357627869 0.0 0.09000000357627869 0.09000000357627869 0.20999999344348907 0.05000000074505806 0.05000000074505806 0.0 0.33000001311302185 0.33000001311302185 0.33000001311302185 0.0 0.09000000357627869 0.09000000357627869 0.0 0.1599999964237213 0.09000000357627869 0.09000000357627869 0.09000000357627869 0.09000000357627869 0.0 0.09000000357627869 0.09000000357627869 0.0 0.0 0.11999999731779099 0.0 0.11999999731779099 0.0 0.09000000357627869 0.0 0.09000000357627869 0.09000000357627869 0.09000000357627869 0.0 0.09000000357627869 0.09000000357627869 0.0 0.09000000357627869 0.0 0.09000000357627869 0.09000000357627869 0.09000000357627869 0.0 0.09000000357627869 0.09000000357627869 0.09000000357627869 0.0 0.09000000357627869 0.09000000357627869 0.0 0.09000000357627869 0.09000000357627869 0.6200000047683716 0.0 0.0 0.0 0.09000000357627869 0.09000000357627869 0.0 0.09000000357627869 0.0 0.09000000357627869 0.09000000357627869 0.09000000357627869 0.0 0.09000000357627869 0.09000000357627869 0.09000000357627869 0.0 0.09000000357627869 0.09000000357627869 0.1899999976158142 0.0 0.4399999976158142 0.0 0.09000000357627869 0.09000000357627869 0.550000011920929 0.0 0.3199999928474426 0.30000001192092896 0.09000000357627869 0.11999999731779099 0.11999999731779099 0.0 0.09000000357627869 0.09000000357627869 0.0 0.09000000357627869 0.0 0.09000000357627869 0.09000000357627869 0.09000000357627869 0.0 0.09000000357627869 0.09000000357627869 0.09000000357627869 0.0 0.09000000357627869 0.09000000357627869 0.09000000357627869 0.0 0.09000000357627869 0.09000000357627869 0.0 0.1599999964237213 0.0 0.09000000357627869 0.09000000357627869 0.550000011920929 0.0 0.0 0.3199999928474426 0.30000001192092896 0.0 0.09000000357627869 0.09000000357627869 0.0 0.0 0.2199999988079071 0.0 0.3700000047683716 0.23999999463558197 0.10999999940395355 0.0 0.17000000178813934 0.0 0.14000000059604645 0.0 0.1599999964237213 0.0 0.14000000059604645 0.0 0.09000000357627869 0.09000000357627869 0.0 0.1599999964237213 0.0 0.09000000357627869 0.1899999976158142 0.1899999976158142 0.0 0.0 0.4399999976158142 0.3199999928474426 0.18000000715255737 0.09000000357627869 0.09000000357627869 0.0 0.09000000357627869 0.0 0.09000000357627869 0.09000000357627869 0.09000000357627869 0.0 0.09000000357627869 0.09000000357627869 0.09000000357627869 0.0 0.09000000357627869 0.09000000357627869 0.09000000357627869 0.0 0.09000000357627869 0.09000000357627869 0.0 0.09000000357627869 0.09000000357627869 0.20000000298023224 0.09000000357627869 0.0 0.4399999976158142 0.0 0.09000000357627869 0.0 0.09000000357627869 0.09000000357627869 0.09000000357627869 0.0 0.09000000357627869 0.09000000357627869 0.09000000357627869 0.09000000357627869 0.0 0.09000000357627869 0.09000000357627869 0.09000000357627869 0.0 0.46000000834465027 0.46000000834465027
481 0.20999999344348907 0.05000000074505806 0.05000000074505806 0.0 0.33000001311302185 0.33000001311302185 0.33000001311302185 0.09000000357627869 0.09000000357627869 0.6399999856948853 0.0 0.46000000834465027 0.46000000834465027 0.0 0.09000000357627869 0.09000000357627869 0.1899999976158142 0.12999999523162842 0.1899999976158142 0.0 0.4399999976158142 0.0 0.4399999976158142 0.3199999928474426 0.18000000715255737 0.0 0.09000000357627869 0.0 0.09000000357627869 0.09000000357627869 0.09000000357627869 0.0 0.09000000357627869 0.09000000357627869 0.09000000357627869 0.0 0.09000000357627869 0.09000000357627869 0.0 0.09000000357627869 0.09000000357627869 0.0 0.09000000357627869 0.09000000357627869 0.0 0.09000000357627869 0.09000000357627869 0.0 0.09000000357627869 0.09000000357627869 0.6200000047683716 0.0 0.0 0.0 0.09000000357627869 0.09000000357627869 0.0 0.0 0.2199999988079071 0.0 0.3700000047683716 0.23999999463558197 0.10999999940395355 0.0 0.17000000178813934 0.0 0.14000000059604645 0.0 0.1599999964237213 0.0 0.14000000059604645 0.0 0.09000000357627869 0.09000000357627869 0.0 0.09000000357627869 0.0 0.09000000357627869 0.09000000357627869 0.09000000357627869 0.0 0.09000000357627869 0.09000000357627869 0.09000000357627869 0.0 0.09000000357627869 0.09000000357627869 0.09000000357627869 0.0 0.09000000357627869 0.09000000357627869 0.0 0.09000000357627869 0.0 0.09000000357627869 0.09000000357627869 0.09000000357627869 0.09000000357627869 0.0 0.09000000357627869 0.09000000357627869 0.0 0.09000000357627869 0.0 0.09000000357627869 0.05000000074505806 0.33000001311302185 0.0 0.09000000357627869 0.09000000357627869 0.0 0.09000000357627869 0.0 0.09000000357627869 0.09000000357627869 0.09000000357627869 0.0 0.0 0.09000000357627869 0.09000000357627869 0.0 0.0 0.11999999731779099 0.0 0.11999999731779099 0.0 0.11999999731779099 0.0 0.09000000357627869 0.09000000357627869 0.09000000357627869 0.0 0.09000000357627869 0.09000000357627869 0.09000000357627869 0.0 0.1599999964237213 0.0 0.09000000357627869 0.09000000357627869 0.0 0.09000000357627869 0.09000000357627869 0.0 0.09000000357627869 0.0 0.09000000357627869 0.09000000357627869 0.09000000357627869 0.0 0.09000000357627869 0.09000000357627869 0.09000000357627869 0.0 0.09000000357627869 0.09000000357627869 0.0 0.09000000357627869 0.0 0.09000000357627869 0.09000000357627869 0.09000000357627869 0.0 0.0 0.09000000357627869 0.0 0.09000000357627869 0.0 0.09000000357627869 0.09000000357627869 0.09000000357627869 0.0 0.09000000357627869 0.09000000357627869 0.0 0.09000000357627869 0.09000000357627869 0.0 0.09000000357627869 0.09000000357627869 0.0 0.11999999731779099 0.10999999940395355 0.0 0.4300000071525574 0.0 0.11999999731779099
496 0.0 0.09000000357627869 0.0 0.09000000357627869 0.09000000357627869 0.09000000357627869 0.0 0.09000000357627869 0.09000000357627869 0.0 0.0 0.11999999731779099 0.0 0.11999999731779099 0.10999999940395355 0.0 0.4300000071525574 0.0 0.11999999731779099 0.0 0.11999999731779099 0.0 0.09000000357627869 0.09000000357627869 0.550000011920929 0.0 0.0 0.3199999928474426 0.30000001192092896 0.0 0.09000000357627869 0.09000000357627869 0.0 0.09000000357627869 0.0 0.09000000357627869 0.09000000357627869 0.09000000357627869 0.0 0.09000000357627869 0.09000000357627869 0.09000000357627869 0.0 0.09000000357627869 0.09000000357627869 0.09000000357627869 0.0 0.09000000357627869 0.09000000357627869 0.0 0.09000000357627869 0.09000000357627869 0.0 0.09000000357627869 0.09000000357627869 0.20999999344348907 0.05000000074505806 0.05000000074505806 0.0 0.33000001311302185 0.33000001311302185 0.33000001311302185 0.14000000059604645 0.09000000357627869 0.0 0.4300000071525574 0.0 0.09000000357627869 0.09000000357627869 0.09000000357627869 0.0 0.09000000357627869 0.09000000357627869 0.1899999976158142 0.12999999523162842 0.1899999976158142 0.0 0.4399999976158142 0.0 0.4399999976158142 0.3199999928474426 0.18000000715255737 0.09000000357627869 0.0 0.09000000357627869 0.09000000357627869 0.09000000357627869 0.0 0.09000000357627869 0.09000000357627869 0.0 0.09000000357627869 0.0 0.09000000357627869 0.09000000357627869 0.09000000357627869 0.0 0.09000000357627869 0.09000000357627869 0.09000000357627869 0.0 0.33000001311302185 0.33000001311302185 0.33000001311302185 0.0 0.09000000357627869 0.0 0.0 0.11999999731779099 0.0 0.11999999731779099 0.10999999940395355 0.0 0.0 0.11999999731779099 0.0 0.11999999731779099 0.0 0.11999999731779099 0.0 0.0 0.09000000357627869 0.0 0.09000000357627869 0.09000000357627869 0.09000000357627869 0.0 0.09000000357627869 0.09000000357627869
497 0.0 0.09000000357627869 0.0 0.09000000357627869 0.09000000357627869 0.09000000357627869 0.0 0.09000000357627869 0.0 0.0 0.11999999731779099 0.0 0.11999999731779099 0.0 0.09000000357627869 0.09000000357627869 0.550000011920929 0.0 0.0 0.30000001192092896 0.0 0.09000000357627869 0.09000000357627869 0.0 0.09000000357627869 0.0 0.09000000357627869 0.09000000357627869 0.09000000357627869 0.0 0.09000000357627869 0.09000000357627869 0.09000000357627869 0.0 0.09000000357627869 0.09000000357627869 0.09000000357627869 0.0 0.09000000357627869 0.09000000357627869 0.0 0.09000000357627869 0.09000000357627869 0.0 0.09000000357627869 0.09000000357627869 0.20999999344348907 0.05000000074505806 0.05000000074505806 0.05000000074505806 0.09000000357627869 0.09000000357627869 0.0 0.4300000071525574 0.0 0.09000000357627869 0.09000000357627869 0.1899999976158142 0.12999999523162842 0.1899999976158142 0.0 0.4399999976158142 0.0 0.4399999976158142 0.3199999928474426 0.18000000715255737 0.09000000357627869 0.0 0.09000000357627869 0.09000000357627869 0.0 0.09000000357627869 0.09000000357627869 0.0 0.09000000357627869 0.0 0.09000000357627869 0.09000000357627869 0.09000000357627869 0.0 0.09000000357627869 0.09000000357627869 0.09000000357627869 0.09000000357627869 0.0 0.09000000357627869 0.0 0.09000000357627869 0.09000000357627869 0.20999999344348907 0.05000000074505806 0.05000000074505806 0.0 0.33000001311302185 0.33000001311302185 0.33000001311302185 0.0 0.09000000357627869 0.09000000357627869 0.0 0.0 0.11999999731779099 0.0 0.11999999731779099 0.10999999940395355 0.0 0.4300000071525574 0.0 0.11999999731779099 0.0 0.11999999731779099 0.05000000074505806 0.09000000357627869 0.09000000357627869 0.0 0.4300000071525574 0.0 0.09000000357627869 0.09000000357627869 0.0 0.0 0.11999999731779099 0.0 0.11999999731779099 0.0 0.11999999731779099 0.0 0.11999999731779099 0.0 0.11999999731779099 0.0 0.09000000357627869 0.09000000357627869 0.0 0.09000000357627869 0.09000000357627869 0.09000000357627869 0.09000000357627869 0.0 0.09000000357627869 0.09000000357627869 0.0 0.0 0.09000000357627869 0.09000000357627869 0.09000000357627869 0.0 0.09000000357627869 0.09000000357627869
508 0.09000000357627869 0.09000000357627869 0.09000000357627869 0.0 0.09000000357627869 0.09000000357627869 0.09000000357627869 0.0 0.09000000357627869 0.09000000357627869 0.0 0.09000000357627869 0.0 0.09000000357627869 0.09000000357627869 0.09000000357627869 0.0 0.09000000357627869 0.09000000357627869 0.09000000357627869 0.0 0.09000000357627869 0.09000000357627869 0.0 0.09000000357627869 0.0 0.09000000357627869 0.09000000357627869 0.09000000357627869 0.0 0.09000000357627869 0.09000000357627869 0.09000000357627869 0.0 0.09000000357627869 0.09000000357627869 0.09000000357627869 0.14000000059604645 0.09000000357627869 0.0 0.4300000071525574 0.0 0.09000000357627869 0.09000000357627869 0.09000000357627869 0.0 0.09000000357627869 0.09000000357627869 0.1899999976158142 0.12999999523162842 0.1899999976158142 0.0 0.4399999976158142 0.0 0.4399999976158142 0.3199999928474426 0.18000000715255737 0.0 0.09000000357627869 0.09000000357627869 0.09000000357627869 0.0 0.09000000357627869 0.09000000357627869 0.0 0.09000000357627869 0.09000000357627869 0.0 0.09000000357627869 0.09000000357627869 0.20999999344348907 0.05000000074505806 0.05000000074505806 0.0 0.33000001311302185 0.33000001311302185 0.33000001311302185 0.0 0.09000000357627869 0.09000000357627869 0.550000011920929 0.0 0.0 0.3199999928474426 0.30000001192092896 0.0 0.09000000357627869 0.09000000357627869 0.0 0.0 0.11999999731779099 0.0 0.11999999731779099 0.10999999940395355 0.0 0.4300000071525574 0.0 0.11999999731779099 0.0 0.11999999731779099 0.0 0.09000000357627869 0.09000000357627869 0.0 0.0 0.11999999731779099 0.0 0.11999999731779099 0.0 0.11999999731779099 0.0 0.11999999731779099 0.0 0.11999999731779099 0.0 0.09000000357627869 0.09000000357627869 0.0 0.09000000357627869 0.09000000357627869 0.0 0.09000000357627869 0.09000000357627869 0.0 0.09000000357627869 0.09000000357627869 0.0 0.09000000357627869 0.0 0.09000000357627869 0.09000000357627869 0.09000000357627869 0.0 0.09000000357627869 0.09000000357627869 0.0 0.09000000357627869 0.09000000357627869 0.550000011920929 0.0 0.0 0.3199999928474426 0.30000001192092896 0.0 0.09000000357627869 0.09000000357627869 0.550000011920929 0.0 0.0 0.09000000357627869 0.09000000357627869 0.0 0.09000000357627869 0.0 0.09000000357627869 0.09000000357627869 0.09000000357627869 0.0 0.09000000357627869 0.09000000357627869 0.09000000357627869 0.0 0.09000000357627869 0.0 0.09000000357627869 0.09000000357627869 0.09000000357627869 0.0 0.09000000357627869 0.09000000357627869 0.09000000357627869 0.0 0.09000000357627869 0.09000000357627869 0.0 0.1599999964237213 0.05000000074505806 0.09000000357627869 0.09000000357627869 0.09000000357627869 0.0 0.09000000357627869 0.09000000357627869 0.0 0.09000000357627869 0.0 0.09000000357627869 0.09000000357627869 0.09000000357627869 0.0 0.09000000357627869 0.09000000357627869 0.09000000357627869 0.0 0.09000000357627869 0.09000000357627869 0.0 0.09000000357627869 0.09000000357627869 0.6200000047683716 0.0 0.0 0.0 0.09000000357627869 0.09000000357627869 0.0 0.09000000357627869 0.0 0.09000000357627869 0.09000000357627869 0.09000000357627869 0.0 0.09000000357627869 0.09000000357627869 0.09000000357627869 0.05000000074505806 0.09000000357627869 0.09000000357627869 0.0 0.4300000071525574 0.0 0.09000000357627869 0.30000001192092896 0.0 0.09000000357627869 0.09000000357627869 0.09000000357627869
517 0.09000000357627869 0.09000000357627869 0.0 0.09000000357627869 0.09000000357627869 0.0 0.09000000357627869 0.0 0.09000000357627869 0.09000000357627869 0.09000000357627869 0.0 0.09000000357627869 0.09000000357627869 0.09000000357627869 0.0 0.09000000357627869 0.09000000357627869 0.0 0.09000000357627869 0.09000000357627869 0.0 0.09000000357627869 0.09000000357627869 0.0 0.10999999940395355 0.4300000071525574 0.0 0.11999999731779099 0.0 0.11999999731779099 0.0 0.09000000357627869 0.09000000357627869 0.09000000357627869 0.1899999976158142 0.12999999523162842 0.0 0.4399999976158142 0.0 0.09000000357627869 0.09000000357627869 0.0 0.09000000357627869 0.0 0.09000000357627869 0.09000000357627869 0.09000000357627869 0.0 0.09000000357627869 0.09000000357627869 0.09000000357627869 0.0 0.09000000357627869 0.09000000357627869 0.0 0.09000000357627869 0.09000000357627869 0.0 0.09000000357627869 0.09000000357627869 0.0 0.09000000357627869 0.09000000357627869 0.0 0.09000000357627869 0.09000000357627869 0.0 0.09000000357627869 0.09000000357627869 0.6200000047683716 0.0 0.0 0.0 0.09000000357627869 0.09000000357627869 0.0 0.09000000357627869 0.09000000357627869 0.0 0.09000000357627869 0.09000000357627869 0.20999999344348907 0.05000000074505806 0.05000000074505806 0.0 0.33000001311302185 0.33000001311302185 0.0 0.09000000357627869 0.09000000357627869 0.550000011920929 0.0 0.0 0.3199999928474426 0.30000001192092896 0.0 0.09000000357627869 0.09000000357627869 0.0 0.0 0.11999999731779099 0.0 0.11999999731779099 0.10999999940395355 0.0 0.4300000071525574 0.0 0.11999999731779099 0.0 0.11999999731779099 0.05000000074505806 0.09000000357627869 0.09000000357627869 0.0 0.09000000357627869 0.0 0.0 0.0 0.11999999731779099 0.0 0.11999999731779099 0.0 0.11999999731779099 0.0 0.11999999731779099 0.0 0.09000000357627869 0.09000000357627869 0.0 0.0 0.09000000357627869 0.0 0.09000000357627869 0.09000000357627869 0.09000000357627869 0.0 0.09000000357627869 0.0 0.09000000357627869 0.09000000357627869 0.09000000357627869 0.0 0.09000000357627869 0.09000000357627869 0.09000000357627869 0.0 0.09000000357627869 0.09000000357627869 0.0 0.1599999964237213 0.0 0.09000000357627869 0.09000000357627869 0.0 0.0 0.11999999731779099 0.0 0.11999999731779099 0.10999999940395355 0.0 0.4300000071525574 0.0 0.11999999731779099 0.0 0.11999999731779099 0.0 0.09000000357627869 0.09000000357627869 0.6200000047683716 0.0 0.0 0.0 0.09000000357627869 0.09000000357627869 0.0 0.09000000357627869 0.0 0.09000000357627869 0.09000000357627869 0.0 0.09000000357627869 0.09000000357627869 0.09000000357627869 0.0 0.33000001311302185 0.33000001311302185 0.33000001311302185 0.0 0.0 0.09000000357627869 0.0 0.09000000357627869 0.09000000357627869 0.09000000357627869 0.0 0.09000000357627869 0.09000000357627869 0.09000000357627869 0.0 0.09000000357627869 0.09000000357627869 0.0 0.09000000357627869 0.0 0.09000000357627869 0.09000000357627869 0.09000000357627869 0.0 0.09000000357627869 0.09000000357627869 0.09000000357627869 0.0 0.09000000357627869 0.09000000357627869 0.0 0.09000000357627869 0.0 0.09000000357627869 0.09000000357627869 0.09000000357627869 0.0 0.09000000357627869 0.09000000357627869 0.09000000357627869 0.0 0.09000000357627869 0.09000000357627869 0.0 0.09000000357627869 0.09000000357627869 0.0 0.09000000357627869 0.09000000357627869 0.0 0.09000000357627869 0.09000000357627869 0.6200000047683716 0.0 0.0 0.0 0.09000000357627869 0.0 0.0 0.11999999731779099 0.0 0.10999999940395355 0.0 0.4300000071525574 0.0 0.11999999731779099 0.0 0.11999999731779099 0.09000000357627869 0.0 0.09000000357627869 0.09000000357627869 0.0 0.09000000357627869 0.0 0.09000000357627869 0.09000000357627869 0.09000000357627869 0.0 0.09000000357627869 0.09000000357627869 0.05000000074505806 0.09000000357627869 0.09000000357627869 0.0 0.4300000071525574
532 0.0 0.09000000357627869 0.09000000357627869 0.0 0.09000000357627869 0.09000000357627869 0.550000011920929 0.0 0.0 0.3199999928474426 0.30000001192092896 0.0 0.09000000357627869 0.09000000357627869 0.0 0.09000000357627869 0.09000000357627869 0.20000000298023224 0.09000000357627869 0.09000000357627869 0.0 0.4399999976158142 0.46000000834465027 0.0 0.09000000357627869 0.09000000357627869 0.1899999976158142 0.12999999523162842 0.1899999976158142 0.0 0.4399999976158142 0.0 0.4399999976158142 0.3199999928474426 0.18000000715255737 0.09000000357627869 0.0 0.09000000357627869 0.09000000357627869 0.0 0.09000000357627869 0.0 0.09000000357627869 0.09000000357627869 0.09000000357627869 0.0 0.09000000357627869 0.09000000357627869 0.09000000357627869 0.0 0.09000000357627869 0.0 0.09000000357627869 0.09000000357627869 0.09000000357627869 0.0 0.09000000357627869 0.09000000357627869 0.09000000357627869 0.0 0.09000000357627869 0.0 0.09000000357627869 0.09000000357627869 0.09000000357627869 0.0 0.09000000357627869 0.09000000357627869 0.09000000357627869 0.09000000357627869 0.0 0.09000000357627869 0.09000000357627869 0.09000000357627869 0.09000000357627869 0.0 0.09000000357627869 0.09000000357627869 0.550000011920929 0.0 0.0 0.3199999928474426 0.30000001192092896 0.0 0.09000000357627869 0.05000000074505806 0.09000000357627869 0.09000000357627869 0.0 0.4300000071525574 0.0 0.09000000357627869 0.09000000357627869 0.0 0.0 0.0 0.0 0.11999999731779099 0.0 0.11999999731779099 0.0 0.09000000357627869 0.0 0.09000000357627869 0.0 0.09000000357627869 0.0 0.09000000357627869 0.09000000357627869 0.550000011920929 0.0 0.0 0.30000001192092896 0.0 0.09000000357627869 0.09000000357627869 0.550000011920929 0.0 0.0 0.3199999928474426 0.30000001192092896 0.0 0.09000000357627869 0.09000000357627869 0.0 0.09000000357627869 0.0 0.09000000357627869 0.09000000357627869 0.09000000357627869 0.0 0.09000000357627869 0.09000000357627869 0.09000000357627869 0.0 0.09000000357627869 0.0 0.09000000357627869 0.09000000357627869 0.09000000357627869 0.0 0.09000000357627869 0.09000000357627869 0.09000000357627869 0.0 0.09000000357627869 0.09000000357627869 0.0 0.1599999964237213 0.05000000074505806 0.09000000357627869 0.0 0.09000000357627869 0.09000000357627869 0.0 0.09000000357627869 0.09000000357627869 0.0 0.09000000357627869 0.09000000357627869 0.0 0.09000000357627869 0.09000000357627869 0.0 0.09000000357627869 0.09000000357627869 0.0 0.09000000357627869 0.09000000357627869 0.6200000047683716 0.0 0.0 0.0 0.09000000357627869 0.09000000357627869 0.0 0.0 0.11999999731779099 0.0 0.11999999731779099 0.10999999940395355 0.0 0.4300000071525574 0.0 0.11999999731779099 0.0 0.11999999731779099 0.09000000357627869 0.0 0.09000000357627869 0.09000000357627869 0.0 0.09000000357627869 0.0 0.09000000357627869 0.09000000357627869 0.09000000357627869 0.0 0.09000000357627869 0.09000000357627869 0.09000000357627869 0.0 0.09000000357627869 0.09000000357627869 0.550000011920929 0.0 0.0 0.3199999928474426 0.30000001192092896 0.0 0.09000000357627869 0.09000000357627869 0.0 0.09000000357627869 0.0 0.09000000357627869 0.09000000357627869 0.09000000357627869 0.0 0.09000000357627869 0.09000000357627869 0.09000000357627869 0.14000000059604645 0.09000000357627869 0.0 0.4300000071525574 0.0 0.09000000357627869 0.09000000357627869 0.09000000357627869 0.09000000357627869 0.0 0.09000000357627869 0.09000000357627869 0.09000000357627869 0.46000000834465027 0.0 0.09000000357627869 0.09000000357627869 0.0 0.09000000357627869 0.09000000357627869 0.20000000298023224 0.09000000357627869 0.09000000357627869 0.0 0.4399999976158142 0.6399999856948853 0.0 0.46000000834465027 0.46000000834465027 0.0 0.46000000834465027 0.46000000834465027 0.09000000357627869 0.09000000357627869 0.09000000357627869 0.09000000357627869
535 0.0 0.09000000357627869 0.09000000357627869 0.1899999976158142 0.12999999523162842 0.1899999976158142 0.0 0.4399999976158142 0.0 0.4399999976158142 0.3199999928474426 0.18000000715255737 0.0 0.09000000357627869 0.0 0.1599999964237213 0.09000000357627869 0.09000000357627869 0.0 0.09000000357627869 0.09000000357627869 0.05000000074505806 0.09000000357627869 0.09000000357627869 0.0 0.4300000071525574 0.0 0.09000000357627869 0.09000000357627869 0.0 0.09000000357627869 0.0 0.09000000357627869 0.09000000357627869 0.09000000357627869 0.0 0.09000000357627869 0.09000000357627869 0.09000000357627869 0.0 0.4300000071525574 0.09000000357627869 0.0 0.09000000357627869 0.09000000357627869 0.0 0.09000000357627869 0.09000000357627869 0.0 0.09000000357627869 0.09000000357627869 0.0 0.09000000357627869 0.09000000357627869 0.0 0.09000000357627869 0.0 0.09000000357627869 0.09000000357627869 0.09000000357627869 0.0 0.09000000357627869 0.09000000357627869 0.550000011920929 0.0 0.09000000357627869 0.09000000357627869 0.550000011920929 0.0 0.0 0.3199999928474426 0.30000001192092896 0.0 0.09000000357627869 0.0 0.09000000357627869 0.0 0.09000000357627869 0.09000000357627869 0.0 0.09000000357627869 0.09000000357627869 0.09000000357627869 0.11999999731779099 0.05000000074505806 0.09000000357627869 0.09000000357627869 0.0 0.4300000071525574 0.0 0.09000000357627869 0.09000000357627869 0.550000011920929 0.0 0.0 0.3199999928474426 0.30000001192092896 0.0 0.09000000357627869 0.09000000357627869 0.0 0.09000000357627869 0.0 0.09000000357627869 0.09000000357627869 0.09000000357627869 0.0 0.09000000357627869 0.09000000357627869 0.09000000357627869 0.0 0.09000000357627869 0.09000000357627869 0.09000000357627869 0.0 0.09000000357627869 0.09000000357627869 0.0 0.1599999964237213 0.0 0.09000000357627869 0.550000011920929 0.0 0.0 0.3199999928474426 0.30000001192092896 0.0 0.1599999964237213 0.0 0.09000000357627869 0.09000000357627869 0.1899999976158142 0.0 0.4399999976158142 0.3199999928474426 0.09000000357627869 0.05000000074505806 0.09000000357627869 0.09000000357627869 0.0 0.4300000071525574 0.05000000074505806 0.09000000357627869 0.09000000357627869 0.0 0.4300000071525574 0.0 0.09000000357627869 0.0 0.09000000357627869 0.09000000357627869 0.09000000357627869 0.0 0.09000000357627869 0.09000000357627869 0.09000000357627869 0.0 0.0 0.09000000357627869 0.20000000298023224 0.09000000357627869 0.09000000357627869 0.0 0.4399999976158142 0.6399999856948853 0.0 0.46000000834465027 0.46000000834465027 0.0 0.46000000834465027 0.46000000834465027 0.0 0.09000000357627869 0.09000000357627869 0.0 0.4399999976158142 0.0 0.46000000834465027 0.0 0.09000000357627869 0.09000000357627869 0.09000000357627869 0.09000000357627869 0.09000000357627869
543 0.1899999976158142 0.12999999523162842 0.0 0.4399999976158142 0.3199999928474426 0.18000000715255737 0.0 0.09000000357627869 0.09000000357627869 0.1899999976158142 0.12999999523162842 0.1899999976158142 0.0 0.4399999976158142 0.0 0.09000000357627869 0.09000000357627869 0.0 0.1599999964237213 0.0 0.09000000357627869 0.09000000357627869 0.0 0.09000000357627869 0.0 0.09000000357627869 0.09000000357627869 0.09000000357627869 0.0 0.09000000357627869 0.09000000357627869 0.09000000357627869 0.0 0.09000000357627869 0.09000000357627869 0.0 0.09000000357627869 0.0 0.09000000357627869 0.09000000357627869 0.09000000357627869 0.0 0.09000000357627869 0.09000000357627869 0.09000000357627869 0.09000000357627869 0.0 0.10999999940395355 0.4300000071525574 0.0 0.11999999731779099 0.0 0.11999999731779099 0.09000000357627869 0.0 0.4300000071525574 0.09000000357627869 0.550000011920929 0.0 0.0 0.3199999928474426 0.30000001192092896 0.0 0.09000000357627869 0.09000000357627869 0.550000011920929 0.0 0.0 0.30000001192092896 0.0 0.09000000357627869 0.09000000357627869 0.0 0.09000000357627869 0.0 0.09000000357627869 0.09000000357627869 0.09000000357627869 0.0 0.09000000357627869 0.09000000357627869 0.09000000357627869 0.14000000059604645 0.09000000357627869 0.0 0.4300000071525574 0.0 0.09000000357627869 0.09000000357627869 0.09000000357627869 0.0 0.09000000357627869 0.09000000357627869 0.09000000357627869 0.0 0.09000000357627869 0.09000000357627869 0.0 0.1599999964237213 0.0 0.09000000357627869 0.0 0.09000000357627869 0.09000000357627869 0.0 0.1599999964237213 0.0 0.09000000357627869 0.09000000357627869 0.1899999976158142 0.12999999523162842 0.1899999976158142 0.0 0.4399999976158142 0.3199999928474426 0.09000000357627869 0.05000000074505806 0.09000000357627869 0.09000000357627869 0.0 0.4300000071525574 0.0 0.09000000357627869 0.0 0.09000000357627869 0.09000000357627869 0.09000000357627869 0.0 0.09000000357627869 0.09000000357627869 0.09000000357627869 0.0 0.09000000357627869 0.09000000357627869 0.0 0.09000000357627869 0.09000000357627869 0.20000000298023224 0.09000000357627869 0.09000000357627869 0.0 0.4399999976158142 0.6399999856948853 0.0 0.46000000834465027 0.46000000834465027 0.0 0.46000000834465027 0.46000000834465027 0.09000000357627869 0.09000000357627869 0.11999999731779099 0.0 0.09000000357627869 0.09000000357627869 0.0 0.09000000357627869 0.0 0.09000000357627869 0.09000000357627869 0.09000000357627869 0.0 0.09000000357627869 0.0 0.09000000357627869 0.09000000357627869 0.6200000047683716 0.0 0.0 0.0 0.09000000357627869 0.0 0.09000000357627869 0.09000000357627869 0.09000000357627869 0.0 0.09000000357627869 0.09000000357627869 0.6200000047683716 0.0 0.0 0.09000000357627869 0.0 0.09000000357627869 0.09000000357627869 0.0 0.09000000357627869 0.0 0.09000000357627869 0.09000000357627869 0.09000000357627869 0.0 0.09000000357627869 0.09000000357627869 0.550000011920929 0.0 0.0 0.3199999928474426
544 0.1899999976158142 0.12999999523162842 0.1899999976158142 0.0 0.4399999976158142 0.0 0.3199999928474426 0.18000000715255737 0.0 0.09000000357627869 0.09000000357627869 0.1899999976158142 0.12999999523162842 0.1899999976158142 0.0 0.4399999976158142 0.0 0.09000000357627869 0.09000000357627869 0.0 0.09000000357627869 0.09000000357627869 0.0 0.09000000357627869 0.09000000357627869 0.20999999344348907 0.05000000074505806 0.05000000074505806 0.0 0.09000000357627869 0.09000000357627869 0.0 0.1599999964237213 0.0 0.09000000357627869 0.09000000357627869 0.0 0.09000000357627869 0.0 0.09000000357627869 0.09000000357627869 0.09000000357627869 0.0 0.09000000357627869 0.09000000357627869 0.09000000357627869 0.0 0.09000000357627869 0.09000000357627869 0.0 0.09000000357627869 0.0 0.09000000357627869 0.09000000357627869 0.09000000357627869 0.0 0.09000000357627869 0.09000000357627869 0.09000000357627869 0.0 0.09000000357627869 0.09000000357627869 0.0 0.0 0.0 0.10999999940395355 0.0 0.4300000071525574 0.0 0.11999999731779099 0.0 0.11999999731779099 0.09000000357627869 0.0 0.09000000357627869 0.09000000357627869 0.09000000357627869 0.09000000357627869 0.05000000074505806 0.09000000357627869 0.09000000357627869 0.0 0.4300000071525574 0.09000000357627869 0.0 0.09000000357627869 0.09000000357627869 0.0 0.09000000357627869 0.0 0.09000000357627869 0.09000000357627869 0.0 0.09000000357627869 0.09000000357627869 0.09000000357627869 0.14000000059604645 0.09000000357627869 0.0 0.4300000071525574 0.0 0.09000000357627869 0.0 0.09000000357627869 0.09000000357627869 0.09000000357627869 0.0 0.09000000357627869 0.09000000357627869 0.0 0.1599999964237213 0.0 0.09000000357627869 0.0 0.2199999988079071 0.0 0.09000000357627869 0.09000000357627869 0.0 0.1599999964237213 0.0 0.09000000357627869 0.09000000357627869 0.1899999976158142 0.09000000357627869 0.05000000074505806 0.09000000357627869 0.09000000357627869 0.0 0.4300000071525574 0.0 0.09000000357627869 0.0 0.09000000357627869 0.09000000357627869 0.09000000357627869 0.0 0.09000000357627869 0.09000000357627869 0.09000000357627869 0.0 0.09000000357627869 0.09000000357627869 0.0 0.09000000357627869 0.09000000357627869 0.20000000298023224 0.09000000357627869 0.09000000357627869 0.0 0.4399999976158142 0.6399999856948853 0.0 0.46000000834465027 0.46000000834465027 0.0 0.46000000834465027 0.46000000834465027 0.09000000357627869 0.0 0.09000000357627869 0.09000000357627869 0.09000000357627869 0.0 0.09000000357627869 0.0 0.09000000357627869 0.09000000357627869 0.09000000357627869 0.0 0.09000000357627869 0.0 0.09000000357627869 0.09000000357627869 0.09000000357627869 0.0 0.09000000357627869 0.0 0.0 0.11999999731779099 0.0 0.11999999731779099 0.10999999940395355 0.0 0.0 0.09000000357627869 0.09000000357627869 0.0 0.09000000357627869 0.0 0.09000000357627869 0.09000000357627869 0.09000000357627869 0.0 0.09000000357627869 0.09000000357627869 0.09000000357627869 0.09000000357627869 0.0 0.09000000357627869 0.09000000357627869 0.6200000047683716 0.0 0.0 0.0 0.09000000357627869 0.09000000357627869 0.0 0.09000000357627869 0.09000000357627869 0.20000000298023224 0.09000000357627869 0.09000000357627869 0.0 0.4399999976158142 0.6399999856948853 0.0 0.46000000834465027 0.46000000834465027 0.0 0.46000000834465027 0.46000000834465027 0.09000000357627869 0.0 0.3199999928474426 0.09000000357627869 0.1599999964237213 0.0 0.4399999976158142 0.3199999928474426 0.18000000715255737 0.09000000357627869 0.0 0.09000000357627869 0.0 0.09000000357627869 0.09000000357627869 0.09000000357627869 0.0 0.09000000357627869 0.09000000357627869 0.6200000047683716 0.0 0.09000000357627869 0.0 0.09000000357627869 0.09000000357627869 0.09000000357627869 0.0 0.09000000357627869 0.09000000357627869 0.1899999976158142 0.0 0.4399999976158142 0.3199999928474426 0.0 0.09000000357627869 0.09000000357627869 0.09000000357627869 0.09000000357627869
553 0.09000000357627869 0.0 0.09000000357627869 0.09000000357627869 0.0 0.0 0.09000000357627869 0.09000000357627869 0.09000000357627869 0.0 0.09000000357627869 0.0 0.09000000357627869 0.09000000357627869 0.0 0.09000000357627869 0.09000000357627869 0.0 0.09000000357627869 0.09000000357627869 0.1899999976158142 0.12999999523162842 0.1899999976158142 0.0 0.4399999976158142 0.0 0.4399999976158142 0.3199999928474426 0.18000000715255737 0.09000000357627869 0.05000000074505806 0.09000000357627869 0.09000000357627869 0.0 0.4300000071525574 0.0 0.09000000357627869 0.09000000357627869 0.0 0.09000000357627869 0.0 0.09000000357627869 0.09000000357627869 0.09000000357627869 0.0 0.09000000357627869 0.09000000357627869 0.09000000357627869 0.09000000357627869 0.0 0.0 0.09000000357627869 0.0 0.09000000357627869 0.09000000357627869 0.09000000357627869 0.0 0.09000000357627869 0.09000000357627869 0.09000000357627869 0.0 0.09000000357627869 0.09000000357627869 0.0 0.09000000357627869 0.0 0.09000000357627869 0.09000000357627869 0.09000000357627869 0.0 0.09000000357627869 0.0 0.09000000357627869 0.09000000357627869 0.0 0.09000000357627869 0.09000000357627869 0.0 0.09000000357627869 0.09000000357627869 0.20999999344348907 0.05000000074505806 0.05000000074505806 0.0 0.33000001311302185 0.33000001311302185 0.33000001311302185 0.0 0.09000000357627869 0.0 0.09000000357627869 0.09000000357627869 0.09000000357627869 0.0 0.0 0.09000000357627869 0.09000000357627869 0.09000000357627869 0.09000000357627869 0.0 0.09000000357627869 0.09000000357627869 0.0 0.09000000357627869 0.09000000357627869 0.20000000298023224 0.09000000357627869 0.0 0.09000000357627869 0.09000000357627869 0.0 0.09000000357627869 0.09000000357627869 0.20000000298023224 0.09000000357627869 0.09000000357627869 0.0 0.09000000357627869 0.0 0.09000000357627869 0.09000000357627869 0.09000000357627869 0.0 0.09000000357627869 0.09000000357627869 0.09000000357627869 0.0 0.09000000357627869 0.09000000357627869 0.0 0.09000000357627869 0.09000000357627869 0.20000000298023224 0.09000000357627869 0.09000000357627869 0.0 0.4399999976158142 0.6399999856948853 0.0 0.46000000834465027 0.46000000834465027 0.0 0.46000000834465027 0.46000000834465027 0.09000000357627869 0.0 0.09000000357627869 0.09000000357627869 0.6200000047683716 0.0 0.0 0.09000000357627869 0.0 0.09000000357627869 0.0 0.09000000357627869 0.09000000357627869 0.09000000357627869 0.0 0.09000000357627869 0.09000000357627869 0.0 0.09000000357627869 0.09000000357627869 0.09000000357627869 0.0 0.09000000357627869 0.0 0.09000000357627869 0.09000000357627869 0.09000000357627869 0.0 0.09000000357627869 0.09000000357627869 0.09000000357627869 0.0 0.09000000357627869 0.09000000357627869 0.0 0.0 0.11999999731779099 0.0 0.11999999731779099 0.10999999940395355 0.0 0.4300000071525574 0.0 0.11999999731779099 0.0 0.11999999731779099 0.14000000059604645 0.09000000357627869 0.4300000071525574 0.0 0.09000000357627869 0.09000000357627869 0.0 0.09000000357627869 0.09000000357627869 0.550000011920929 0.0 0.0 0.3199999928474426 0.30000001192092896 0.09000000357627869 0.0 0.0 0.0 0.11999999731779099 0.0 0.11999999731779099 0.0 0.11999999731779099 0.0 0.09000000357627869 0.09000000357627869 0.6200000047683716 0.0
562 0.09000000357627869 0.0 0.09000000357627869 0.0 0.09000000357627869 0.20999999344348907 0.05000000074505806 0.0 0.09000000357627869 0.09000000357627869 0.0 0.09000000357627869 0.0 0.09000000357627869 0.09000000357627869 0.09000000357627869 0.0 0.09000000357627869 0.09000000357627869 0.09000000357627869 0.0 0.0 0.09000000357627869 0.0 0.09000000357627869 0.09000000357627869 0.09000000357627869 0.05000000074505806 0.09000000357627869 0.09000000357627869 0.0 0.4300000071525574 0.0 0.09000000357627869 0.09000000357627869 0.0 0.09000000357627869 0.09000000357627869 0.20000000298023224 0.09000000357627869 0.09000000357627869 0.0 0.4399999976158142 0.6399999856948853 0.0 0.46000000834465027 0.05000000074505806 0.09000000357627869 0.09000000357627869 0.0 0.09000000357627869 0.0 0.09000000357627869 0.09000000357627869 0.09000000357627869 0.0 0.09000000357627869 0.09000000357627869 0.0 0.09000000357627869 0.09000000357627869 0.09000000357627869 0.0 0.09000000357627869 0.09000000357627869 0.0 0.0 0.11999999731779099 0.0 0.11999999731779099 0.10999999940395355 0.0 0.4300000071525574 0.0 0.11999999731779099 0.0 0.11999999731779099 0.0 0.09000000357627869 0.09000000357627869 0.0 0.09000000357627869 0.09000000357627869 0.0 0.09000000357627869 0.6200000047683716 0.0 0.09000000357627869 0.0 0.09000000357627869 0.09000000357627869 0.6200000047683716 0.0 0.0 0.0 0.09000000357627869 0.09000000357627869 0.0 0.09000000357627869 0.09000000357627869 0.20000000298023224 0.09000000357627869 0.09000000357627869 0.0 0.4399999976158142 0.6399999856948853 0.0 0.46000000834465027 0.46000000834465027 0.0 0.46000000834465027 0.46000000834465027 0.0 0.09000000357627869 0.09000000357627869 0.550000011920929 0.0 0.0 0.3199999928474426 0.30000001192092896 0.05000000074505806 0.09000000357627869 0.09000000357627869 0.0 0.4300000071525574 0.0 0.09000000357627869 0.09000000357627869 0.0 0.09000000357627869 0.09000000357627869 0.20000000298023224 0.09000000357627869 0.09000000357627869 0.0 0.4399999976158142 0.6399999856948853 0.05000000074505806 0.09000000357627869 0.09000000357627869 0.0 0.4300000071525574 0.0 0.09000000357627869 0.09000000357627869 0.0 0.1599999964237213 0.0 0.09000000357627869 0.09000000357627869 0.0 0.1599999964237213 0.09000000357627869 0.0 0.09000000357627869 0.09000000357627869 0.0 0.0 0.11999999731779099 0.0 0.11999999731779099 0.0 0.11999999731779099 0.0 0.11999999731779099 0.0 0.11999999731779099 0.0 0.09000000357627869 0.09000000357627869 0.0 0.09000000357627869 0.09000000357627869 0.0 0.09000000357627869 0.09000000357627869 0.20999999344348907 0.05000000074505806 0.05000000074505806 0.0 0.33000001311302185 0.33000001311302185 0.33000001311302185 0.0 0.09000000357627869 0.09000000357627869 0.1899999976158142 0.12999999523162842 0.1899999976158142 0.0 0.4399999976158142 0.0 0.4399999976158142 0.3199999928474426 0.18000000715255737 0.0 0.09000000357627869 0.09000000357627869 0.0 0.0 0.11999999731779099 0.0 0.11999999731779099 0.0 0.11999999731779099 0.0 0.11999999731779099 0.0 0.11999999731779099 0.0 0.09000000357627869 0.09000000357627869 0.0 0.10999999940395355 0.0 0.17000000178813934 0.09000000357627869 0.0 0.09000000357627869 0.09000000357627869 0.0 0.09000000357627869 0.09000000357627869 0.0 0.09000000357627869 0.09000000357627869 0.0 0.09000000357627869 0.09000000357627869 0.6200000047683716 0.0 0.0 0.0 0.09000000357627869 0.09000000357627869 0.0 0.0 0.10999999940395355 0.0 0.11999999731779099 0.0 0.11999999731779099 0.0 0.6200000047683716 0.0 0.0 0.0 0.09000000357627869 0.0 0.09000000357627869 0.09000000357627869 0.0 0.09000000357627869 0.09000000357627869 0.09000000357627869 0.09000000357627869 0.0 0.11999999731779099 0.11999999731779099 0.09000000357627869 0.09000000357627869 0.0 0.09000000357627869 0.09000000357627869 0.09000000357627869 0.0 0.4399999976158142 0.3199999928474426 0.18000000715255737
564 0.0 0.09000000357627869 0.09000000357627869 0.0 0.550000011920929 0.0 0.3199999928474426 0.0 0.09000000357627869 0.0 0.0 0.09000000357627869 0.0 0.09000000357627869 0.09000000357627869 0.09000000357627869 0.0 0.09000000357627869 0.09000000357627869 0.0 0.09000000357627869 0.0 0.09000000357627869 0.09000000357627869 0.09000000357627869 0.0 0.09000000357627869 0.09000000357627869 0.0 0.0 0.11999999731779099 0.0 0.11999999731779099 0.10999999940395355 0.0 0.4300000071525574 0.0 0.11999999731779099 0.0 0.11999999731779099 0.0 0.09000000357627869 0.09000000357627869 0.0 0.09000000357627869 0.09000000357627869 0.0 0.09000000357627869 0.09000000357627869 0.20000000298023224 0.09000000357627869 0.09000000357627869 0.0 0.4399999976158142 0.6399999856948853 0.0 0.46000000834465027 0.46000000834465027 0.0 0.46000000834465027 0.46000000834465027 0.14000000059604645 0.09000000357627869 0.0 0.4300000071525574 0.0 0.09000000357627869 0.09000000357627869 0.09000000357627869 0.0 0.09000000357627869 0.09000000357627869 0.550000011920929 0.0 0.0 0.3199999928474426 0.30000001192092896 0.0 0.09000000357627869 0.09000000357627869 0.0 0.09000000357627869 0.09000000357627869 0.20000000298023224 0.09000000357627869 0.09000000357627869 0.0 0.4399999976158142 0.6399999856948853 0.0 0.46000000834465027 0.46000000834465027 0.0 0.46000000834465027 0.46000000834465027 0.05000000074505806 0.09000000357627869 0.09000000357627869 0.0 0.4300000071525574 0.14000000059604645 0.09000000357627869 0.0 0.4300000071525574 0.0 0.09000000357627869 0.09000000357627869 0.09000000357627869 0.09000000357627869 0.09000000357627869 0.1599999964237213 0.0 0.09000000357627869 0.09000000357627869 0.0 0.1599999964237213 0.09000000357627869 0.0 0.09000000357627869 0.09000000357627869 0.0 0.0 0.11999999731779099 0.0 0.11999999731779099 0.0 0.11999999731779099 0.0 0.11999999731779099 0.0 0.11999999731779099 0.0 0.09000000357627869 0.09000000357627869 0.0 0.09000000357627869 0.09000000357627869 0.0 0.09000000357627869 0.09000000357627869 0.20999999344348907 0.05000000074505806 0.05000000074505806 0.0 0.33000001311302185 0.33000001311302185 0.33000001311302185 0.0 0.09000000357627869 0.09000000357627869 0.1899999976158142 0.12999999523162842 0.1899999976158142 0.0 0.4399999976158142 0.0 0.4399999976158142 0.3199999928474426 0.18000000715255737 0.0 0.09000000357627869 0.09000000357627869 0.0 0.0 0.11999999731779099 0.0 0.11999999731779099 0.0 0.09000000357627869 0.0 0.09000000357627869 0.09000000357627869 0.0 0.09000000357627869 0.09000000357627869 0.6200000047683716 0.0 0.0 0.0 0.09000000357627869 0.09000000357627869 0.0 0.0 0.11999999731779099 0.0 0.09000000357627869 0.09000000357627869 0.6200000047683716 0.0 0.0 0.0 0.09000000357627869 0.0 0.4300000071525574 0.0 0.09000000357627869 0.09000000357627869 0.09000000357627869
566 0.4300000071525574 0.0 0.09000000357627869 0.0 0.46000000834465027 0.46000000834465027 0.0 0.09000000357627869 0.09000000357627869 0.0 0.09000000357627869 0.09000000357627869 0.20000000298023224 0.09000000357627869 0.09000000357627869 0.0 0.4399999976158142 0.6399999856948853 0.0 0.46000000834465027 0.46000000834465027 0.0 0.46000000834465027 0.46000000834465027 0.14000000059604645 0.09000000357627869 0.0 0.4300000071525574 0.0 0.09000000357627869 0.09000000357627869 0.09000000357627869 0.0 0.09000000357627869 0.09000000357627869 0.05000000074505806 0.09000000357627869 0.09000000357627869 0.0 0.4300000071525574 0.0 0.09000000357627869 0.09000000357627869 0.0 0.09000000357627869 0.09000000357627869 0.20000000298023224 0.09000000357627869 0.09000000357627869 0.0 0.4399999976158142 0.6399999856948853 0.0 0.46000000834465027 0.46000000834465027 0.0 0.46000000834465027 0.46000000834465027 0.14000000059604645 0.09000000357627869 0.0 0.4300000071525574 0.0 0.09000000357627869 0.09000000357627869 0.09000000357627869 0.09000000357627869 0.09000000357627869 0.0 0.09000000357627869 0.09000000357627869 0.0 0.09000000357627869 0.09000000357627869 0.0 0.09000000357627869 0.0 0.09000000357627869 0.09000000357627869 0.0 0.1599999964237213 0.09000000357627869 0.0 0.09000000357627869 0.09000000357627869 0.0 0.1599999964237213 0.09000000357627869 0.0 0.09000000357627869 0.09000000357627869 0.0 0.0 0.11999999731779099 0.0 0.11999999731779099 0.0 0.11999999731779099 0.0 0.11999999731779099 0.0 0.11999999731779099 0.0 0.09000000357627869 0.09000000357627869 0.0 0.09000000357627869 0.09000000357627869 0.0 0.09000000357627869 0.09000000357627869 0.20999999344348907 0.05000000074505806 0.05000000074505806 0.0 0.33000001311302185 0.33000001311302185 0.33000001311302185 0.0 0.09000000357627869 0.09000000357627869 0.1899999976158142 0.12999999523162842 0.1899999976158142 0.0 0.4399999976158142 0.0 0.4399999976158142 0.3199999928474426 0.18000000715255737 0.0 0.09000000357627869 0.09000000357627869 0.0 0.09000000357627869 0.09000000357627869 0.6200000047683716 0.0 0.0 0.0 0.09000000357627869 0.09000000357627869 0.0 0.0 0.11999999731779099 0.0 0.11999999731779099 0.0 0.09000000357627869 0.09000000357627869 0.6200000047683716 0.0 0.0 0.0 0.09000000357627869 0.09000000357627869 0.550000011920929 0.0 0.0 0.3199999928474426 0.30000001192092896 0.0 0.09000000357627869 0.0 0.09000000357627869 0.09000000357627869 0.11999999731779099 0.11999999731779099 0.0 0.09000000357627869 0.09000000357627869 0.11999999731779099 0.0 0.09000000357627869 0.09000000357627869 0.0 0.09000000357627869 0.09000000357627869 0.6200000047683716 0.0 0.0 0.05000000074505806 0.09000000357627869 0.09000000357627869 0.0 0.4300000071525574 0.0 0.09000000357627869 0.09000000357627869 0.09000000357627869 0.0 0.09000000357627869 0.09000000357627869 0.09000000357627869 0.0 0.11999999731779099 0.10999999940395355 0.0 0.4300000071525574 0.0 0.11999999731779099 0.18000000715255737
567 0.550000011920929 0.0 0.0 0.3199999928474426 0.05000000074505806 0.09000000357627869 0.09000000357627869 0.0 0.4300000071525574 0.0 0.09000000357627869 0.09000000357627869 0.0 0.09000000357627869 0.09000000357627869 0.20000000298023224 0.09000000357627869 0.09000000357627869 0.0 0.4399999976158142 0.6399999856948853 0.0 0.46000000834465027 0.46000000834465027 0.0 0.05000000074505806 0.09000000357627869 0.09000000357627869 0.0 0.4300000071525574 0.09000000357627869 0.09000000357627869 0.09000000357627869 0.09000000357627869 0.0 0.09000000357627869 0.09000000357627869 0.0 0.09000000357627869 0.0 0.09000000357627869 0.09000000357627869 0.0 0.0 0.11999999731779099 0.0 0.0 0.11999999731779099 0.0 0.0 0.09000000357627869 0.09000000357627869 0.0 0.09000000357627869 0.09000000357627869 0.0 0.09000000357627869 0.09000000357627869 0.20999999344348907 0.05000000074505806 0.05000000074505806 0.0 0.33000001311302185 0.33000001311302185 0.33000001311302185 0.12999999523162842 0.0 0.09000000357627869 0.09000000357627869 0.0 0.0 0.09000000357627869 0.0 0.09000000357627869 0.09000000357627869 0.6200000047683716 0.0 0.0 0.0 0.550000011920929 0.0 0.0 0.3199999928474426 0.30000001192092896 0.09000000357627869 0.0 0.09000000357627869 0.09000000357627869 0.0 0.6200000047683716 0.0 0.0 0.05000000074505806 0.09000000357627869 0.09000000357627869 0.0 0.4300000071525574 0.0 0.09000000357627869 0.09000000357627869 0.6200000047683716 0.0 0.0 0.09000000357627869 0.0 0.09000000357627869 0.09000000357627869 0.09000000357627869
594 0.0 0.09000000357627869 0.09000000357627869 0.0 0.0 0.0 0.11999999731779099 0.0 0.11999999731779099 0.0 0.09000000357627869 0.09000000357627869 0.0 0.09000000357627869 0.09000000357627869 0.0 0.09000000357627869 0.09000000357627869 0.0 0.09000000357627869 0.0 0.09000000357627869 0.09000000357627869 0.09000000357627869 0.0 0.09000000357627869 0.09000000357627869 0.0 0.09000000357627869 0.09000000357627869 0.09000000357627869 0.0 0.09000000357627869 0.09000000357627869 0.0 0.09000000357627869 0.0 0.09000000357627869 0.09000000357627869 0.09000000357627869 0.0 0.09000000357627869 0.09000000357627869 0.09000000357627869 0.0 0.09000000357627869 0.09000000357627869 0.0 0.09000000357627869 0.09000000357627869 0.6200000047683716 0.0 0.0 0.0 0.09000000357627869 0.09000000357627869 0.17000000178813934 0.0 0.09000000357627869 0.09000000357627869 0.0 0.09000000357627869 0.0 0.09000000357627869 0.09000000357627869 0.09000000357627869 0.0 0.09000000357627869 0.09000000357627869 0.09000000357627869 0.0 0.09000000357627869 0.0 0.09000000357627869 0.09000000357627869 0.09000000357627869 0.0 0.09000000357627869 0.09000000357627869 0.09000000357627869 0.0 0.09000000357627869 0.09000000357627869 0.0 0.09000000357627869 0.09000000357627869 0.20000000298023224 0.09000000357627869 0.09000000357627869 0.0 0.4399999976158142 0.6399999856948853 0.0 0.46000000834465027 0.46000000834465027 0.0 0.46000000834465027 0.46000000834465027 0.0 0.09000000357627869 0.09000000357627869 0.0 0.09000000357627869 0.09000000357627869 0.6200000047683716 0.0 0.0 0.14000000059604645 0.09000000357627869 0.0 0.4300000071525574 0.0 0.09000000357627869 0.0 0.09000000357627869 0.0 0.09000000357627869 0.0 0.09000000357627869 0.09000000357627869 0.09000000357627869 0.0 0.09000000357627869 0.09000000357627869 0.0 0.0 0.09000000357627869 0.09000000357627869 0.09000000357627869 0.0 0.09000000357627869 0.09000000357627869 0.09000000357627869 0.09000000357627869 0.09000000357627869 0.0 0.09000000357627869 0.09000000357627869 0.1899999976158142 0.12999999523162842 0.1899999976158142 0.0 0.4399999976158142 0.0 0.4399999976158142 0.3199999928474426 0.18000000715255737 0.0 0.0 0.11999999731779099 0.0 0.11999999731779099 0.0 0.11999999731779099 0.0 0.11999999731779099 0.0 0.09000000357627869 0.0 0.09000000357627869 0.09000000357627869 0.09000000357627869 0.09000000357627869 0.0 0.09000000357627869 0.09000000357627869 0.0 0.09000000357627869 0.09000000357627869 0.0 0.09000000357627869 0.09000000357627869 0.20999999344348907 0.05000000074505806 0.05000000074505806 0.0 0.33000001311302185 0.33000001311302185 0.33000001311302185 0.0 0.09000000357627869 0.0 0.09000000357627869 0.09000000357627869 0.09000000357627869 0.0 0.09000000357627869 0.09000000357627869 0.09000000357627869 0.09000000357627869 0.4399999976158142 0.14000000059604645 0.09000000357627869 0.0 0.4300000071525574 0.0 0.09000000357627869 0.09000000357627869 0.09000000357627869 0.0 0.09000000357627869 0.0 0.09000000357627869 0.09000000357627869 0.0 0.09000000357627869 0.09000000357627869 0.4399999976158142 0.0 0.09000000357627869 0.09000000357627869 0.0 0.09000000357627869 0.09000000357627869 0.550000011920929 0.0 0.0 0.3199999928474426 0.30000001192092896
605 0.0 0.0 0.3700000047683716 0.23999999463558197 0.10999999940395355 0.0 0.0 0.14000000059604645 0.0 0.1599999964237213 0.0 0.14000000059604645 0.09000000357627869 0.6200000047683716 0.0 0.0 0.09000000357627869 0.09000000357627869 0.0 0.09000000357627869 0.09000000357627869 0.0 0.09000000357627869 0.09000000357627869 0.0 0.09000000357627869 0.09000000357627869 0.0 0.0 0.09000000357627869 0.09000000357627869 0.09000000357627869 0.0 0.09000000357627869 0.09000000357627869 0.0 0.0 0.11999999731779099 0.0 0.11999999731779099 0.0 0.11999999731779099 0.0 0.11999999731779099 0.0 0.11999999731779099 0.0 0.09000000357627869 0.09000000357627869 0.0 0.09000000357627869 0.09000000357627869 0.0 0.09000000357627869 0.09000000357627869 0.0 0.09000000357627869 0.0 0.09000000357627869 0.09000000357627869 0.09000000357627869 0.0 0.09000000357627869 0.09000000357627869 0.0 0.09000000357627869 0.09000000357627869 0.09000000357627869 0.14000000059604645 0.09000000357627869 0.0 0.4300000071525574 0.09000000357627869 0.0 0.09000000357627869 0.0 0.09000000357627869 0.0 0.09000000357627869 0.09000000357627869 0.09000000357627869 0.0 0.09000000357627869 0.09000000357627869 0.0 0.09000000357627869 0.0 0.09000000357627869 0.09000000357627869 0.09000000357627869 0.0 0.09000000357627869 0.09000000357627869 0.0 0.09000000357627869 0.09000000357627869 0.20000000298023224 0.09000000357627869 0.09000000357627869 0.0 0.4399999976158142 0.46000000834465027 0.0 0.09000000357627869 0.09000000357627869 0.0 0.09000000357627869 0.09000000357627869 0.6200000047683716 0.0 0.0 0.0 0.09000000357627869 0.0 0.09000000357627869 0.09000000357627869 0.09000000357627869 0.0 0.09000000357627869 0.09000000357627869 0.09000000357627869 0.0 0.09000000357627869 0.09000000357627869 0.0 0.0 0.11999999731779099 0.0 0.11999999731779099 0.10999999940395355 0.0 0.4300000071525574 0.0 0.11999999731779099 0.0 0.11999999731779099 0.0 0.09000000357627869 0.09000000357627869 0.0 0.0 0.17000000178813934 0.11999999731779099 0.4300000071525574 0.0 0.09000000357627869 0.0 0.09000000357627869 0.09000000357627869 0.09000000357627869 0.0 0.09000000357627869 0.09000000357627869 0.0 0.09000000357627869 0.09000000357627869 0.0 0.09000000357627869 0.09000000357627869 0.0 0.33000001311302185 0.33000001311302185 0.0 0.09000000357627869 0.09000000357627869 0.0 0.09000000357627869 0.0 0.09000000357627869 0.09000000357627869 0.09000000357627869 0.0 0.09000000357627869 0.09000000357627869 0.09000000357627869 0.0 0.09000000357627869 0.09000000357627869 0.0 0.09000000357627869 0.0 0.09000000357627869 0.09000000357627869 0.20999999344348907 0.05000000074505806 0.05000000074505806 0.0 0.33000001311302185 0.33000001311302185 0.33000001311302185 0.0 0.09000000357627869 0.1899999976158142 0.12999999523162842 0.1899999976158142 0.0 0.4399999976158142 0.0 0.4399999976158142 0.3199999928474426 0.18000000715255737 0.09000000357627869 0.09000000357627869 0.0 0.09000000357627869 0.09000000357627869 0.0 0.0 0.09000000357627869 0.09000000357627869 0.0 0.09000000357627869 0.09000000357627869 0.0 0.09000000357627869 0.09000000357627869 0.0 0.09000000357627869 0.09000000357627869 0.0 0.09000000357627869 0.550000011920929 0.0 0.0 0.3199999928474426 0.30000001192092896 0.0 0.09000000357627869 0.0 0.09000000357627869 0.09000000357627869 0.09000000357627869 0.0 0.09000000357627869 0.09000000357627869 0.09000000357627869 0.09000000357627869 0.0 0.09000000357627869 0.09000000357627869 0.0 0.09000000357627869 0.09000000357627869 0.09000000357627869
613 0.09000000357627869 0.0 0.09000000357627869 0.09000000357627869 0.05000000074505806 0.09000000357627869 0.09000000357627869 0.0 0.4300000071525574 0.14000000059604645 0.09000000357627869 0.0 0.4300000071525574 0.0 0.09000000357627869 0.09000000357627869 0.09000000357627869 0.09000000357627869 0.09000000357627869 0.0 0.09000000357627869 0.0 0.09000000357627869 0.09000000357627869 0.09000000357627869 0.05000000074505806 0.0 0.09000000357627869 0.09000000357627869 0.0 0.09000000357627869 0.09000000357627869 0.0 0.09000000357627869 0.09000000357627869 0.0 0.09000000357627869 0.09000000357627869 0.20999999344348907 0.05000000074505806 0.05000000074505806 0.0 0.33000001311302185 0.33000001311302185 0.33000001311302185 0.09000000357627869 0.12999999523162842 0.0 0.09000000357627869 0.09000000357627869 0.0 0.09000000357627869 0.09000000357627869 0.0 0.0 0.11999999731779099 0.0 0.11999999731779099 0.10999999940395355 0.0 0.11999999731779099 0.0 0.09000000357627869 0.09000000357627869 0.6200000047683716 0.0 0.0 0.0 0.09000000357627869 0.09000000357627869 0.550000011920929 0.0 0.0 0.3199999928474426 0.30000001192092896 0.0 0.09000000357627869 0.09000000357627869 0.0 0.0 0.11999999731779099 0.0 0.11999999731779099 0.0 0.09000000357627869 0.0 0.09000000357627869 0.09000000357627869 0.0 0.09000000357627869 0.09000000357627869 0.0 0.0 0.11999999731779099 0.0 0.0 0.11999999731779099 0.0 0.09000000357627869 0.09000000357627869 0.0 0.09000000357627869 0.09000000357627869 0.6200000047683716 0.0 0.0 0.0 0.09000000357627869 0.09000000357627869 0.6200000047683716 0.0 0.0 0.0 0.09000000357627869 0.09000000357627869 0.0 0.09000000357627869 0.09000000357627869 0.0 0.09000000357627869 0.09000000357627869 0.05000000074505806 0.09000000357627869 0.09000000357627869 0.0 0.4300000071525574 0.0 0.09000000357627869 0.09000000357627869 0.0 0.09000000357627869 0.0 0.09000000357627869 0.09000000357627869 0.09000000357627869 0.0 0.09000000357627869 0.09000000357627869 0.09000000357627869 0.0 0.09000000357627869 0.09000000357627869 0.550000011920929 0.0 0.0 0.3199999928474426 0.30000001192092896
616 0.0 0.33000001311302185 0.33000001311302185 0.0 0.09000000357627869 0.09000000357627869 0.0 0.09000000357627869 0.09000000357627869 0.0 0.09000000357627869 0.09000000357627869 0.20999999344348907 0.05000000074505806 0.05000000074505806 0.0 0.33000001311302185 0.33000001311302185 0.33000001311302185 0.0 0.09000000357627869 0.0 0.0 0.11999999731779099 0.0 0.11999999731779099 0.10999999940395355 0.0 0.4300000071525574 0.0 0.11999999731779099 0.0 0.11999999731779099 0.09000000357627869 0.0 0.30000001192092896 0.0 0.09000000357627869 0.09000000357627869 0.0 0.0 0.11999999731779099 0.0 0.0 0.11999999731779099 0.0 0.11999999731779099 0.0 0.09000000357627869 0.09000000357627869 0.0 0.09000000357627869 0.09000000357627869 0.6200000047683716 0.0 0.0 0.05000000074505806 0.09000000357627869 0.09000000357627869 0.0 0.4300000071525574 0.0 0.09000000357627869 0.09000000357627869 0.6200000047683716 0.0 0.0 0.0 0.09000000357627869 0.09000000357627869 0.0 0.09000000357627869 0.09000000357627869 0.0 0.09000000357627869 0.09000000357627869 0.0 0.09000000357627869 0.09000000357627869 0.0 0.09000000357627869 0.0 0.09000000357627869 0.09000000357627869 0.09000000357627869 0.0 0.09000000357627869 0.09000000357627869 0.09000000357627869 0.0 0.09000000357627869 0.09000000357627869 0.550000011920929 0.0 0.0 0.3199999928474426 0.30000001192092896 0.05000000074505806 0.09000000357627869 0.09000000357627869 0.0 0.4300000071525574 0.0 0.09000000357627869 0.09000000357627869 0.550000011920929 0.0 0.0 0.3199999928474426 0.30000001192092896 0.0 0.09000000357627869 0.09000000357627869 0.6200000047683716 0.0 0.0 0.09000000357627869 0.33000001311302185 0.33000001311302185
619 0.0 0.09000000357627869 0.09000000357627869 0.0 0.0 0.2199999988079071 0.0 0.3700000047683716 0.23999999463558197 0.10999999940395355 0.0 0.0 0.1599999964237213 0.0 0.0 0.09000000357627869 0.09000000357627869 0.0 0.09000000357627869 0.6200000047683716 0.0 0.0 0.0 0.09000000357627869 0.09000000357627869 0.20999999344348907 0.05000000074505806 0.0 0.33000001311302185 0.33000001311302185 0.33000001311302185 0.0 0.09000000357627869 0.09000000357627869 0.0 0.0 0.11999999731779099 0.0 0.11999999731779099 0.10999999940395355 0.0 0.4300000071525574 0.0 0.11999999731779099 0.0 0.11999999731779099 0.0 0.09000000357627869 0.09000000357627869 0.550000011920929 0.0 0.3199999928474426 0.30000001192092896 0.0 0.09000000357627869 0.09000000357627869 0.0 0.09000000357627869 0.09000000357627869 0.0 0.09000000357627869 0.09000000357627869 0.0 0.09000000357627869 0.09000000357627869 0.0 0.09000000357627869 0.09000000357627869 0.6200000047683716 0.0 0.0 0.09000000357627869 0.0 0.0 0.11999999731779099 0.0 0.11999999731779099 0.0 0.11999999731779099 0.0 0.11999999731779099 0.0 0.11999999731779099 0.0 0.09000000357627869 0.09000000357627869 0.09000000357627869 0.0 0.09000000357627869 0.0 0.09000000357627869 0.09000000357627869 0.09000000357627869 0.0 0.09000000357627869 0.09000000357627869 0.09000000357627869 0.0 0.09000000357627869 0.09000000357627869 0.0 0.0 0.11999999731779099 0.0 0.0 0.11999999731779099 0.0 0.0 0.09000000357627869 0.09000000357627869 0.0 0.0 0.2199999988079071 0.0 0.3700000047683716 0.23999999463558197 0.10999999940395355 0.0 0.17000000178813934 0.0 0.14000000059604645 0.0 0.1599999964237213 0.0 0.14000000059604645 0.0 0.09000000357627869 0.09000000357627869 0.0 0.0 0.11999999731779099 0.0 0.11999999731779099 0.0 0.11999999731779099 0.0 0.11999999731779099 0.0 0.11999999731779099 0.0 0.09000000357627869 0.09000000357627869 0.0 0.09000000357627869 0.09000000357627869 0.550000011920929 0.0 0.0 0.3199999928474426 0.30000001192092896 0.0 0.09000000357627869 0.09000000357627869 0.0 0.0 0.11999999731779099 0.0 0.10999999940395355 0.4300000071525574 0.0 0.11999999731779099 0.0 0.11999999731779099 0.0 0.09000000357627869 0.09000000357627869 0.0 0.09000000357627869 0.09000000357627869 0.6200000047683716 0.0 0.0 0.09000000357627869 0.0 0.0 0.09000000357627869 0.09000000357627869 0.05000000074505806 0.09000000357627869 0.09000000357627869 0.0 0.0 0.09000000357627869 0.09000000357627869 0.0 0.09000000357627869 0.0 0.09000000357627869 0.09000000357627869 0.09000000357627869 0.0 0.09000000357627869 0.09000000357627869 0.09000000357627869 0.0 0.09000000357627869 0.09000000357627869 0.550000011920929 0.0 0.0 0.3199999928474426 0.30000001192092896 0.0 0.09000000357627869 0.09000000357627869 0.550000011920929 0.0 0.0 0.3199999928474426 0.30000001192092896 0.0 0.09000000357627869 0.0 0.09000000357627869 0.09000000357627869 0.09000000357627869 0.0 0.09000000357627869 0.09000000357627869 0.09000000357627869 0.0 0.09000000357627869 0.09000000357627869 0.0 0.0 0.11999999731779099 0.0 0.11999999731779099 0.0 0.09000000357627869 0.09000000357627869 0.6200000047683716 0.0 0.0 0.0 0.09000000357627869 0.0 0.09000000357627869 0.09000000357627869 0.09000000357627869 0.0 0.09000000357627869 0.09000000357627869 0.09000000357627869 0.0 0.09000000357627869 0.09000000357627869 0.0 0.09000000357627869 0.09000000357627869 0.0 0.09000000357627869 0.0 0.09000000357627869 0.09000000357627869 0.20999999344348907 0.05000000074505806 0.05000000074505806 0.0 0.33000001311302185 0.33000001311302185 0.33000001311302185 0.0 0.09000000357627869 0.0 0.09000000357627869 0.09000000357627869 0.09000000357627869 0.09000000357627869 0.09000000357627869 0.0 0.09000000357627869 0.0 0.09000000357627869 0.0 0.09000000357627869 0.0 0.09000000357627869 0.09000000357627869 0.09000000357627869 0.0 0.09000000357627869 0.09000000357627869 0.0 0.09000000357627869 0.09000000357627869 0.09000000357627869 0.0 0.0 0.09000000357627869 0.0 0.09000000357627869 0.0 0.09000000357627869 0.09000000357627869 0.09000000357627869 0.14000000059604645 0.09000000357627869 0.0 0.4300000071525574 0.0 0.09000000357627869 0.09000000357627869 0.09000000357627869 0.11999999731779099 0.11999999731779099 0.09000000357627869 0.09000000357627869 0.09000000357627869
62 0.0 0.09000000357627869 0.09000000357627869 0.0 0.09000000357627869 0.09000000357627869 0.0 0.09000000357627869 0.09000000357627869 0.20999999344348907 0.05000000074505806 0.0 0.33000001311302185 0.33000001311302185 0.0 0.09000000357627869 0.09000000357627869 0.0 0.09000000357627869 0.09000000357627869 0.09000000357627869 0.0 0.09000000357627869 0.09000000357627869 0.0 0.09000000357627869 0.09000000357627869 0.20000000298023224 0.09000000357627869 0.09000000357627869 0.0 0.4399999976158142 0.6399999856948853 0.0 0.46000000834465027 0.46000000834465027 0.0 0.46000000834465027 0.46000000834465027 0.0 0.09000000357627869 0.09000000357627869 0.6200000047683716 0.0 0.0 0.0 0.09000000357627869 0.09000000357627869 0.0 0.09000000357627869 0.09000000357627869 0.20000000298023224 0.09000000357627869 0.09000000357627869 0.0 0.4399999976158142 0.6399999856948853 0.46000000834465027 0.0 0.09000000357627869 0.09000000357627869 0.0 0.09000000357627869 0.09000000357627869 0.20000000298023224 0.09000000357627869 0.09000000357627869 0.0 0.4399999976158142 0.6399999856948853 0.0 0.46000000834465027 0.46000000834465027 0.0 0.46000000834465027 0.46000000834465027 0.0 0.09000000357627869 0.0 0.09000000357627869 0.09000000357627869 0.09000000357627869 0.0 0.09000000357627869 0.09000000357627869 0.0 0.09000000357627869 0.09000000357627869 0.0 0.09000000357627869 0.09000000357627869 0.0 0.09000000357627869 0.0 0.09000000357627869 0.09000000357627869 0.09000000357627869 0.0 0.09000000357627869 0.09000000357627869 0.09000000357627869 0.0 0.09000000357627869 0.09000000357627869 0.0 0.0 0.11999999731779099 0.0 0.0 0.11999999731779099 0.0 0.11999999731779099 0.0 0.11999999731779099 0.0 0.09000000357627869 0.09000000357627869 0.0 0.09000000357627869 0.09000000357627869 0.0 0.09000000357627869 0.09000000357627869 0.0 0.09000000357627869 0.09000000357627869 0.09000000357627869 0.09000000357627869 0.05000000074505806 0.09000000357627869 0.09000000357627869 0.0 0.4300000071525574 0.0 0.09000000357627869 0.0 0.09000000357627869 0.09000000357627869 0.09000000357627869 0.0 0.09000000357627869 0.09000000357627869 0.09000000357627869 0.0 0.09000000357627869 0.09000000357627869 0.0 0.09000000357627869 0.09000000357627869 0.09000000357627869 0.0 0.09000000357627869 0.09000000357627869 0.0 0.09000000357627869 0.09000000357627869 0.550000011920929 0.0 0.0 0.3199999928474426 0.30000001192092896 0.09000000357627869 0.0 0.09000000357627869 0.6200000047683716 0.0 0.0 0.09000000357627869 0.09000000357627869 0.09000000357627869
630 0.0 0.09000000357627869 0.09000000357627869 0.0 0.09000000357627869 0.0 0.09000000357627869 0.09000000357627869 0.09000000357627869 0.0 0.09000000357627869 0.09000000357627869 0.09000000357627869 0.2199999988079071 0.0 0.46000000834465027 0.46000000834465027 0.09000000357627869 0.0 0.09000000357627869 0.09000000357627869 0.09000000357627869 0.0 0.0 0.09000000357627869 0.6200000047683716 0.0 0.0 0.09000000357627869 0.0 0.09000000357627869 0.09000000357627869 0.0 0.09000000357627869 0.09000000357627869 0.09000000357627869 0.0 0.09000000357627869 0.09000000357627869 0.0 0.09000000357627869 0.09000000357627869 0.0 0.0 0.09000000357627869 0.09000000357627869 0.09000000357627869 0.0 0.09000000357627869 0.09000000357627869 0.0 0.09000000357627869 0.09000000357627869 0.0 0.09000000357627869 0.09000000357627869 0.20999999344348907 0.05000000074505806 0.05000000074505806 0.0 0.33000001311302185 0.33000001311302185 0.33000001311302185 0.0 0.09000000357627869 0.09000000357627869 0.0 0.09000000357627869 0.0 0.09000000357627869 0.09000000357627869 0.09000000357627869 0.0 0.09000000357627869 0.09000000357627869 0.09000000357627869 0.0 0.09000000357627869 0.0 0.09000000357627869 0.09000000357627869 0.09000000357627869 0.0 0.09000000357627869 0.09000000357627869 0.09000000357627869 0.0 0.09000000357627869 0.09000000357627869 0.0 0.09000000357627869 0.09000000357627869 0.0 0.09000000357627869 0.09000000357627869 0.20999999344348907 0.05000000074505806 0.05000000074505806 0.0 0.33000001311302185 0.33000001311302185 0.33000001311302185 0.0 0.09000000357627869 0.09000000357627869 0.1899999976158142 0.12999999523162842 0.1899999976158142 0.0 0.4399999976158142 0.0 0.4399999976158142 0.3199999928474426 0.18000000715255737 0.0 0.09000000357627869 0.09000000357627869 0.0 0.0 0.11999999731779099 0.0 0.11999999731779099 0.0 0.11999999731779099 0.0 0.11999999731779099 0.0 0.11999999731779099 0.0 0.09000000357627869 0.09000000357627869 0.0 0.09000000357627869 0.09000000357627869 0.0 0.09000000357627869 0.09000000357627869 0.09000000357627869 0.0 0.09000000357627869 0.09000000357627869 0.0 0.09000000357627869 0.09000000357627869 0.6200000047683716 0.0 0.0 0.0 0.09000000357627869 0.09000000357627869 0.0 0.0 0.11999999731779099 0.0 0.11999999731779099 0.0 0.11999999731779099 0.0 0.11999999731779099 0.0 0.11999999731779099 0.09000000357627869 0.05000000074505806 0.09000000357627869 0.09000000357627869 0.0 0.4300000071525574 0.0 0.09000000357627869 0.09000000357627869 0.0 0.09000000357627869 0.0 0.09000000357627869 0.09000000357627869 0.09000000357627869 0.0 0.09000000357627869 0.09000000357627869 0.09000000357627869 0.0 0.09000000357627869 0.0 0.09000000357627869 0.09000000357627869 0.09000000357627869 0.0 0.09000000357627869 0.09000000357627869 0.09000000357627869 0.0 0.09000000357627869 0.0 0.09000000357627869 0.09000000357627869 0.09000000357627869 0.0 0.09000000357627869 0.09000000357627869 0.09000000357627869 0.09000000357627869 0.09000000357627869
639 0.09000000357627869 0.09000000357627869 0.09000000357627869 0.0 0.09000000357627869 0.09000000357627869 0.0 0.0 0.2199999988079071 0.0 0.3700000047683716 0.23999999463558197 0.10999999940395355 0.0 0.17000000178813934 0.0 0.14000000059604645 0.0 0.1599999964237213 0.0 0.14000000059604645 0.09000000357627869 0.0 0.11999999731779099 0.11999999731779099 0.0 0.09000000357627869 0.09000000357627869 0.09000000357627869 0.0 0.09000000357627869 0.0 0.09000000357627869 0.09000000357627869 0.0 0.0 0.09000000357627869 0.09000000357627869 0.09000000357627869 0.0 0.09000000357627869 0.0 0.09000000357627869 0.09000000357627869 0.09000000357627869 0.0 0.09000000357627869 0.09000000357627869 0.09000000357627869 0.14000000059604645 0.0 0.4300000071525574 0.0 0.09000000357627869 0.09000000357627869 0.0 0.09000000357627869 0.09000000357627869 0.0 0.0 0.11999999731779099 0.0 0.11999999731779099 0.0 0.11999999731779099 0.0 0.11999999731779099 0.0 0.11999999731779099 0.0 0.09000000357627869 0.09000000357627869 0.09000000357627869 0.0 0.09000000357627869 0.09000000357627869 0.0 0.09000000357627869 0.09000000357627869 0.6200000047683716 0.0 0.0 0.0 0.09000000357627869 0.09000000357627869 0.0 0.0 0.11999999731779099 0.0 0.11999999731779099 0.0 0.11999999731779099 0.0 0.11999999731779099 0.0 0.11999999731779099 0.09000000357627869 0.0 0.09000000357627869 0.09000000357627869 0.0 0.09000000357627869 0.09000000357627869 0.6200000047683716 0.0 0.0 0.0 0.09000000357627869 0.0 0.09000000357627869 0.09000000357627869 0.09000000357627869 0.0 0.09000000357627869 0.09000000357627869 0.0 0.09000000357627869 0.09000000357627869 0.09000000357627869 0.0 0.09000000357627869 0.09000000357627869 0.0 0.09000000357627869 0.0 0.09000000357627869 0.09000000357627869 0.09000000357627869 0.0 0.09000000357627869 0.09000000357627869 0.09000000357627869 0.0 0.09000000357627869 0.0 0.09000000357627869 0.09000000357627869 0.09000000357627869 0.0 0.09000000357627869 0.09000000357627869 0.09000000357627869 0.0 0.09000000357627869 0.09000000357627869 0.0 0.09000000357627869 0.09000000357627869 0.550000011920929 0.0 0.0 0.3199999928474426 0.30000001192092896 0.0 0.09000000357627869 0.09000000357627869 0.0 0.09000000357627869 0.09000000357627869 0.0 0.09000000357627869 0.09000000357627869 0.33000001311302185 0.33000001311302185 0.0 0.09000000357627869 0.0 0.09000000357627869 0.09000000357627869 0.0 0.09000000357627869 0.09000000357627869 0.09000000357627869 0.0 0.09000000357627869 0.0 0.09000000357627869 0.09000000357627869
64 0.09000000357627869 0.09000000357627869 0.09000000357627869 0.09000000357627869 0.0 0.09000000357627869 0.09000000357627869 0.0 0.09000000357627869 0.0 0.09000000357627869 0.09000000357627869 0.09000000357627869 0.09000000357627869 0.09000000357627869 0.09000000357627869 0.09000000357627869 0.0 0.09000000357627869 0.09000000357627869 0.0 0.0 0.11999999731779099 0.0 0.11999999731779099 0.0 0.11999999731779099 0.0 0.11999999731779099 0.0 0.11999999731779099 0.0 0.09000000357627869 0.09000000357627869 0.0 0.09000000357627869 0.09000000357627869 0.0 0.09000000357627869 0.09000000357627869 0.0 0.09000000357627869 0.09000000357627869 0.09000000357627869 0.05000000074505806 0.09000000357627869 0.09000000357627869 0.0 0.4300000071525574 0.09000000357627869 0.0 0.09000000357627869 0.0 0.09000000357627869 0.09000000357627869 0.09000000357627869 0.0 0.09000000357627869 0.09000000357627869 0.09000000357627869 0.05000000074505806 0.09000000357627869 0.09000000357627869 0.0 0.4300000071525574 0.0 0.09000000357627869 0.0 0.09000000357627869 0.09000000357627869 0.09000000357627869 0.0 0.09000000357627869 0.09000000357627869 0.0 0.09000000357627869 0.09000000357627869 0.09000000357627869 0.0 0.09000000357627869 0.09000000357627869 0.0 0.09000000357627869 0.09000000357627869 0.6200000047683716 0.0 0.0 0.0 0.09000000357627869 0.09000000357627869 0.0 0.09000000357627869 0.09000000357627869 0.20000000298023224 0.09000000357627869 0.09000000357627869 0.0 0.4399999976158142 0.6399999856948853 0.0 0.46000000834465027 0.46000000834465027 0.0 0.46000000834465027 0.46000000834465027 0.0 0.09000000357627869 0.09000000357627869 0.0 0.09000000357627869 0.09000000357627869 0.0 0.09000000357627869 0.09000000357627869 0.6200000047683716 0.0 0.0 0.0 0.09000000357627869 0.09000000357627869 0.0 0.09000000357627869 0.09000000357627869 0.550000011920929 0.0 0.0 0.3199999928474426 0.30000001192092896 0.0 0.09000000357627869 0.0 0.09000000357627869 0.09000000357627869 0.30000001192092896 0.09000000357627869 0.09000000357627869 0.0 0.09000000357627869 0.0 0.09000000357627869 0.09000000357627869 0.09000000357627869 0.0 0.09000000357627869 0.09000000357627869 0.09000000357627869 0.0 0.3199999928474426 0.30000001192092896
649 0.0 0.09000000357627869 0.09000000357627869 0.0 0.0 0.11999999731779099 0.0 0.11999999731779099 0.0 0.11999999731779099 0.0 0.11999999731779099 0.0 0.11999999731779099 0.0 0.09000000357627869 0.09000000357627869 0.0 0.09000000357627869 0.09000000357627869 0.0 0.09000000357627869 0.09000000357627869 0.0 0.09000000357627869 0.0 0.09000000357627869 0.09000000357627869 0.09000000357627869 0.0 0.09000000357627869 0.09000000357627869 0.0 0.09000000357627869 0.09000000357627869 0.09000000357627869 0.14000000059604645 0.09000000357627869 0.0 0.4300000071525574 0.0 0.09000000357627869 0.09000000357627869 0.09000000357627869 0.0 0.09000000357627869 0.09000000357627869 0.0 0.09000000357627869 0.0 0.09000000357627869 0.09000000357627869 0.09000000357627869 0.0 0.09000000357627869 0.09000000357627869 0.09000000357627869 0.0 0.09000000357627869 0.09000000357627869 0.0 0.09000000357627869 0.6200000047683716 0.0 0.09000000357627869 0.0 0.17000000178813934 0.14000000059604645 0.09000000357627869 0.09000000357627869 0.09000000357627869 0.0 0.09000000357627869 0.0 0.09000000357627869 0.09000000357627869 0.0 0.09000000357627869 0.0 0.09000000357627869 0.09000000357627869 0.09000000357627869 0.0 0.09000000357627869 0.09000000357627869 0.09000000357627869 0.09000000357627869 0.0 0.23999999463558197 0.10999999940395355 0.0 0.17000000178813934 0.0 0.14000000059604645 0.0 0.1599999964237213 0.0 0.14000000059604645 0.0 0.09000000357627869 0.0 0.09000000357627869 0.09000000357627869 0.09000000357627869 0.0 0.09000000357627869 0.09000000357627869 0.09000000357627869 0.0 0.11999999731779099 0.0 0.09000000357627869 0.0 0.09000000357627869 0.09000000357627869 0.09000000357627869 0.0 0.09000000357627869 0.09000000357627869 0.09000000357627869 0.0 0.09000000357627869 0.09000000357627869 0.0 0.09000000357627869 0.0 0.09000000357627869 0.09000000357627869 0.09000000357627869 0.0 0.09000000357627869 0.09000000357627869 0.0 0.09000000357627869 0.09000000357627869 0.09000000357627869 0.11999999731779099 0.0 0.11999999731779099 0.09000000357627869 0.0 0.0 0.09000000357627869 0.0 0.09000000357627869 0.09000000357627869 0.09000000357627869 0.0 0.09000000357627869 0.0 0.09000000357627869 0.09000000357627869 0.0 0.09000000357627869 0.09000000357627869 0.0 0.09000000357627869 0.09000000357627869 0.550000011920929 0.0 0.0 0.09000000357627869 0.09000000357627869 0.0 0.09000000357627869 0.09000000357627869 0.0 0.09000000357627869 0.09000000357627869 0.20999999344348907 0.05000000074505806 0.05000000074505806 0.0 0.33000001311302185 0.33000001311302185 0.33000001311302185 0.0 0.09000000357627869 0.0 0.09000000357627869 0.09000000357627869 0.09000000357627869 0.0 0.09000000357627869 0.09000000357627869 0.09000000357627869 0.0 0.09000000357627869 0.0 0.09000000357627869 0.09000000357627869 0.09000000357627869 0.0 0.09000000357627869 0.09000000357627869 0.09000000357627869 0.0 0.09000000357627869 0.09000000357627869 0.1899999976158142 0.12999999523162842 0.1899999976158142 0.0 0.4399999976158142 0.0 0.4399999976158142 0.3199999928474426 0.18000000715255737 0.0 0.09000000357627869 0.0 0.09000000357627869 0.09000000357627869 0.09000000357627869 0.0 0.09000000357627869 0.09000000357627869 0.0 0.09000000357627869 0.09000000357627869 0.09000000357627869 0.0 0.09000000357627869 0.09000000357627869 0.0 0.09000000357627869 0.0 0.09000000357627869 0.09000000357627869 0.09000000357627869 0.0 0.09000000357627869 0.09000000357627869 0.09000000357627869 0.0 0.09000000357627869 0.09000000357627869 0.1899999976158142 0.12999999523162842 0.1899999976158142 0.0 0.4399999976158142 0.0 0.4399999976158142 0.3199999928474426 0.18000000715255737 0.0 0.09000000357627869 0.09000000357627869 0.0 0.09000000357627869 0.09000000357627869 0.550000011920929 0.0 0.0 0.3199999928474426 0.30000001192092896 0.14000000059604645 0.09000000357627869 0.0 0.4300000071525574 0.0 0.09000000357627869 0.09000000357627869 0.09000000357627869 0.0 0.09000000357627869 0.09000000357627869 0.09000000357627869 0.09000000357627869
654 0.33000001311302185 0.0 0.09000000357627869 0.09000000357627869 0.0 0.09000000357627869 0.09000000357627869 0.0 0.09000000357627869 0.09000000357627869 0.6200000047683716 0.0 0.0 0.0 0.09000000357627869 0.09000000357627869 0.09000000357627869 0.0 0.09000000357627869 0.09000000357627869 0.0 0.0 0.11999999731779099 0.0 0.11999999731779099 0.0 0.11999999731779099 0.0 0.11999999731779099 0.0 0.11999999731779099 0.0 0.09000000357627869 0.0 0.09000000357627869 0.0 0.09000000357627869 0.09000000357627869 0.0 0.09000000357627869 0.09000000357627869 0.0 0.09000000357627869 0.09000000357627869 0.09000000357627869 0.0 0.09000000357627869 0.0 0.09000000357627869 0.09000000357627869 0.09000000357627869 0.0 0.09000000357627869 0.09000000357627869 0.09000000357627869 0.0 0.09000000357627869 0.09000000357627869 0.0 0.09000000357627869 0.09000000357627869 0.0 0.0 0.2199999988079071 0.0 0.3700000047683716 0.23999999463558197 0.10999999940395355 0.0 0.17000000178813934 0.0 0.14000000059604645 0.0 0.1599999964237213 0.0 0.14000000059604645 0.0 0.09000000357627869 0.09000000357627869 0.0 0.0 0.11999999731779099 0.0 0.09000000357627869 0.09000000357627869 0.0 0.09000000357627869 0.09000000357627869 0.550000011920929 0.0 0.0 0.3199999928474426 0.30000001192092896 0.0 0.0 0.0 0.11999999731779099 0.10999999940395355 0.0 0.4300000071525574 0.0 0.11999999731779099 0.0 0.11999999731779099 0.0 0.09000000357627869 0.0 0.05000000074505806 0.09000000357627869 0.09000000357627869 0.0 0.4300000071525574 0.0 0.0 0.0 0.09000000357627869 0.0 0.09000000357627869 0.09000000357627869 0.09000000357627869 0.0 0.09000000357627869 0.09000000357627869 0.09000000357627869 0.0 0.09000000357627869 0.0 0.09000000357627869 0.09000000357627869 0.09000000357627869 0.0 0.09000000357627869 0.09000000357627869 0.09000000357627869 0.09000000357627869 0.0 0.09000000357627869 0.09000000357627869 0.09000000357627869 0.0 0.09000000357627869 0.09000000357627869 0.0 0.0 0.09000000357627869 0.09000000357627869 0.09000000357627869 0.0 0.09000000357627869 0.0 0.09000000357627869 0.1899999976158142 0.0 0.4399999976158142 0.3199999928474426 0.18000000715255737 0.14000000059604645 0.09000000357627869 0.0 0.4300000071525574 0.0 0.09000000357627869 0.09000000357627869 0.09000000357627869 0.0 0.09000000357627869 0.0 0.09000000357627869 0.09000000357627869 0.09000000357627869 0.0 0.09000000357627869 0.09000000357627869 0.0 0.09000000357627869 0.09000000357627869 0.09000000357627869 0.0 0.09000000357627869 0.09000000357627869 0.0 0.09000000357627869 0.0 0.09000000357627869 0.09000000357627869 0.09000000357627869 0.0 0.09000000357627869 0.09000000357627869 0.09000000357627869 0.0 0.09000000357627869 0.09000000357627869 0.1899999976158142 0.12999999523162842 0.1899999976158142 0.0 0.4399999976158142 0.0 0.4399999976158142 0.3199999928474426 0.18000000715255737 0.0 0.09000000357627869 0.09000000357627869 0.0 0.09000000357627869 0.09000000357627869 0.550000011920929 0.0 0.0 0.3199999928474426 0.30000001192092896 0.0 0.09000000357627869 0.09000000357627869 0.09000000357627869 0.0 0.09000000357627869 0.09000000357627869 0.0 0.09000000357627869 0.09000000357627869 0.0 0.09000000357627869 0.09000000357627869 0.20999999344348907 0.05000000074505806 0.05000000074505806 0.0 0.33000001311302185 0.33000001311302185 0.33000001311302185 0.0 0.09000000357627869 0.09000000357627869 0.0 0.09000000357627869 0.09000000357627869 0.0 0.09000000357627869 0.0 0.09000000357627869 0.09000000357627869 0.0 0.09000000357627869 0.09000000357627869 0.0 0.0 0.09000000357627869 0.09000000357627869 0.6200000047683716 0.0 0.11999999731779099 0.14000000059604645 0.0 0.4300000071525574 0.09000000357627869
66 0.09000000357627869 0.0 0.09000000357627869 0.09000000357627869 0.09000000357627869 0.0 0.09000000357627869 0.09000000357627869 0.0 0.0 0.09000000357627869 0.09000000357627869 0.09000000357627869 0.0 0.09000000357627869 0.0 0.09000000357627869 0.09000000357627869 0.0 0.0 0.11999999731779099 0.0 0.11999999731779099 0.0 0.11999999731779099 0.0 0.11999999731779099 0.0 0.11999999731779099 0.0 0.09000000357627869 0.09000000357627869 0.0 0.09000000357627869 0.0 0.09000000357627869 0.09000000357627869 0.05000000074505806 0.09000000357627869 0.09000000357627869 0.0 0.4300000071525574 0.0 0.09000000357627869 0.0 0.09000000357627869 0.09000000357627869 0.09000000357627869 0.0 0.09000000357627869 0.09000000357627869 0.09000000357627869 0.0 0.09000000357627869 0.0 0.09000000357627869 0.09000000357627869 0.09000000357627869 0.0 0.09000000357627869 0.09000000357627869 0.0 0.09000000357627869 0.09000000357627869 0.09000000357627869 0.0 0.09000000357627869 0.09000000357627869 0.0 0.09000000357627869 0.09000000357627869 0.6200000047683716 0.0 0.0 0.0 0.09000000357627869 0.09000000357627869 0.0 0.09000000357627869 0.09000000357627869 0.09000000357627869 0.0 0.09000000357627869 0.09000000357627869 0.0 0.09000000357627869 0.09000000357627869 0.20000000298023224 0.09000000357627869 0.09000000357627869 0.0 0.4399999976158142 0.6399999856948853 0.0 0.46000000834465027 0.46000000834465027 0.0 0.46000000834465027 0.46000000834465027 0.0 0.09000000357627869 0.09000000357627869 0.1899999976158142 0.12999999523162842 0.1899999976158142 0.0 0.4399999976158142 0.0 0.4399999976158142 0.3199999928474426 0.18000000715255737 0.0 0.09000000357627869 0.09000000357627869 0.0 0.09000000357627869 0.09000000357627869 0.6200000047683716 0.0 0.0 0.0 0.09000000357627869 0.09000000357627869 0.0 0.09000000357627869 0.09000000357627869 0.550000011920929 0.0 0.0 0.3199999928474426 0.30000001192092896 0.0 0.09000000357627869 0.09000000357627869 0.0 0.09000000357627869 0.09000000357627869 0.550000011920929 0.0 0.0 0.30000001192092896 0.0 0.09000000357627869 0.09000000357627869 0.0 0.09000000357627869 0.09000000357627869 0.550000011920929 0.0 0.0 0.3199999928474426 0.30000001192092896 0.0 0.09000000357627869 0.09000000357627869 0.0 0.09000000357627869 0.0 0.09000000357627869 0.09000000357627869 0.09000000357627869 0.0 0.09000000357627869 0.09000000357627869 0.09000000357627869 0.09000000357627869 0.0 0.09000000357627869 0.09000000357627869 0.550000011920929 0.0 0.0 0.3199999928474426 0.30000001192092896 0.09000000357627869 0.6399999856948853 0.0 0.46000000834465027 0.0 0.46000000834465027 0.46000000834465027
663 0.0 0.09000000357627869 0.09000000357627869 0.0 0.09000000357627869 0.09000000357627869 0.0 0.09000000357627869 0.09000000357627869 0.20999999344348907 0.05000000074505806 0.05000000074505806 0.0 0.33000001311302185 0.33000001311302185 0.33000001311302185 0.0 0.09000000357627869 0.0 0.1599999964237213 0.14000000059604645 0.14000000059604645 0.0 0.09000000357627869 0.09000000357627869 0.550000011920929 0.0 0.0 0.09000000357627869 0.09000000357627869 0.0 0.09000000357627869 0.0 0.09000000357627869 0.09000000357627869 0.09000000357627869 0.0 0.09000000357627869 0.09000000357627869 0.0 0.09000000357627869 0.09000000357627869 0.0 0.09000000357627869 0.09000000357627869 0.0 0.09000000357627869 0.09000000357627869 0.0 0.09000000357627869 0.09000000357627869 0.0 0.09000000357627869 0.09000000357627869 0.6200000047683716 0.0 0.0 0.0 0.09000000357627869 0.09000000357627869 0.09000000357627869 0.0 0.09000000357627869 0.09000000357627869 0.0 0.0 0.11999999731779099 0.0 0.11999999731779099 0.0 0.0 0.0 0.09000000357627869 0.09000000357627869 0.09000000357627869 0.09000000357627869 0.09000000357627869 0.0 0.09000000357627869 0.0 0.0 0.11999999731779099 0.0 0.11999999731779099 0.0 0.09000000357627869 0.09000000357627869 0.0 0.0 0.2199999988079071 0.0 0.3700000047683716 0.0 0.09000000357627869 0.09000000357627869 0.0 0.09000000357627869 0.09000000357627869 0.550000011920929 0.0 0.0 0.3199999928474426 0.30000001192092896 0.0 0.09000000357627869 0.09000000357627869 0.0 0.0 0.0 0.11999999731779099 0.10999999940395355 0.0 0.4300000071525574 0.0 0.11999999731779099 0.0 0.11999999731779099 0.09000000357627869 0.09000000357627869 0.0 0.09000000357627869 0.0 0.09000000357627869 0.09000000357627869 0.0 0.09000000357627869 0.09000000357627869 0.0 0.09000000357627869 0.09000000357627869 0.20999999344348907 0.05000000074505806 0.05000000074505806 0.0 0.33000001311302185 0.33000001311302185 0.33000001311302185 0.0 0.09000000357627869 0.09000000357627869 0.550000011920929 0.0 0.3199999928474426 0.30000001192092896 0.0 0.09000000357627869 0.09000000357627869 0.0 0.09000000357627869 0.09000000357627869 0.6200000047683716 0.0 0.0 0.0 0.09000000357627869 0.09000000357627869 0.0 0.0 0.11999999731779099 0.0 0.11999999731779099 0.10999999940395355 0.0 0.4300000071525574 0.0 0.11999999731779099 0.0 0.11999999731779099 0.0 0.09000000357627869 0.09000000357627869 0.0 0.09000000357627869 0.09000000357627869 0.0 0.09000000357627869 0.09000000357627869 0.0 0.09000000357627869 0.0 0.09000000357627869 0.09000000357627869 0.09000000357627869 0.0 0.09000000357627869 0.09000000357627869 0.09000000357627869 0.0 0.09000000357627869 0.09000000357627869 0.550000011920929 0.0 0.0 0.30000001192092896 0.09000000357627869 0.09000000357627869 0.1899999976158142 0.12999999523162842 0.0 0.4399999976158142 0.3199999928474426 0.18000000715255737 0.09000000357627869 0.6399999856948853 0.0 0.46000000834465027 0.46000000834465027 0.09000000357627869
685 0.0 0.09000000357627869 0.09000000357627869 0.09000000357627869 0.0 0.09000000357627869 0.09000000357627869 0.0 0.09000000357627869 0.0 0.09000000357627869 0.09000000357627869 0.09000000357627869 0.0 0.09000000357627869 0.09000000357627869 0.09000000357627869 0.0 0.09000000357627869 0.09000000357627869 0.0 0.09000000357627869 0.09000000357627869 0.6200000047683716 0.0 0.0 0.0 0.09000000357627869 0.09000000357627869 0.0 0.09000000357627869 0.09000000357627869 0.550000011920929 0.0 0.0 0.3199999928474426 0.30000001192092896 0.0 0.09000000357627869 0.09000000357627869 0.0 0.09000000357627869 0.0 0.09000000357627869 0.09000000357627869 0.09000000357627869 0.0 0.09000000357627869 0.09000000357627869 0.09000000357627869 0.0 0.09000000357627869 0.09000000357627869 0.0 0.09000000357627869 0.0
689 0.0 0.09000000357627869 0.09000000357627869 0.0 0.09000000357627869 0.09000000357627869 0.0 0.09000000357627869 0.0 0.09000000357627869 0.09000000357627869 0.09000000357627869 0.0 0.09000000357627869 0.09000000357627869 0.09000000357627869 0.0 0.09000000357627869 0.09000000357627869 0.0 0.09000000357627869 0.09000000357627869 0.0 0.09000000357627869 0.09000000357627869 0.0 0.09000000357627869 0.09000000357627869 0.0 0.09000000357627869 0.09000000357627869 0.0 0.09000000357627869 0.09000000357627869 0.20999999344348907 0.05000000074505806 0.05000000074505806 0.0 0.33000001311302185 0.33000001311302185 0.33000001311302185 0.0 0.09000000357627869 0.0 0.09000000357627869 0.09000000357627869 0.09000000357627869 0.0 0.09000000357627869 0.09000000357627869 0.0 0.09000000357627869 0.09000000357627869 0.09000000357627869 0.0 0.09000000357627869 0.0 0.09000000357627869 0.0 0.09000000357627869 0.09000000357627869 0.0 0.09000000357627869 0.09000000357627869 0.09000000357627869
694 0.4399999976158142 0.09000000357627869 0.09000000357627869 0.0 0.0 0.09000000357627869 0.09000000357627869 0.09000000357627869 0.0 0.09000000357627869 0.0 0.09000000357627869 0.09000000357627869 0.09000000357627869 0.0 0.09000000357627869 0.09000000357627869 0.0 0.09000000357627869 0.09000000357627869 0.09000000357627869 0.0 0.09000000357627869 0.09000000357627869 0.0 0.09000000357627869 0.0 0.09000000357627869 0.09000000357627869 0.09000000357627869 0.0 0.09000000357627869 0.09000000357627869 0.09000000357627869 0.09000000357627869 0.0 0.09000000357627869 0.09000000357627869 0.0 0.09000000357627869 0.09000000357627869 0.550000011920929 0.0 0.0 0.3199999928474426 0.30000001192092896 0.0 0.09000000357627869 0.0 0.09000000357627869 0.0 0.09000000357627869 0.14000000059604645 0.09000000357627869 0.0 0.4300000071525574 0.0 0.09000000357627869 0.09000000357627869 0.09000000357627869 0.0 0.09000000357627869 0.09000000357627869 0.12999999523162842 0.0 0.4399999976158142
698 0.14000000059604645 0.09000000357627869 0.0 0.4300000071525574 0.0 0.09000000357627869 0.09000000357627869 0.09000000357627869 0.0 0.09000000357627869 0.09000000357627869 0.0 0.09000000357627869 0.09000000357627869 0.550000011920929 0.0 0.0 0.0 0.09000000357627869 0.09000000357627869 0.0 0.09000000357627869 0.09000000357627869 0.0 0.09000000357627869 0.09000000357627869 0.20999999344348907 0.05000000074505806 0.05000000074505806 0.0 0.33000001311302185 0.33000001311302185 0.33000001311302185 0.0 0.09000000357627869 0.09000000357627869 0.0 0.09000000357627869 0.09000000357627869 0.0 0.09000000357627869 0.09000000357627869 0.20999999344348907 0.05000000074505806 0.05000000074505806 0.0 0.33000001311302185 0.33000001311302185 0.33000001311302185 0.14000000059604645 0.09000000357627869 0.0 0.4300000071525574 0.0 0.09000000357627869 0.09000000357627869 0.09000000357627869 0.0 0.09000000357627869 0.09000000357627869 0.0 0.09000000357627869 0.0 0.09000000357627869 0.09000000357627869 0.09000000357627869 0.0 0.09000000357627869 0.09000000357627869 0.09000000357627869 0.0
70 0.0 0.09000000357627869 0.09000000357627869 0.0 0.1599999964237213 0.0 0.09000000357627869 0.09000000357627869 0.09000000357627869 0.0 0.0 0.09000000357627869 0.09000000357627869 0.0 0.1599999964237213 0.0 0.09000000357627869 0.09000000357627869 0.09000000357627869 0.0 0.09000000357627869 0.09000000357627869 0.0 0.09000000357627869 0.09000000357627869 0.0 0.09000000357627869 0.09000000357627869 0.0 0.09000000357627869 0.0 0.09000000357627869 0.09000000357627869 0.09000000357627869 0.0 0.09000000357627869 0.09000000357627869 0.09000000357627869 0.0 0.09000000357627869 0.09000000357627869 0.0 0.0 0.0 0.11999999731779099 0.0 0.11999999731779099 0.0 0.11999999731779099 0.0 0.09000000357627869 0.09000000357627869 0.0 0.0 0.11999999731779099 0.11999999731779099 0.09000000357627869 0.0 0.09000000357627869 0.0 0.09000000357627869 0.09000000357627869 0.09000000357627869 0.0 0.09000000357627869 0.09000000357627869 0.0 0.09000000357627869 0.09000000357627869 0.09000000357627869 0.0 0.09000000357627869 0.09000000357627869 0.0 0.09000000357627869 0.09000000357627869 0.6200000047683716 0.0 0.0 0.0 0.09000000357627869 0.09000000357627869 0.0 0.1599999964237213 0.0 0.09000000357627869 0.09000000357627869 0.0 0.09000000357627869 0.09000000357627869 0.6200000047683716 0.0 0.0 0.0 0.09000000357627869 0.09000000357627869 0.0 0.1599999964237213 0.09000000357627869 0.0 0.09000000357627869 0.09000000357627869 0.0 0.09000000357627869 0.09000000357627869 0.550000011920929 0.0 0.0 0.09000000357627869 0.0 0.09000000357627869 0.09000000357627869 0.20000000298023224 0.09000000357627869 0.0 0.09000000357627869 0.1899999976158142 0.12999999523162842 0.1899999976158142 0.0 0.4399999976158142 0.0 0.3199999928474426 0.18000000715255737 0.0 0.0 0.09000000357627869 0.09000000357627869 0.0 0.09000000357627869 0.09000000357627869 0.09000000357627869 0.0 0.09000000357627869 0.550000011920929 0.0 0.0 0.09000000357627869 0.09000000357627869 0.0 0.09000000357627869 0.09000000357627869 0.20000000298023224 0.09000000357627869 0.09000000357627869 0.0 0.4399999976158142 0.6399999856948853 0.0 0.46000000834465027 0.46000000834465027 0.0 0.46000000834465027 0.46000000834465027 0.0 0.09000000357627869 0.09000000357627869 0.550000011920929 0.0 0.0 0.3199999928474426 0.30000001192092896 0.09000000357627869 0.0 0.09000000357627869 0.09000000357627869 0.0 0.09000000357627869 0.0 0.09000000357627869 0.09000000357627869 0.09000000357627869 0.0 0.09000000357627869 0.09000000357627869 0.09000000357627869 0.09000000357627869 0.0 0.09000000357627869 0.09000000357627869 0.09000000357627869 0.0 0.09000000357627869 0.0 0.09000000357627869 0.0 0.09000000357627869 0.0 0.09000000357627869 0.09000000357627869 0.0 0.09000000357627869 0.09000000357627869 0.0 0.09000000357627869 0.09000000357627869 0.20999999344348907 0.05000000074505806 0.05000000074505806 0.0 0.33000001311302185 0.33000001311302185 0.0 0.09000000357627869 0.09000000357627869 0.0 0.09000000357627869 0.09000000357627869 0.0 0.09000000357627869 0.09000000357627869 0.20999999344348907 0.05000000074505806 0.05000000074505806 0.0 0.33000001311302185 0.33000001311302185 0.33000001311302185 0.0 0.09000000357627869 0.09000000357627869 0.0 0.0 0.09000000357627869 0.09000000357627869 0.09000000357627869 0.0 0.09000000357627869 0.0 0.09000000357627869 0.09000000357627869 0.09000000357627869 0.0 0.09000000357627869 0.09000000357627869 0.09000000357627869 0.0 0.09000000357627869 0.09000000357627869 0.0 0.09000000357627869 0.09000000357627869 0.0 0.09000000357627869 0.09000000357627869 0.20999999344348907 0.05000000074505806 0.05000000074505806 0.0 0.33000001311302185 0.33000001311302185 0.33000001311302185 0.09000000357627869 0.09000000357627869 0.09000000357627869 0.0 0.09000000357627869 0.09000000357627869 0.09000000357627869 0.0 0.09000000357627869 0.0 0.09000000357627869 0.09000000357627869 0.0 0.09000000357627869 0.09000000357627869 0.09000000357627869 0.0 0.09000000357627869 0.09000000357627869 0.550000011920929 0.0 0.0 0.3199999928474426 0.30000001192092896 0.11999999731779099 0.10999999940395355 0.0 0.4300000071525574 0.11999999731779099 0.0 0.09000000357627869 0.0 0.0 0.11999999731779099 0.0 0.11999999731779099 0.09000000357627869
700 0.1899999976158142 0.12999999523162842 0.0 0.4399999976158142 0.0 0.09000000357627869 0.09000000357627869 0.14000000059604645 0.09000000357627869 0.0 0.4300000071525574 0.0 0.09000000357627869 0.09000000357627869 0.09000000357627869 0.09000000357627869 0.0 0.0 0.09000000357627869 0.09000000357627869 0.14000000059604645 0.09000000357627869 0.0 0.4300000071525574 0.0 0.09000000357627869 0.09000000357627869 0.09000000357627869 0.0 0.09000000357627869 0.09000000357627869 0.0 0.09000000357627869 0.09000000357627869 0.0 0.09000000357627869 0.09000000357627869 0.20999999344348907 0.05000000074505806 0.05000000074505806 0.0 0.33000001311302185 0.33000001311302185 0.33000001311302185 0.0 0.09000000357627869 0.09000000357627869 0.0 0.09000000357627869 0.0 0.09000000357627869 0.09000000357627869 0.09000000357627869 0.0 0.09000000357627869 0.09000000357627869 0.09000000357627869 0.0 0.09000000357627869 0.09000000357627869 0.1899999976158142 0.12999999523162842 0.1899999976158142 0.0 0.4399999976158142 0.0 0.4399999976158142 0.3199999928474426 0.18000000715255737 0.0 0.09000000357627869 0.09000000357627869 0.09000000357627869 0.0 0.0 0.09000000357627869 0.09000000357627869 0.0 0.09000000357627869 0.09000000357627869 0.6200000047683716 0.0 0.0 0.0 0.09000000357627869 0.0 0.09000000357627869 0.09000000357627869 0.0 0.09000000357627869 0.09000000357627869
709 0.09000000357627869 0.0 0.09000000357627869 0.09000000357627869 0.0 0.09000000357627869 0.0 0.09000000357627869 0.09000000357627869 0.09000000357627869 0.0 0.09000000357627869 0.09000000357627869 0.550000011920929 0.0 0.0 0.3199999928474426 0.30000001192092896 0.0 0.09000000357627869 0.09000000357627869 0.0 0.09000000357627869 0.09000000357627869 0.0 0.0 0.09000000357627869 0.09000000357627869 0.09000000357627869 0.0 0.09000000357627869 0.09000000357627869 0.0 0.09000000357627869 0.09000000357627869 0.0 0.09000000357627869 0.09000000357627869 0.20999999344348907 0.05000000074505806 0.05000000074505806 0.0 0.33000001311302185 0.33000001311302185 0.33000001311302185 0.14000000059604645 0.09000000357627869 0.0 0.4300000071525574 0.0 0.09000000357627869 0.09000000357627869 0.09000000357627869 0.0 0.09000000357627869 0.09000000357627869 0.0 0.09000000357627869 0.09000000357627869 0.6200000047683716 0.0 0.0 0.0 0.09000000357627869 0.09000000357627869 0.0 0.09000000357627869 0.09000000357627869 0.20000000298023224 0.09000000357627869 0.09000000357627869 0.0 0.4399999976158142 0.6399999856948853 0.0 0.46000000834465027 0.46000000834465027 0.0 0.46000000834465027 0.46000000834465027 0.14000000059604645 0.09000000357627869 0.0 0.4300000071525574 0.0 0.09000000357627869 0.09000000357627869 0.09000000357627869 0.0 0.09000000357627869 0.0 0.09000000357627869 0.09000000357627869 0.09000000357627869 0.0 0.09000000357627869 0.09000000357627869 0.0 0.09000000357627869 0.09000000357627869 0.09000000357627869 0.0 0.09000000357627869 0.09000000357627869 0.0 0.09000000357627869 0.09000000357627869 0.550000011920929 0.0 0.0 0.3199999928474426 0.0 0.09000000357627869 0.09000000357627869 0.0
711 0.0 0.09000000357627869 0.09000000357627869 0.0 0.09000000357627869 0.09000000357627869 0.0 0.0 0.09000000357627869 0.09000000357627869 0.05000000074505806 0.09000000357627869 0.09000000357627869 0.0 0.4300000071525574 0.0 0.09000000357627869 0.09000000357627869 0.0 0.09000000357627869 0.09000000357627869 0.0 0.09000000357627869 0.09000000357627869 0.20999999344348907 0.05000000074505806 0.05000000074505806 0.0 0.33000001311302185 0.33000001311302185 0.33000001311302185 0.0 0.09000000357627869 0.09000000357627869 0.0 0.09000000357627869 0.09000000357627869 0.6200000047683716 0.0 0.0 0.0 0.09000000357627869 0.09000000357627869 0.0 0.09000000357627869 0.09000000357627869 0.20000000298023224 0.09000000357627869 0.09000000357627869 0.0 0.4399999976158142 0.6399999856948853 0.0 0.46000000834465027 0.46000000834465027 0.0 0.46000000834465027 0.14000000059604645 0.09000000357627869 0.0 0.4300000071525574 0.0 0.09000000357627869 0.09000000357627869 0.09000000357627869 0.0 0.09000000357627869 0.0 0.09000000357627869 0.09000000357627869 0.09000000357627869 0.0 0.09000000357627869 0.09000000357627869 0.0 0.09000000357627869 0.09000000357627869 0.09000000357627869 0.0 0.09000000357627869 0.09000000357627869 0.0 0.09000000357627869 0.09000000357627869 0.550000011920929 0.0 0.0 0.3199999928474426 0.30000001192092896 0.0 0.09000000357627869 0.09000000357627869 0.0 0.09000000357627869 0.09000000357627869 0.550000011920929 0.0 0.0 0.09000000357627869 0.09000000357627869 0.550000011920929 0.0 0.0 0.3199999928474426 0.30000001192092896 0.0 0.09000000357627869 0.0 0.09000000357627869 0.09000000357627869 0.0 0.09000000357627869 0.09000000357627869 0.09000000357627869
714 0.0 0.09000000357627869 0.09000000357627869 0.0 0.09000000357627869 0.09000000357627869 0.0 0.0 0.09000000357627869 0.09000000357627869 0.09000000357627869 0.05000000074505806 0.09000000357627869 0.09000000357627869 0.0 0.4300000071525574 0.0 0.09000000357627869 0.09000000357627869 0.0 0.09000000357627869 0.09000000357627869 0.0 0.09000000357627869 0.09000000357627869 0.20999999344348907 0.05000000074505806 0.05000000074505806 0.0 0.33000001311302185 0.33000001311302185 0.33000001311302185 0.14000000059604645 0.09000000357627869 0.0 0.4300000071525574 0.0 0.09000000357627869 0.09000000357627869 0.09000000357627869 0.0 0.09000000357627869 0.09000000357627869 0.0 0.09000000357627869 0.09000000357627869 0.6200000047683716 0.0 0.0 0.0 0.09000000357627869 0.09000000357627869 0.0 0.09000000357627869 0.09000000357627869 0.20000000298023224 0.09000000357627869 0.09000000357627869 0.0 0.4399999976158142 0.6399999856948853 0.0 0.46000000834465027 0.46000000834465027 0.0 0.46000000834465027 0.46000000834465027 0.0 0.09000000357627869 0.0 0.09000000357627869 0.09000000357627869 0.09000000357627869 0.0 0.09000000357627869 0.09000000357627869 0.0 0.09000000357627869 0.09000000357627869 0.09000000357627869 0.0 0.09000000357627869 0.09000000357627869 0.0 0.09000000357627869 0.09000000357627869 0.550000011920929 0.0 0.0 0.3199999928474426 0.30000001192092896 0.0 0.09000000357627869 0.09000000357627869 0.0 0.09000000357627869 0.09000000357627869 0.550000011920929 0.0 0.0 0.3199999928474426 0.30000001192092896 0.0 0.09000000357627869 0.09000000357627869 0.550000011920929 0.0 0.0 0.3199999928474426 0.30000001192092896 0.0 0.09000000357627869 0.0 0.09000000357627869 0.09000000357627869 0.09000000357627869 0.0 0.09000000357627869 0.09000000357627869 0.0 0.09000000357627869 0.09000000357627869 0.09000000357627869 0.14000000059604645 0.09000000357627869 0.0 0.4300000071525574 0.0 0.09000000357627869 0.0 0.09000000357627869 0.09000000357627869 0.0 0.09000000357627869 0.09000000357627869 0.6200000047683716 0.0 0.0 0.0 0.09000000357627869 0.0 0.09000000357627869 0.09000000357627869 0.550000011920929 0.0 0.0 0.3199999928474426 0.30000001192092896
720 0.09000000357627869 0.0 0.09000000357627869 0.09000000357627869 0.14000000059604645 0.09000000357627869 0.0 0.09000000357627869 0.09000000357627869 0.0 0.09000000357627869 0.0 0.09000000357627869 0.09000000357627869 0.09000000357627869 0.0 0.09000000357627869 0.09000000357627869 0.0 0.09000000357627869 0.09000000357627869 0.0 0.09000000357627869 0.09000000357627869 0.550000011920929 0.0 0.0 0.3199999928474426 0.30000001192092896 0.0 0.09000000357627869 0.09000000357627869 0.0 0.09000000357627869 0.09000000357627869 0.550000011920929 0.0 0.0 0.3199999928474426 0.30000001192092896 0.0 0.09000000357627869 0.09000000357627869 0.550000011920929 0.0 0.0 0.3199999928474426 0.30000001192092896 0.0 0.09000000357627869 0.0 0.09000000357627869 0.09000000357627869 0.09000000357627869 0.0 0.09000000357627869 0.09000000357627869 0.0 0.09000000357627869 0.09000000357627869 0.09000000357627869 0.0 0.09000000357627869 0.09000000357627869 0.0 0.09000000357627869 0.09000000357627869 0.6200000047683716 0.0 0.0 0.0 0.09000000357627869 0.09000000357627869 0.0 0.09000000357627869 0.09000000357627869 0.550000011920929 0.0 0.0 0.3199999928474426 0.30000001192092896 0.0 0.09000000357627869 0.09000000357627869 0.09000000357627869 0.05000000074505806 0.09000000357627869 0.09000000357627869 0.0 0.4300000071525574 0.0 0.09000000357627869 0.0 0.09000000357627869 0.09000000357627869 0.09000000357627869 0.0 0.09000000357627869 0.09000000357627869 0.09000000357627869 0.0 0.09000000357627869 0.09000000357627869 0.0 0.09000000357627869 0.09000000357627869 0.0 0.0 0.09000000357627869 0.0 0.09000000357627869 0.550000011920929 0.0 0.0 0.3199999928474426 0.30000001192092896 0.09000000357627869 0.09000000357627869 0.05000000074505806 0.33000001311302185
724 0.0 0.09000000357627869 0.0 0.09000000357627869 0.0 0.09000000357627869 0.09000000357627869 0.09000000357627869 0.0 0.09000000357627869 0.09000000357627869 0.14000000059604645 0.09000000357627869 0.0 0.4300000071525574 0.0 0.09000000357627869 0.09000000357627869 0.09000000357627869 0.0 0.09000000357627869 0.09000000357627869 0.0 0.09000000357627869 0.09000000357627869 0.6200000047683716 0.0 0.0 0.0 0.09000000357627869 0.09000000357627869 0.0 0.09000000357627869 0.09000000357627869 0.550000011920929 0.0 0.0 0.3199999928474426 0.30000001192092896 0.0 0.09000000357627869 0.09000000357627869 0.09000000357627869 0.0 0.09000000357627869 0.0 0.09000000357627869 0.09000000357627869 0.09000000357627869 0.0 0.09000000357627869 0.09000000357627869 0.09000000357627869 0.0 0.09000000357627869 0.09000000357627869 0.0 0.09000000357627869 0.09000000357627869 0.0 0.0 0.09000000357627869 0.09000000357627869 0.09000000357627869 0.0 0.09000000357627869 0.09000000357627869 0.0 0.09000000357627869 0.09000000357627869 0.550000011920929 0.0 0.0 0.3199999928474426 0.30000001192092896 0.0 0.09000000357627869 0.09000000357627869 0.0 0.09000000357627869 0.09000000357627869 0.0 0.09000000357627869 0.09000000357627869 0.20999999344348907 0.05000000074505806 0.05000000074505806 0.0 0.33000001311302185 0.33000001311302185 0.33000001311302185 0.0 0.09000000357627869 0.09000000357627869 0.0 0.09000000357627869 0.09000000357627869 0.20000000298023224 0.09000000357627869 0.09000000357627869 0.0 0.4399999976158142 0.6399999856948853 0.0 0.46000000834465027 0.0 0.46000000834465027 0.0 0.09000000357627869 0.09000000357627869 0.14000000059604645 0.09000000357627869 0.0 0.4300000071525574 0.09000000357627869 0.09000000357627869 0.0
731 0.0 0.09000000357627869 0.09000000357627869 0.0 0.09000000357627869 0.09000000357627869 0.0 0.09000000357627869 0.09000000357627869 0.0 0.09000000357627869 0.09000000357627869 0.0 0.09000000357627869 0.09000000357627869 0.550000011920929 0.0 0.0 0.3199999928474426 0.30000001192092896 0.0 0.09000000357627869 0.09000000357627869 0.0 0.09000000357627869 0.09000000357627869 0.0 0.09000000357627869 0.09000000357627869 0.20999999344348907 0.05000000074505806 0.05000000074505806 0.0 0.33000001311302185 0.33000001311302185 0.33000001311302185 0.0 0.09000000357627869 0.09000000357627869 0.0 0.09000000357627869 0.09000000357627869 0.20000000298023224 0.09000000357627869 0.09000000357627869 0.0 0.4399999976158142 0.0 0.09000000357627869 0.09000000357627869 0.0 0.09000000357627869 0.09000000357627869 0.0 0.09000000357627869 0.09000000357627869 0.20999999344348907 0.05000000074505806 0.05000000074505806 0.0 0.33000001311302185 0.33000001311302185 0.33000001311302185 0.0 0.09000000357627869 0.09000000357627869 0.0 0.09000000357627869 0.09000000357627869 0.6200000047683716 0.0 0.0 0.0 0.09000000357627869 0.09000000357627869 0.0 0.09000000357627869 0.09000000357627869 0.0 0.09000000357627869 0.09000000357627869 0.20999999344348907 0.05000000074505806 0.05000000074505806 0.0 0.33000001311302185 0.33000001311302185 0.0 0.09000000357627869 0.09000000357627869 0.0 0.09000000357627869 0.0 0.09000000357627869 0.09000000357627869 0.09000000357627869 0.0 0.09000000357627869 0.09000000357627869 0.09000000357627869 0.0 0.09000000357627869 0.09000000357627869 0.0 0.09000000357627869 0.09000000357627869 0.0 0.09000000357627869 0.09000000357627869 0.20999999344348907 0.05000000074505806 0.05000000074505806 0.0 0.33000001311302185 0.33000001311302185 0.33000001311302185 0.0 0.09000000357627869 0.09000000357627869 0.0 0.09000000357627869 0.09000000357627869 0.550000011920929 0.0 0.0 0.30000001192092896 0.09000000357627869 0.0 0.09000000357627869 0.6200000047683716 0.0 0.09000000357627869 0.30000001192092896
744 0.09000000357627869 0.0 0.09000000357627869 0.09000000357627869 0.0 0.09000000357627869 0.09000000357627869 0.0 0.09000000357627869 0.09000000357627869 0.0 0.09000000357627869 0.09000000357627869 0.0 0.09000000357627869 0.09000000357627869 0.20000000298023224 0.09000000357627869 0.09000000357627869 0.0 0.4399999976158142 0.6399999856948853 0.0 0.46000000834465027 0.46000000834465027 0.0 0.46000000834465027 0.46000000834465027 0.0 0.09000000357627869 0.0 0.09000000357627869 0.09000000357627869 0.09000000357627869 0.0 0.09000000357627869 0.09000000357627869 0.09000000357627869 0.05000000074505806 0.09000000357627869 0.09000000357627869 0.0 0.4300000071525574 0.0 0.09000000357627869 0.09000000357627869 0.0 0.09000000357627869 0.0 0.09000000357627869 0.09000000357627869
746 0.0 0.09000000357627869 0.0 0.09000000357627869 0.20000000298023224 0.09000000357627869 0.0 0.4399999976158142 0.14000000059604645 0.09000000357627869 0.0 0.4300000071525574 0.0 0.09000000357627869 0.09000000357627869 0.09000000357627869 0.0 0.09000000357627869 0.0 0.09000000357627869 0.09000000357627869 0.09000000357627869 0.0 0.09000000357627869 0.09000000357627869 0.09000000357627869 0.0 0.09000000357627869 0.09000000357627869 0.0 0.09000000357627869 0.09000000357627869 0.0 0.09000000357627869 0.09000000357627869 0.05000000074505806 0.09000000357627869 0.09000000357627869 0.0 0.4300000071525574 0.0 0.4300000071525574 0.09000000357627869
748 0.0 0.09000000357627869 0.09000000357627869 0.09000000357627869 0.05000000074505806 0.09000000357627869 0.09000000357627869 0.0 0.4300000071525574 0.0 0.09000000357627869 0.09000000357627869 0.0 0.09000000357627869 0.09000000357627869 0.0 0.09000000357627869 0.09000000357627869 0.14000000059604645 0.09000000357627869 0.0 0.4300000071525574 0.0 0.09000000357627869 0.09000000357627869 0.09000000357627869 0.0 0.09000000357627869 0.0 0.09000000357627869 0.09000000357627869 0.09000000357627869 0.0 0.09000000357627869 0.09000000357627869 0.0 0.09000000357627869 0.09000000357627869 0.09000000357627869 0.09000000357627869 0.09000000357627869 0.09000000357627869
749 0.09000000357627869 0.0 0.09000000357627869 0.09000000357627869 0.0 0.09000000357627869 0.09000000357627869 0.0 0.09000000357627869 0.09000000357627869 0.05000000074505806 0.09000000357627869 0.09000000357627869 0.0 0.4300000071525574 0.0 0.09000000357627869 0.0 0.09000000357627869 0.09000000357627869 0.09000000357627869 0.0 0.09000000357627869 0.09000000357627869 0.0 0.09000000357627869 0.09000000357627869 0.09000000357627869 0.0 0.09000000357627869 0.09000000357627869 0.0 0.09000000357627869 0.09000000357627869 0.20000000298023224 0.09000000357627869 0.09000000357627869 0.0 0.4399999976158142 0.6399999856948853 0.0 0.46000000834465027 0.0 0.46000000834465027 0.09000000357627869 0.6200000047683716 0.0 0.0
755 0.0 0.09000000357627869 0.09000000357627869 0.0 0.09000000357627869 0.09000000357627869 0.0 0.09000000357627869 0.09000000357627869 0.0 0.09000000357627869 0.09000000357627869 0.05000000074505806 0.09000000357627869 0.09000000357627869 0.0 0.4300000071525574 0.0 0.09000000357627869 0.09000000357627869 0.09000000357627869 0.0 0.09000000357627869 0.09000000357627869 0.09000000357627869 0.09000000357627869
756 0.0 0.09000000357627869 0.09000000357627869 0.0 0.09000000357627869 0.09000000357627869 0.0 0.09000000357627869 0.09000000357627869 0.05000000074505806 0.09000000357627869 0.09000000357627869 0.0 0.4300000071525574 0.0 0.09000000357627869 0.09000000357627869 0.09000000357627869 0.0 0.09000000357627869 0.09000000357627869 0.0 0.09000000357627869 0.09000000357627869 0.0 0.09000000357627869 0.09000000357627869 0.09000000357627869
760 0.0 0.09000000357627869 0.09000000357627869 0.0 0.09000000357627869 0.09000000357627869 0.0 0.09000000357627869 0.09000000357627869 0.0 0.09000000357627869 0.09000000357627869 0.0 0.09000000357627869 0.09000000357627869 0.0 0.09000000357627869 0.09000000357627869 0.09000000357627869 0.0 0.09000000357627869 0.09000000357627869 0.0 0.09000000357627869 0.09000000357627869 0.0 0.09000000357627869 0.09000000357627869 0.14000000059604645 0.09000000357627869 0.0 0.4300000071525574 0.0 0.09000000357627869 0.09000000357627869 0.09000000357627869 0.09000000357627869 0.0 0.09000000357627869 0.05000000074505806
762 0.0 0.09000000357627869 0.09000000357627869 0.14000000059604645 0.09000000357627869 0.0 0.4300000071525574 0.0 0.09000000357627869 0.09000000357627869 0.09000000357627869 0.0 0.09000000357627869 0.09000000357627869 0.0 0.09000000357627869 0.09000000357627869 0.0 0.09000000357627869 0.09000000357627869 0.0 0.09000000357627869 0.09000000357627869 0.0 0.09000000357627869 0.09000000357627869 0.0 0.09000000357627869 0.09000000357627869 0.20999999344348907 0.05000000074505806 0.05000000074505806 0.0 0.33000001311302185 0.33000001311302185 0.33000001311302185 0.0 0.09000000357627869 0.09000000357627869 0.09000000357627869 0.0 0.09000000357627869 0.09000000357627869 0.09000000357627869 0.0 0.09000000357627869
767 0.09000000357627869 0.0 0.09000000357627869 0.09000000357627869 0.0 0.09000000357627869 0.09000000357627869 0.0 0.09000000357627869 0.09000000357627869 0.0 0.09000000357627869 0.09000000357627869 0.0 0.0 0.11999999731779099 0.0 0.11999999731779099 0.10999999940395355 0.0 0.4300000071525574 0.0 0.11999999731779099 0.0 0.11999999731779099 0.0 0.09000000357627869 0.09000000357627869 0.0 0.09000000357627869 0.09000000357627869 0.0 0.09000000357627869 0.09000000357627869 0.14000000059604645 0.09000000357627869 0.0 0.4300000071525574 0.0 0.09000000357627869 0.09000000357627869 0.09000000357627869 0.0 0.09000000357627869
769 0.0 0.09000000357627869 0.0 0.11999999731779099 0.05000000074505806 0.09000000357627869 0.09000000357627869 0.0 0.4300000071525574 0.0 0.09000000357627869 0.09000000357627869 0.0 0.09000000357627869 0.09000000357627869 0.0 0.09000000357627869 0.09000000357627869 0.14000000059604645 0.09000000357627869 0.0 0.4300000071525574 0.0 0.09000000357627869 0.09000000357627869 0.09000000357627869 0.05000000074505806 0.09000000357627869 0.09000000357627869 0.0 0.4300000071525574 0.0 0.09000000357627869 0.0 0.09000000357627869 0.09000000357627869 0.20999999344348907 0.05000000074505806 0.05000000074505806 0.09000000357627869
770 0.05000000074505806 0.09000000357627869 0.09000000357627869 0.0 0.09000000357627869 0.09000000357627869 0.0 0.09000000357627869 0.09000000357627869 0.0 0.09000000357627869 0.09000000357627869 0.14000000059604645 0.09000000357627869 0.0 0.4300000071525574 0.0 0.09000000357627869 0.09000000357627869 0.09000000357627869 0.05000000074505806 0.09000000357627869 0.09000000357627869 0.0 0.4300000071525574 0.0 0.09000000357627869 0.09000000357627869 0.0 0.09000000357627869 0.09000000357627869 0.0 0.09000000357627869 0.09000000357627869 0.20999999344348907 0.05000000074505806 0.05000000074505806 0.0 0.33000001311302185 0.33000001311302185 0.33000001311302185 0.0 0.09000000357627869 0.09000000357627869 0.0 0.09000000357627869 0.09000000357627869 0.20999999344348907 0.05000000074505806 0.05000000074505806 0.09000000357627869 0.0 0.09000000357627869 0.09000000357627869 0.0 0.09000000357627869 0.09000000357627869 0.550000011920929 0.0 0.0 0.3199999928474426 0.0 0.09000000357627869 0.09000000357627869 0.1899999976158142 0.12999999523162842 0.1899999976158142 0.0 0.0 0.4399999976158142 0.3199999928474426 0.18000000715255737
771 0.09000000357627869 0.0 0.09000000357627869 0.09000000357627869 0.0 0.09000000357627869 0.09000000357627869 0.14000000059604645 0.09000000357627869 0.0 0.4300000071525574 0.0 0.09000000357627869 0.09000000357627869 0.09000000357627869 0.14000000059604645 0.09000000357627869 0.0 0.4300000071525574 0.0 0.09000000357627869 0.09000000357627869 0.09000000357627869 0.0 0.09000000357627869 0.09000000357627869 0.0 0.09000000357627869 0.09000000357627869 0.0 0.09000000357627869 0.09000000357627869 0.20999999344348907 0.05000000074505806 0.05000000074505806 0.0 0.33000001311302185 0.33000001311302185 0.33000001311302185 0.0 0.09000000357627869 0.09000000357627869 0.0 0.09000000357627869 0.09000000357627869 0.6200000047683716 0.0 0.0 0.0 0.09000000357627869 0.09000000357627869 0.0 0.09000000357627869 0.09000000357627869 0.0 0.09000000357627869 0.09000000357627869 0.20999999344348907 0.05000000074505806 0.05000000074505806 0.0 0.33000001311302185 0.33000001311302185 0.33000001311302185 0.0 0.09000000357627869 0.09000000357627869 0.0 0.09000000357627869 0.09000000357627869 0.0 0.09000000357627869 0.09000000357627869 0.20999999344348907 0.05000000074505806 0.05000000074505806 0.0 0.33000001311302185 0.33000001311302185 0.33000001311302185 0.0 0.09000000357627869 0.09000000357627869 0.0 0.09000000357627869 0.09000000357627869 0.0 0.09000000357627869 0.09000000357627869 0.0 0.09000000357627869 0.09000000357627869 0.0 0.09000000357627869 0.0 0.09000000357627869 0.550000011920929 0.0 0.0 0.3199999928474426 0.0 0.09000000357627869 0.09000000357627869 0.1899999976158142 0.12999999523162842 0.1899999976158142 0.0 0.4399999976158142 0.0 0.4399999976158142 0.3199999928474426 0.18000000715255737 0.09000000357627869
779 0.05000000074505806 0.09000000357627869 0.09000000357627869 0.0 0.4300000071525574 0.05000000074505806 0.09000000357627869 0.09000000357627869 0.0 0.4300000071525574 0.09000000357627869 0.0 0.10999999940395355 0.0 0.4300000071525574 0.0 0.11999999731779099 0.0 0.11999999731779099 0.09000000357627869 0.0 0.4300000071525574 0.0 0.09000000357627869 0.0 0.09000000357627869 0.09000000357627869 0.0 0.09000000357627869 0.09000000357627869 0.0 0.09000000357627869 0.09000000357627869 0.09000000357627869 0.0 0.09000000357627869 0.09000000357627869 0.0 0.09000000357627869 0.09000000357627869 0.20000000298023224 0.09000000357627869 0.09000000357627869 0.0 0.4399999976158142 0.6399999856948853 0.0 0.46000000834465027 0.46000000834465027 0.0 0.46000000834465027 0.46000000834465027 0.0 0.09000000357627869 0.0 0.09000000357627869 0.09000000357627869 0.09000000357627869 0.0 0.09000000357627869 0.09000000357627869 0.0 0.09000000357627869 0.09000000357627869 0.09000000357627869 0.14000000059604645 0.09000000357627869 0.0 0.4300000071525574 0.0 0.09000000357627869 0.09000000357627869 0.09000000357627869 0.0 0.09000000357627869 0.09000000357627869 0.550000011920929 0.0 0.0 0.3199999928474426 0.30000001192092896 0.0 0.09000000357627869 0.09000000357627869 0.6200000047683716 0.0 0.0 0.09000000357627869 0.0 0.09000000357627869 0.09000000357627869 0.0 0.09000000357627869 0.09000000357627869 0.20000000298023224 0.09000000357627869 0.09000000357627869 0.0 0.4399999976158142 0.6399999856948853 0.0 0.46000000834465027 0.46000000834465027 0.0 0.46000000834465027 0.46000000834465027 0.0 0.09000000357627869 0.09000000357627869 0.0 0.09000000357627869 0.09000000357627869 0.550000011920929 0.0 0.0 0.3199999928474426 0.30000001192092896 0.05000000074505806 0.09000000357627869 0.09000000357627869 0.0 0.4300000071525574 0.0 0.09000000357627869 0.0 0.09000000357627869 0.09000000357627869 0.0 0.0 0.09000000357627869 0.09000000357627869 0.0 0.09000000357627869 0.09000000357627869 0.0 0.09000000357627869 0.09000000357627869 0.09000000357627869 0.0 0.09000000357627869 0.0 0.09000000357627869 0.09000000357627869 0.09000000357627869 0.09000000357627869 0.0 0.09000000357627869 0.0 0.09000000357627869 0.09000000357627869 0.09000000357627869 0.0 0.09000000357627869 0.09000000357627869 0.0 0.09000000357627869 0.09000000357627869 0.09000000357627869 0.0 0.09000000357627869 0.09000000357627869 0.0 0.09000000357627869 0.0 0.0 0.09000000357627869 0.09000000357627869 0.0 0.0 0.11999999731779099 0.0 0.11999999731779099 0.0 0.11999999731779099 0.0 0.11999999731779099 0.0 0.11999999731779099 0.0 0.09000000357627869 0.0 0.09000000357627869 0.0 0.09000000357627869 0.09000000357627869 0.0 0.09000000357627869 0.09000000357627869 0.09000000357627869 0.0 0.09000000357627869 0.0 0.09000000357627869 0.0 0.09000000357627869 0.0 0.09000000357627869 0.0 0.09000000357627869 0.09000000357627869 0.09000000357627869 0.0 0.09000000357627869 0.09000000357627869 0.0 0.09000000357627869 0.0 0.09000000357627869 0.09000000357627869 0.0 0.09000000357627869 0.09000000357627869 0.20000000298023224 0.09000000357627869 0.09000000357627869 0.0 0.4399999976158142 0.0 0.09000000357627869 0.09000000357627869 0.0 0.09000000357627869 0.09000000357627869 0.0 0.09000000357627869 0.09000000357627869 0.09000000357627869 0.09000000357627869 0.09000000357627869 0.09000000357627869 0.0 0.09000000357627869 0.09000000357627869 0.0 0.09000000357627869 0.09000000357627869 0.0 0.09000000357627869 0.09000000357627869 0.20000000298023224 0.09000000357627869 0.09000000357627869 0.0 0.4399999976158142 0.6399999856948853 0.0 0.46000000834465027 0.46000000834465027 0.0 0.46000000834465027 0.46000000834465027 0.0 0.09000000357627869 0.0 0.09000000357627869 0.09000000357627869 0.09000000357627869 0.0 0.09000000357627869 0.09000000357627869 0.0 0.09000000357627869 0.09000000357627869 0.09000000357627869 0.14000000059604645 0.09000000357627869 0.0 0.4300000071525574 0.0 0.09000000357627869 0.09000000357627869 0.09000000357627869 0.0 0.09000000357627869 0.0 0.09000000357627869 0.09000000357627869 0.09000000357627869 0.0 0.09000000357627869 0.09000000357627869 0.0 0.09000000357627869 0.09000000357627869 0.09000000357627869 0.0 0.09000000357627869 0.09000000357627869 0.0 0.09000000357627869 0.09000000357627869 0.6200000047683716 0.0 0.0 0.09000000357627869 0.0 0.09000000357627869 0.09000000357627869 0.0 0.09000000357627869 0.09000000357627869 0.09000000357627869 0.0 0.09000000357627869 0.09000000357627869 0.0 0.09000000357627869 0.09000000357627869 0.550000011920929 0.0 0.0 0.3199999928474426 0.30000001192092896 0.0 0.09000000357627869 0.09000000357627869 0.0 0.09000000357627869 0.09000000357627869 0.0 0.09000000357627869 0.09000000357627869 0.20999999344348907 0.05000000074505806 0.05000000074505806 0.0 0.33000001311302185 0.33000001311302185 0.33000001311302185 0.0 0.4399999976158142
780 0.09000000357627869 0.09000000357627869 0.0 0.4300000071525574 0.0 0.09000000357627869 0.0 0.09000000357627869 0.09000000357627869 0.20000000298023224 0.09000000357627869 0.0 0.4399999976158142 0.6399999856948853 0.0 0.46000000834465027 0.46000000834465027 0.0 0.09000000357627869 0.0 0.09000000357627869 0.09000000357627869 0.09000000357627869 0.0 0.09000000357627869 0.09000000357627869 0.0 0.09000000357627869 0.09000000357627869 0.09000000357627869 0.14000000059604645 0.09000000357627869 0.0 0.4300000071525574 0.0 0.09000000357627869 0.09000000357627869 0.09000000357627869 0.0 0.09000000357627869 0.09000000357627869 0.550000011920929 0.0 0.0 0.3199999928474426 0.30000001192092896 0.0 0.09000000357627869 0.09000000357627869 0.6200000047683716 0.0 0.0 0.09000000357627869 0.0 0.09000000357627869 0.09000000357627869 0.0 0.09000000357627869 0.09000000357627869 0.20000000298023224 0.09000000357627869 0.09000000357627869 0.0 0.4399999976158142 0.6399999856948853 0.0 0.46000000834465027 0.46000000834465027 0.0 0.46000000834465027 0.46000000834465027 0.0 0.09000000357627869 0.09000000357627869 0.0 0.09000000357627869 0.09000000357627869 0.550000011920929 0.0 0.0 0.3199999928474426 0.30000001192092896 0.05000000074505806 0.09000000357627869 0.09000000357627869 0.0 0.4300000071525574 0.0 0.09000000357627869 0.09000000357627869 0.09000000357627869 0.0 0.09000000357627869 0.0 0.09000000357627869 0.09000000357627869 0.09000000357627869 0.0 0.09000000357627869 0.09000000357627869 0.0 0.09000000357627869 0.09000000357627869 0.09000000357627869 0.09000000357627869 0.0 0.09000000357627869 0.09000000357627869 0.0 0.09000000357627869 0.09000000357627869 0.6200000047683716 0.0 0.0 0.09000000357627869 0.09000000357627869 0.0 0.0 0.11999999731779099 0.0 0.11999999731779099 0.0 0.11999999731779099 0.0 0.11999999731779099 0.0 0.11999999731779099 0.0 0.09000000357627869 0.09000000357627869 0.550000011920929 0.0 0.30000001192092896 0.0 0.09000000357627869 0.0 0.09000000357627869 0.09000000357627869 0.09000000357627869 0.0 0.09000000357627869 0.09000000357627869 0.0 0.09000000357627869 0.09000000357627869 0.09000000357627869 0.0 0.09000000357627869 0.09000000357627869 0.0 0.09000000357627869 0.09000000357627869 0.09000000357627869 0.09000000357627869 0.0 0.09000000357627869 0.09000000357627869 0.0 0.09000000357627869 0.09000000357627869 0.550000011920929 0.0 0.0 0.3199999928474426 0.30000001192092896 0.0 0.09000000357627869 0.09000000357627869 0.0 0.0 0.0 0.09000000357627869 0.09000000357627869 0.0 0.09000000357627869 0.09000000357627869 0.0 0.09000000357627869 0.09000000357627869 0.0 0.09000000357627869 0.09000000357627869 0.0 0.09000000357627869 0.09000000357627869 0.20000000298023224 0.09000000357627869 0.0 0.4399999976158142 0.0 0.09000000357627869 0.0 0.09000000357627869 0.20000000298023224 0.09000000357627869 0.09000000357627869 0.0 0.4399999976158142 0.6399999856948853 0.0 0.46000000834465027 0.46000000834465027 0.0 0.09000000357627869 0.0 0.09000000357627869 0.09000000357627869 0.09000000357627869 0.0 0.09000000357627869 0.0 0.09000000357627869 0.09000000357627869 0.14000000059604645 0.09000000357627869 0.0 0.4300000071525574 0.0 0.09000000357627869 0.09000000357627869 0.09000000357627869 0.0 0.09000000357627869 0.0 0.09000000357627869 0.09000000357627869 0.09000000357627869 0.0 0.09000000357627869 0.09000000357627869 0.0 0.09000000357627869 0.09000000357627869 0.09000000357627869 0.0 0.09000000357627869 0.09000000357627869 0.0 0.09000000357627869 0.09000000357627869 0.6200000047683716 0.0 0.0 0.0 0.09000000357627869 0.0 0.09000000357627869 0.09000000357627869 0.09000000357627869 0.0 0.09000000357627869 0.09000000357627869 0.0 0.09000000357627869 0.09000000357627869 0.09000000357627869 0.09000000357627869 0.0 0.09000000357627869 0.09000000357627869 0.0 0.09000000357627869 0.09000000357627869 0.550000011920929 0.0 0.0 0.3199999928474426 0.30000001192092896
786 0.05000000074505806 0.09000000357627869 0.09000000357627869 0.0 0.4300000071525574 0.0 0.09000000357627869 0.09000000357627869 0.0 0.09000000357627869 0.0 0.09000000357627869 0.0 0.09000000357627869 0.0 0.09000000357627869 0.09000000357627869 0.09000000357627869 0.0 0.09000000357627869 0.09000000357627869 0.0 0.09000000357627869 0.09000000357627869 0.09000000357627869 0.0 0.09000000357627869 0.09000000357627869 0.0 0.09000000357627869 0.09000000357627869 0.20000000298023224 0.09000000357627869 0.09000000357627869 0.0 0.4399999976158142 0.6399999856948853 0.0 0.46000000834465027 0.46000000834465027 0.0 0.46000000834465027 0.46000000834465027 0.0 0.09000000357627869 0.0 0.09000000357627869 0.09000000357627869 0.09000000357627869 0.0 0.09000000357627869 0.09000000357627869 0.0 0.09000000357627869 0.09000000357627869 0.09000000357627869 0.14000000059604645 0.09000000357627869 0.0 0.4300000071525574 0.0 0.09000000357627869 0.09000000357627869 0.09000000357627869 0.14000000059604645 0.09000000357627869 0.0 0.4300000071525574 0.0 0.09000000357627869 0.09000000357627869 0.09000000357627869 0.0 0.09000000357627869 0.0 0.09000000357627869 0.09000000357627869 0.0 0.09000000357627869 0.09000000357627869 0.20000000298023224 0.09000000357627869 0.09000000357627869 0.0 0.4399999976158142 0.6399999856948853 0.0 0.46000000834465027 0.46000000834465027 0.0 0.09000000357627869 0.09000000357627869 0.0 0.09000000357627869 0.09000000357627869 0.550000011920929 0.0 0.0 0.3199999928474426 0.30000001192092896 0.0 0.09000000357627869 0.09000000357627869 0.0 0.09000000357627869 0.09000000357627869 0.0 0.0 0.09000000357627869 0.09000000357627869 0.09000000357627869 0.0 0.09000000357627869 0.0 0.09000000357627869 0.09000000357627869 0.09000000357627869 0.0 0.09000000357627869 0.09000000357627869 0.09000000357627869 0.14000000059604645 0.09000000357627869 0.0 0.4300000071525574 0.0 0.09000000357627869 0.09000000357627869 0.0 0.09000000357627869 0.09000000357627869 0.0 0.09000000357627869 0.09000000357627869 0.05000000074505806 0.09000000357627869 0.09000000357627869 0.0 0.4300000071525574 0.0 0.09000000357627869 0.0 0.09000000357627869 0.09000000357627869 0.09000000357627869 0.0 0.09000000357627869 0.09000000357627869 0.0 0.09000000357627869 0.09000000357627869 0.09000000357627869 0.0 0.09000000357627869 0.09000000357627869 0.0 0.09000000357627869 0.09000000357627869 0.20000000298023224 0.09000000357627869 0.09000000357627869 0.46000000834465027 0.0 0.09000000357627869 0.09000000357627869 0.0 0.09000000357627869 0.09000000357627869 0.6200000047683716 0.0 0.0 0.0 0.09000000357627869 0.09000000357627869 0.0 0.0 0.11999999731779099 0.0 0.11999999731779099 0.0 0.11999999731779099 0.0 0.11999999731779099 0.0 0.11999999731779099 0.09000000357627869 0.09000000357627869 0.0 0.09000000357627869 0.09000000357627869 0.09000000357627869 0.09000000357627869 0.0 0.09000000357627869 0.09000000357627869 0.0 0.09000000357627869 0.09000000357627869 0.20000000298023224 0.09000000357627869 0.09000000357627869 0.0 0.4399999976158142 0.6399999856948853 0.0 0.46000000834465027 0.46000000834465027 0.0 0.09000000357627869 0.0 0.09000000357627869 0.09000000357627869 0.09000000357627869 0.0 0.09000000357627869 0.09000000357627869 0.0 0.09000000357627869 0.09000000357627869 0.09000000357627869 0.14000000059604645 0.0 0.09000000357627869 0.0 0.09000000357627869 0.0 0.09000000357627869 0.0 0.09000000357627869 0.09000000357627869 0.0 0.09000000357627869 0.09000000357627869 0.09000000357627869 0.20999999344348907 0.05000000074505806 0.05000000074505806 0.0 0.33000001311302185 0.33000001311302185 0.33000001311302185 0.18000000715255737
789 0.09000000357627869 0.0 0.4300000071525574 0.0 0.09000000357627869 0.09000000357627869 0.0 0.09000000357627869 0.09000000357627869 0.0 0.09000000357627869 0.09000000357627869 0.6200000047683716 0.0 0.0 0.0 0.09000000357627869 0.09000000357627869 0.0 0.09000000357627869 0.09000000357627869 0.0 0.09000000357627869 0.09000000357627869 0.20999999344348907 0.05000000074505806 0.05000000074505806 0.0 0.33000001311302185 0.33000001311302185 0.0 0.09000000357627869 0.09000000357627869 0.0 0.09000000357627869 0.09000000357627869 0.0 0.09000000357627869 0.09000000357627869 0.20999999344348907 0.05000000074505806 0.05000000074505806 0.0 0.33000001311302185 0.33000001311302185 0.33000001311302185 0.0 0.09000000357627869 0.0 0.09000000357627869 0.09000000357627869 0.09000000357627869 0.0 0.09000000357627869 0.09000000357627869 0.0 0.09000000357627869 0.09000000357627869 0.09000000357627869 0.0 0.09000000357627869 0.09000000357627869 0.0 0.09000000357627869 0.0 0.09000000357627869 0.0 0.09000000357627869 0.09000000357627869 0.0 0.09000000357627869 0.09000000357627869 0.09000000357627869 0.05000000074505806 0.09000000357627869 0.09000000357627869 0.0 0.4300000071525574 0.0 0.09000000357627869 0.09000000357627869 0.0 0.09000000357627869 0.09000000357627869 0.0 0.0 0.09000000357627869 0.09000000357627869 0.09000000357627869 0.0 0.09000000357627869 0.0 0.09000000357627869 0.09000000357627869 0.09000000357627869 0.0 0.09000000357627869 0.09000000357627869 0.09000000357627869 0.0 0.09000000357627869 0.09000000357627869 0.0 0.09000000357627869 0.0 0.09000000357627869 0.09000000357627869 0.09000000357627869 0.0 0.09000000357627869 0.09000000357627869 0.09000000357627869 0.0 0.09000000357627869 0.09000000357627869 0.0 0.09000000357627869 0.09000000357627869 0.0 0.09000000357627869 0.09000000357627869 0.20999999344348907 0.05000000074505806 0.05000000074505806 0.0 0.33000001311302185 0.33000001311302185 0.33000001311302185 0.0 0.09000000357627869 0.09000000357627869 0.0 0.09000000357627869 0.09000000357627869 0.0 0.09000000357627869 0.09000000357627869 0.0 0.14000000059604645 0.09000000357627869 0.0 0.4300000071525574 0.0 0.09000000357627869 0.09000000357627869 0.09000000357627869 0.0 0.09000000357627869 0.09000000357627869 0.0 0.09000000357627869 0.6200000047683716 0.0 0.0 0.09000000357627869 0.0 0.0 0.09000000357627869 0.09000000357627869 0.09000000357627869 0.09000000357627869 0.05000000074505806 0.09000000357627869 0.09000000357627869 0.0 0.4300000071525574 0.09000000357627869 0.09000000357627869 0.09000000357627869 0.20000000298023224 0.09000000357627869 0.09000000357627869 0.6399999856948853 0.0 0.46000000834465027 0.46000000834465027 0.46000000834465027 0.0 0.09000000357627869 0.09000000357627869 0.0 0.09000000357627869 0.09000000357627869 0.6200000047683716 0.0 0.0 0.0 0.11999999731779099 0.0 0.09000000357627869 0.09000000357627869 0.09000000357627869 0.0 0.09000000357627869 0.09000000357627869 0.0 0.09000000357627869 0.09000000357627869 0.09000000357627869 0.0 0.09000000357627869 0.09000000357627869 0.1899999976158142 0.12999999523162842 0.1899999976158142 0.0 0.4399999976158142 0.0 0.4399999976158142 0.3199999928474426 0.18000000715255737 0.09000000357627869 0.0 0.09000000357627869 0.09000000357627869 0.0 0.09000000357627869 0.09000000357627869
793 0.0 0.09000000357627869 0.09000000357627869 0.09000000357627869 0.0 0.09000000357627869 0.09000000357627869 0.0 0.09000000357627869 0.09000000357627869 0.6200000047683716 0.0 0.0 0.09000000357627869 0.09000000357627869 0.0 0.09000000357627869 0.09000000357627869 0.0 0.09000000357627869 0.09000000357627869 0.20999999344348907 0.05000000074505806 0.05000000074505806 0.0 0.33000001311302185 0.33000001311302185 0.33000001311302185 0.0 0.09000000357627869 0.0 0.09000000357627869 0.09000000357627869 0.0 0.09000000357627869 0.0 0.09000000357627869 0.09000000357627869 0.09000000357627869 0.0 0.09000000357627869 0.09000000357627869 0.09000000357627869 0.0 0.09000000357627869 0.09000000357627869 0.0 0.09000000357627869 0.09000000357627869 0.0 0.09000000357627869 0.09000000357627869 0.20999999344348907 0.05000000074505806 0.05000000074505806 0.0 0.33000001311302185 0.33000001311302185 0.33000001311302185 0.0 0.09000000357627869 0.09000000357627869 0.0 0.09000000357627869 0.09000000357627869 0.0 0.09000000357627869 0.09000000357627869 0.14000000059604645 0.09000000357627869 0.0 0.4300000071525574 0.0 0.09000000357627869 0.09000000357627869 0.09000000357627869 0.14000000059604645 0.09000000357627869 0.0 0.4300000071525574 0.0 0.09000000357627869 0.09000000357627869 0.09000000357627869 0.0 0.09000000357627869 0.09000000357627869 0.0 0.09000000357627869 0.11999999731779099 0.0 0.09000000357627869 0.09000000357627869 0.0 0.09000000357627869 0.09000000357627869 0.6200000047683716 0.0 0.0 0.0 0.09000000357627869 0.09000000357627869 0.09000000357627869 0.09000000357627869 0.09000000357627869 0.0 0.09000000357627869 0.09000000357627869 0.0 0.09000000357627869 0.09000000357627869 0.0 0.09000000357627869 0.09000000357627869 0.20999999344348907 0.05000000074505806 0.0 0.09000000357627869 0.09000000357627869 0.0 0.09000000357627869 0.09000000357627869 0.6200000047683716 0.0 0.09000000357627869 0.09000000357627869 0.0 0.09000000357627869 0.09000000357627869 0.0 0.09000000357627869 0.09000000357627869 0.0 0.09000000357627869 0.0 0.09000000357627869 0.09000000357627869 0.09000000357627869 0.0 0.09000000357627869 0.09000000357627869 0.09000000357627869 0.0 0.09000000357627869 0.09000000357627869 0.0 0.09000000357627869 0.09000000357627869 0.0 0.09000000357627869 0.0 0.09000000357627869 0.0 0.3199999928474426
794 0.0 0.09000000357627869 0.0 0.09000000357627869 0.0 0.09000000357627869 0.09000000357627869 0.0 0.09000000357627869 0.09000000357627869 0.0 0.09000000357627869 0.09000000357627869 0.20999999344348907 0.05000000074505806 0.05000000074505806 0.0 0.33000001311302185 0.33000001311302185 0.33000001311302185 0.09000000357627869 0.0 0.09000000357627869 0.0 0.09000000357627869 0.09000000357627869 0.09000000357627869 0.0 0.09000000357627869 0.09000000357627869 0.0 0.09000000357627869 0.09000000357627869 0.09000000357627869 0.0 0.09000000357627869 0.09000000357627869 0.0 0.09000000357627869 0.09000000357627869 0.09000000357627869 0.0 0.09000000357627869 0.0 0.09000000357627869 0.09000000357627869 0.09000000357627869 0.0 0.09000000357627869 0.09000000357627869 0.09000000357627869 0.14000000059604645 0.09000000357627869 0.0 0.4300000071525574 0.0 0.09000000357627869 0.09000000357627869 0.09000000357627869 0.0 0.09000000357627869 0.09000000357627869 0.0 0.09000000357627869 0.0 0.09000000357627869 0.09000000357627869 0.09000000357627869 0.0 0.09000000357627869 0.09000000357627869 0.09000000357627869 0.0 0.09000000357627869 0.09000000357627869 0.0 0.09000000357627869 0.09000000357627869 0.0 0.09000000357627869 0.09000000357627869 0.20999999344348907 0.05000000074505806 0.05000000074505806 0.0 0.33000001311302185 0.33000001311302185 0.33000001311302185 0.0 0.09000000357627869 0.09000000357627869 0.0 0.09000000357627869 0.09000000357627869 0.0 0.09000000357627869 0.09000000357627869 0.05000000074505806 0.09000000357627869 0.09000000357627869 0.0 0.4300000071525574 0.14000000059604645 0.09000000357627869 0.0 0.4300000071525574 0.0 0.09000000357627869 0.09000000357627869 0.09000000357627869 0.0 0.09000000357627869 0.09000000357627869 0.0 0.0 0.11999999731779099 0.0 0.0 0.0 0.11999999731779099 0.0 0.11999999731779099 0.0 0.09000000357627869 0.09000000357627869 0.0 0.0 0.11999999731779099 0.0 0.11999999731779099 0.0 0.11999999731779099 0.0 0.09000000357627869 0.09000000357627869 0.0 0.09000000357627869 0.09000000357627869 0.6200000047683716 0.0 0.0 0.0 0.09000000357627869 0.09000000357627869 0.0 0.09000000357627869 0.0 0.09000000357627869 0.09000000357627869 0.09000000357627869 0.0 0.09000000357627869 0.09000000357627869 0.09000000357627869 0.0 0.09000000357627869 0.09000000357627869 0.0 0.09000000357627869 0.09000000357627869 0.0 0.09000000357627869 0.09000000357627869 0.0 0.09000000357627869 0.09000000357627869 0.6200000047683716 0.0 0.0 0.05000000074505806 0.09000000357627869 0.09000000357627869 0.0 0.4300000071525574 0.0 0.09000000357627869 0.0 0.09000000357627869 0.09000000357627869 0.0 0.09000000357627869 0.09000000357627869 0.09000000357627869 0.6399999856948853 0.0 0.46000000834465027 0.46000000834465027 0.0 0.46000000834465027 0.46000000834465027 0.09000000357627869 0.0 0.09000000357627869 0.09000000357627869 0.0 0.09000000357627869 0.09000000357627869 0.09000000357627869 0.0 0.09000000357627869 0.0 0.09000000357627869 0.09000000357627869 0.09000000357627869 0.0 0.09000000357627869 0.09000000357627869 0.09000000357627869 0.0 0.09000000357627869 0.09000000357627869 0.0 0.09000000357627869 0.0 0.09000000357627869 0.09000000357627869 0.09000000357627869 0.0 0.09000000357627869 0.09000000357627869 0.0 0.09000000357627869 0.09000000357627869 0.0 0.09000000357627869 0.09000000357627869 0.0 0.09000000357627869 0.09000000357627869 0.6200000047683716 0.0 0.0 0.0 0.09000000357627869 0.09000000357627869 0.0 0.09000000357627869 0.09000000357627869 0.0 0.09000000357627869 0.09000000357627869 0.0 0.09000000357627869 0.0 0.09000000357627869 0.09000000357627869 0.09000000357627869 0.0 0.09000000357627869 0.09000000357627869 0.09000000357627869 0.0 0.09000000357627869 0.09000000357627869 0.0 0.09000000357627869 0.09000000357627869 0.0 0.09000000357627869 0.09000000357627869 0.0 0.09000000357627869 0.09000000357627869 0.0 0.09000000357627869 0.0 0.09000000357627869 0.09000000357627869 0.09000000357627869 0.0 0.09000000357627869 0.09000000357627869 0.09000000357627869 0.0 0.09000000357627869 0.0 0.09000000357627869 0.09000000357627869 0.0 0.09000000357627869 0.09000000357627869 0.09000000357627869
795 0.09000000357627869 0.0 0.09000000357627869 0.09000000357627869 0.20999999344348907 0.05000000074505806 0.0 0.33000001311302185 0.33000001311302185 0.33000001311302185 0.09000000357627869 0.0 0.09000000357627869 0.09000000357627869 0.09000000357627869 0.09000000357627869 0.0 0.09000000357627869 0.09000000357627869 0.0 0.09000000357627869 0.09000000357627869 0.0 0.09000000357627869 0.0 0.09000000357627869 0.09000000357627869 0.09000000357627869 0.0 0.09000000357627869 0.09000000357627869 0.09000000357627869 0.0 0.09000000357627869 0.09000000357627869 0.0 0.09000000357627869 0.09000000357627869 0.0 0.09000000357627869 0.09000000357627869 0.20999999344348907 0.05000000074505806 0.05000000074505806 0.0 0.33000001311302185 0.33000001311302185 0.33000001311302185 0.0 0.09000000357627869 0.09000000357627869 0.0 0.09000000357627869 0.09000000357627869 0.05000000074505806 0.09000000357627869 0.09000000357627869 0.0 0.4300000071525574 0.14000000059604645 0.09000000357627869 0.0 0.4300000071525574 0.0 0.09000000357627869 0.09000000357627869 0.09000000357627869 0.0 0.09000000357627869 0.09000000357627869 0.0 0.0 0.11999999731779099 0.0 0.11999999731779099 0.0 0.11999999731779099 0.0 0.11999999731779099 0.0 0.11999999731779099 0.0 0.09000000357627869 0.09000000357627869 0.0 0.0 0.11999999731779099 0.0 0.11999999731779099 0.0 0.11999999731779099 0.0 0.11999999731779099 0.0 0.11999999731779099 0.0 0.09000000357627869 0.09000000357627869 0.0 0.09000000357627869 0.09000000357627869 0.6200000047683716 0.0 0.0 0.0 0.09000000357627869 0.09000000357627869 0.0 0.09000000357627869 0.0 0.09000000357627869 0.09000000357627869 0.09000000357627869 0.0 0.09000000357627869 0.09000000357627869 0.09000000357627869 0.0 0.09000000357627869 0.09000000357627869 0.0 0.09000000357627869 0.09000000357627869 0.550000011920929 0.0 0.0 0.3199999928474426 0.30000001192092896 0.0 0.09000000357627869 0.09000000357627869 0.0 0.09000000357627869 0.09000000357627869 0.6200000047683716 0.0 0.0 0.05000000074505806 0.09000000357627869 0.09000000357627869 0.0 0.4300000071525574 0.0 0.09000000357627869 0.0 0.09000000357627869 0.09000000357627869 0.0 0.09000000357627869 0.09000000357627869 0.09000000357627869 0.46000000834465027 0.46000000834465027 0.0 0.0 0.09000000357627869 0.0 0.09000000357627869 0.09000000357627869 0.09000000357627869 0.0 0.09000000357627869 0.09000000357627869 0.0 0.09000000357627869 0.09000000357627869 0.09000000357627869 0.0 0.09000000357627869 0.09000000357627869 0.0 0.09000000357627869 0.0 0.09000000357627869 0.09000000357627869 0.09000000357627869 0.0 0.09000000357627869 0.09000000357627869 0.09000000357627869 0.0 0.09000000357627869 0.09000000357627869 0.0 0.09000000357627869 0.09000000357627869 0.0 0.09000000357627869 0.09000000357627869 0.0 0.09000000357627869 0.09000000357627869 0.0 0.09000000357627869 0.09000000357627869 0.0 0.09000000357627869 0.09000000357627869 0.0 0.09000000357627869 0.09000000357627869 0.6200000047683716 0.0 0.0 0.0 0.09000000357627869 0.09000000357627869 0.0 0.09000000357627869 0.09000000357627869 0.0 0.09000000357627869 0.09000000357627869 0.20999999344348907 0.05000000074505806 0.05000000074505806 0.0 0.33000001311302185 0.33000001311302185 0.33000001311302185 0.0 0.09000000357627869 0.09000000357627869 0.0 0.09000000357627869 0.09000000357627869 0.6200000047683716 0.0 0.0 0.0 0.09000000357627869 0.09000000357627869 0.0 0.09000000357627869 0.09000000357627869 0.0 0.09000000357627869 0.09000000357627869 0.0 0.09000000357627869 0.0 0.09000000357627869 0.09000000357627869 0.09000000357627869 0.0 0.09000000357627869 0.09000000357627869 0.09000000357627869 0.0 0.09000000357627869 0.09000000357627869 0.0 0.09000000357627869 0.0 0.09000000357627869 0.09000000357627869 0.0 0.09000000357627869 0.09000000357627869 0.0 0.09000000357627869 0.0 0.09000000357627869 0.09000000357627869 0.09000000357627869 0.0 0.09000000357627869 0.0 0.09000000357627869 0.09000000357627869 0.09000000357627869
802 0.09000000357627869 0.09000000357627869 0.0 0.09000000357627869 0.0 0.09000000357627869 0.09000000357627869 0.09000000357627869 0.0 0.09000000357627869 0.09000000357627869 0.0 0.09000000357627869 0.09000000357627869 0.09000000357627869 0.0 0.09000000357627869 0.0 0.09000000357627869 0.09000000357627869 0.09000000357627869 0.0 0.09000000357627869 0.09000000357627869 0.0 0.09000000357627869 0.09000000357627869 0.09000000357627869 0.0 0.09000000357627869 0.09000000357627869 0.09000000357627869 0.05000000074505806 0.09000000357627869 0.09000000357627869 0.0 0.4300000071525574 0.0 0.09000000357627869 0.09000000357627869 0.09000000357627869 0.0 0.09000000357627869 0.0 0.09000000357627869 0.09000000357627869 0.09000000357627869 0.0 0.09000000357627869 0.09000000357627869 0.09000000357627869 0.14000000059604645 0.09000000357627869 0.0 0.4300000071525574 0.0 0.09000000357627869 0.09000000357627869 0.09000000357627869 0.0 0.09000000357627869 0.09000000357627869 0.0 0.09000000357627869 0.0 0.09000000357627869 0.09000000357627869 0.09000000357627869 0.0 0.09000000357627869 0.09000000357627869 0.09000000357627869 0.0 0.09000000357627869 0.0 0.09000000357627869 0.09000000357627869 0.0 0.09000000357627869 0.20999999344348907 0.05000000074505806 0.0 0.33000001311302185 0.33000001311302185 0.14000000059604645 0.09000000357627869 0.0 0.4300000071525574 0.0 0.09000000357627869 0.09000000357627869 0.09000000357627869 0.14000000059604645 0.09000000357627869 0.0 0.4300000071525574 0.0 0.09000000357627869 0.0 0.0 0.11999999731779099 0.0 0.11999999731779099 0.0 0.0 0.11999999731779099 0.0 0.0 0.09000000357627869 0.09000000357627869 0.0 0.0 0.11999999731779099 0.0 0.0 0.09000000357627869 0.09000000357627869 0.0 0.09000000357627869 0.09000000357627869 0.6200000047683716 0.0 0.0 0.0 0.09000000357627869 0.09000000357627869 0.0 0.09000000357627869 0.0 0.09000000357627869 0.09000000357627869 0.09000000357627869 0.0 0.09000000357627869 0.09000000357627869 0.09000000357627869 0.0 0.09000000357627869 0.09000000357627869 0.0 0.09000000357627869 0.09000000357627869 0.550000011920929 0.0 0.0 0.3199999928474426 0.30000001192092896 0.0 0.09000000357627869 0.09000000357627869 0.0 0.09000000357627869 0.09000000357627869 0.6200000047683716 0.0 0.0 0.0 0.09000000357627869 0.0 0.09000000357627869 0.09000000357627869 0.09000000357627869 0.0 0.09000000357627869 0.09000000357627869 0.0 0.09000000357627869 0.09000000357627869 0.09000000357627869 0.0 0.09000000357627869 0.09000000357627869 0.09000000357627869 0.0 0.09000000357627869 0.09000000357627869 0.0 0.09000000357627869 0.09000000357627869 0.20000000298023224 0.09000000357627869 0.09000000357627869 0.0 0.4399999976158142 0.6399999856948853 0.0 0.46000000834465027 0.46000000834465027 0.0 0.46000000834465027 0.46000000834465027 0.0 0.09000000357627869 0.09000000357627869 0.0 0.09000000357627869 0.09000000357627869 0.6200000047683716 0.0 0.0 0.0 0.09000000357627869 0.09000000357627869 0.0 0.0 0.11999999731779099 0.0 0.11999999731779099 0.0 0.11999999731779099 0.0 0.11999999731779099 0.0 0.11999999731779099 0.0 0.09000000357627869 0.550000011920929 0.0 0.0 0.0 0.09000000357627869 0.0 0.09000000357627869 0.09000000357627869 0.0 0.09000000357627869 0.09000000357627869 0.0 0.09000000357627869 0.09000000357627869 0.09000000357627869 0.0 0.09000000357627869 0.09000000357627869 0.0 0.09000000357627869 0.09000000357627869 0.0 0.09000000357627869 0.09000000357627869 0.0 0.09000000357627869 0.09000000357627869 0.0 0.09000000357627869 0.09000000357627869 0.550000011920929 0.0 0.0 0.3199999928474426 0.30000001192092896 0.0 0.0 0.09000000357627869 0.09000000357627869 0.09000000357627869 0.0 0.09000000357627869 0.09000000357627869 0.0 0.09000000357627869 0.09000000357627869 0.09000000357627869 0.0 0.09000000357627869 0.09000000357627869 0.09000000357627869 0.0 0.09000000357627869 0.0 0.09000000357627869 0.09000000357627869 0.09000000357627869 0.0 0.09000000357627869 0.09000000357627869 0.09000000357627869 0.0 0.0 0.09000000357627869 0.09000000357627869 0.09000000357627869 0.0 0.09000000357627869 0.0 0.09000000357627869 0.09000000357627869 0.09000000357627869 0.0 0.09000000357627869 0.09000000357627869 0.0 0.09000000357627869 0.09000000357627869 0.09000000357627869 0.0 0.09000000357627869 0.0 0.09000000357627869 0.09000000357627869 0.0 0.09000000357627869 0.09000000357627869 0.0 0.09000000357627869 0.09000000357627869 0.09000000357627869
846 0.4300000071525574 0.4300000071525574 0.0 0.09000000357627869 0.0 0.09000000357627869 0.09000000357627869 0.0 0.09000000357627869 0.0 0.09000000357627869 0.09000000357627869 0.09000000357627869 0.0 0.09000000357627869 0.09000000357627869 0.0 0.09000000357627869 0.09000000357627869 0.20000000298023224 0.09000000357627869 0.0 0.4399999976158142 0.46000000834465027 0.0 0.09000000357627869 0.0 0.09000000357627869 0.09000000357627869 0.09000000357627869 0.0 0.09000000357627869 0.09000000357627869 0.0 0.09000000357627869 0.09000000357627869 0.09000000357627869 0.14000000059604645 0.09000000357627869 0.0 0.4300000071525574 0.0 0.09000000357627869 0.09000000357627869 0.09000000357627869 0.14000000059604645 0.09000000357627869 0.0 0.4300000071525574 0.0 0.09000000357627869 0.09000000357627869 0.09000000357627869 0.0 0.09000000357627869 0.09000000357627869 0.550000011920929 0.0 0.0 0.3199999928474426 0.30000001192092896 0.0 0.09000000357627869 0.6200000047683716 0.0 0.09000000357627869 0.0 0.09000000357627869 0.0 0.09000000357627869 0.09000000357627869 0.0 0.09000000357627869 0.0 0.09000000357627869 0.11999999731779099 0.11999999731779099 0.0 0.09000000357627869 0.0 0.09000000357627869 0.09000000357627869 0.09000000357627869 0.0 0.09000000357627869 0.09000000357627869 0.09000000357627869 0.09000000357627869 0.30000001192092896 0.0 0.09000000357627869 0.0 0.09000000357627869 0.09000000357627869 0.09000000357627869 0.0 0.09000000357627869 0.09000000357627869 0.0 0.09000000357627869 0.09000000357627869 0.09000000357627869 0.09000000357627869 0.09000000357627869 0.0 0.0 0.11999999731779099 0.0 0.11999999731779099 0.0 0.11999999731779099 0.0 0.11999999731779099 0.0 0.11999999731779099 0.09000000357627869 0.0 0.09000000357627869 0.0 0.0 0.09000000357627869 0.09000000357627869 0.09000000357627869 0.0 0.09000000357627869 0.09000000357627869 0.0 0.09000000357627869 0.09000000357627869 0.550000011920929 0.0 0.0 0.09000000357627869 0.09000000357627869 0.0 0.1599999964237213 0.0 0.09000000357627869 0.0 0.09000000357627869 0.09000000357627869 0.09000000357627869 0.0 0.09000000357627869 0.09000000357627869 0.0 0.09000000357627869 0.09000000357627869 0.09000000357627869 0.0 0.09000000357627869 0.09000000357627869 0.0 0.09000000357627869 0.09000000357627869 0.20000000298023224 0.09000000357627869 0.09000000357627869 0.0 0.4399999976158142 0.6399999856948853 0.0 0.46000000834465027 0.46000000834465027 0.0 0.46000000834465027 0.46000000834465027 0.0 0.09000000357627869 0.09000000357627869 0.0 0.0 0.11999999731779099 0.0 0.11999999731779099 0.10999999940395355 0.0 0.11999999731779099 0.0 0.11999999731779099 0.09000000357627869 0.0 0.09000000357627869 0.0 0.0 0.11999999731779099 0.0 0.11999999731779099 0.0 0.11999999731779099 0.09000000357627869 0.0 0.09000000357627869 0.09000000357627869 0.0 0.09000000357627869 0.09000000357627869 0.0 0.09000000357627869 0.09000000357627869 0.0 0.09000000357627869 0.09000000357627869 0.09000000357627869 0.0 0.09000000357627869 0.09000000357627869 0.0 0.09000000357627869 0.09000000357627869 0.6200000047683716 0.0 0.0 0.0 0.09000000357627869 0.09000000357627869 0.0 0.09000000357627869 0.0 0.09000000357627869 0.0 0.09000000357627869 0.09000000357627869 0.09000000357627869 0.09000000357627869 0.0 0.09000000357627869 0.0 0.09000000357627869 0.09000000357627869 0.09000000357627869 0.0 0.09000000357627869 0.09000000357627869 0.09000000357627869 0.0 0.09000000357627869 0.09000000357627869 0.6200000047683716 0.0 0.0 0.09000000357627869 0.09000000357627869 0.0 0.09000000357627869 0.09000000357627869 0.20000000298023224 0.09000000357627869 0.09000000357627869 0.0 0.4399999976158142 0.6399999856948853 0.0 0.46000000834465027 0.46000000834465027 0.0 0.46000000834465027 0.46000000834465027 0.0 0.09000000357627869 0.0 0.09000000357627869 0.09000000357627869 0.09000000357627869 0.0 0.09000000357627869 0.09000000357627869 0.0 0.09000000357627869 0.09000000357627869 0.09000000357627869 0.0 0.09000000357627869 0.0 0.09000000357627869 0.09000000357627869 0.09000000357627869 0.0 0.09000000357627869 0.09000000357627869 0.0 0.09000000357627869 0.09000000357627869 0.09000000357627869 0.0 0.09000000357627869 0.09000000357627869 0.0 0.09000000357627869 0.09000000357627869 0.6200000047683716 0.0 0.0 0.0 0.09000000357627869 0.0 0.09000000357627869 0.09000000357627869 0.0 0.09000000357627869 0.09000000357627869 0.09000000357627869 0.0 0.09000000357627869 0.09000000357627869 0.0 0.09000000357627869 0.09000000357627869 0.09000000357627869 0.0 0.09000000357627869 0.09000000357627869 0.0 0.09000000357627869 0.09000000357627869 0.550000011920929 0.0 0.0 0.3199999928474426 0.30000001192092896 0.09000000357627869 0.09000000357627869 0.0 0.09000000357627869 0.20999999344348907 0.05000000074505806 0.33000001311302185
859 0.09000000357627869 0.09000000357627869 0.0 0.09000000357627869 0.09000000357627869 0.0 0.09000000357627869 0.09000000357627869 0.0 0.09000000357627869 0.09000000357627869 0.14000000059604645 0.09000000357627869 0.0 0.4300000071525574 0.0 0.09000000357627869 0.09000000357627869 0.09000000357627869 0.0 0.09000000357627869 0.09000000357627869 0.09000000357627869 0.09000000357627869 0.09000000357627869
860 0.09000000357627869 0.0 0.09000000357627869 0.09000000357627869 0.0 0.09000000357627869 0.09000000357627869 0.0 0.09000000357627869 0.09000000357627869 0.05000000074505806 0.09000000357627869 0.09000000357627869 0.0 0.4300000071525574 0.0 0.09000000357627869 0.09000000357627869 0.09000000357627869 0.0 0.09000000357627869 0.09000000357627869 0.09000000357627869 0.09000000357627869 0.1899999976158142 0.12999999523162842 0.1899999976158142 0.0 0.4399999976158142 0.09000000357627869 0.0 0.4300000071525574 0.09000000357627869 0.09000000357627869 0.09000000357627869 0.09000000357627869
864 0.0 0.09000000357627869 0.09000000357627869 0.09000000357627869 0.0 0.09000000357627869 0.09000000357627869 0.09000000357627869 0.0 0.09000000357627869 0.09000000357627869 0.1899999976158142 0.12999999523162842 0.1899999976158142 0.0 0.4399999976158142 0.0 0.4399999976158142 0.3199999928474426 0.18000000715255737 0.0 0.09000000357627869 0.09000000357627869 0.09000000357627869 0.0 0.09000000357627869 0.09000000357627869 0.1899999976158142 0.12999999523162842 0.1899999976158142 0.0 0.4399999976158142 0.0 0.4399999976158142 0.3199999928474426 0.18000000715255737 0.0 0.4300000071525574 0.0 0.09000000357627869 0.09000000357627869
867 0.05000000074505806 0.09000000357627869 0.0 0.4300000071525574 0.0 0.09000000357627869 0.09000000357627869 0.09000000357627869 0.0 0.09000000357627869 0.09000000357627869 0.1899999976158142 0.12999999523162842 0.1899999976158142 0.0 0.4399999976158142 0.0 0.4399999976158142 0.3199999928474426 0.18000000715255737 0.0 0.09000000357627869 0.0 0.09000000357627869 0.09000000357627869 0.09000000357627869 0.0 0.09000000357627869 0.09000000357627869 0.09000000357627869 0.0 0.09000000357627869 0.09000000357627869 0.0 0.09000000357627869 0.09000000357627869 0.0 0.09000000357627869 0.09000000357627869 0.20999999344348907 0.05000000074505806 0.05000000074505806 0.0 0.33000001311302185 0.33000001311302185 0.33000001311302185 0.0 0.09000000357627869 0.09000000357627869 0.0 0.0
876 0.0 0.0 0.09000000357627869 0.09000000357627869 0.09000000357627869 0.0 0.09000000357627869 0.09000000357627869 0.09000000357627869 0.0 0.09000000357627869 0.0 0.09000000357627869 0.09000000357627869 0.09000000357627869 0.0 0.09000000357627869 0.09000000357627869 0.09000000357627869 0.09000000357627869 0.0 0.09000000357627869 0.09000000357627869 0.0 0.09000000357627869 0.09000000357627869 0.0 0.09000000357627869 0.09000000357627869 0.20999999344348907 0.05000000074505806 0.05000000074505806 0.0 0.33000001311302185 0.33000001311302185 0.33000001311302185 0.0 0.09000000357627869 0.09000000357627869 0.0 0.09000000357627869 0.09000000357627869 0.09000000357627869 0.0 0.09000000357627869 0.09000000357627869
88 0.09000000357627869 0.0 0.09000000357627869 0.09000000357627869 0.0 0.09000000357627869 0.09000000357627869 0.20000000298023224 0.09000000357627869 0.09000000357627869 0.0 0.4399999976158142 0.6399999856948853 0.0 0.46000000834465027 0.46000000834465027 0.0 0.0 0.09000000357627869 0.0 0.09000000357627869 0.09000000357627869 0.09000000357627869 0.0 0.09000000357627869 0.09000000357627869 0.0 0.09000000357627869 0.09000000357627869 0.09000000357627869 0.0 0.09000000357627869 0.09000000357627869 0.0 0.09000000357627869 0.0 0.09000000357627869 0.09000000357627869 0.09000000357627869 0.05000000074505806 0.09000000357627869 0.09000000357627869 0.0 0.4300000071525574 0.0 0.4399999976158142 0.6399999856948853 0.0 0.46000000834465027 0.46000000834465027 0.0 0.46000000834465027 0.46000000834465027 0.09000000357627869 0.0 0.0 0.11999999731779099 0.0 0.11999999731779099 0.0 0.11999999731779099 0.09000000357627869 0.09000000357627869 0.0 0.09000000357627869 0.09000000357627869 0.0 0.09000000357627869 0.09000000357627869 0.6200000047683716 0.0 0.0 0.0 0.09000000357627869 0.09000000357627869 0.0 0.09000000357627869 0.09000000357627869 0.6200000047683716 0.0 0.0 0.0 0.09000000357627869 0.0 0.09000000357627869 0.09000000357627869 0.09000000357627869 0.0 0.09000000357627869 0.09000000357627869 0.09000000357627869 0.0 0.09000000357627869 0.09000000357627869 0.6200000047683716 0.0 0.0 0.0 0.09000000357627869 0.09000000357627869 0.0 0.09000000357627869 0.09000000357627869 0.0 0.09000000357627869 0.09000000357627869 0.0 0.09000000357627869 0.09000000357627869 0.6200000047683716 0.0 0.0 0.0 0.09000000357627869 0.0 0.09000000357627869 0.09000000357627869 0.09000000357627869 0.0 0.09000000357627869 0.09000000357627869 0.09000000357627869 0.0 0.09000000357627869 0.0 0.09000000357627869 0.09000000357627869 0.09000000357627869 0.0 0.09000000357627869 0.09000000357627869 0.09000000357627869 0.0 0.09000000357627869 0.09000000357627869 0.09000000357627869 0.0 0.30000001192092896 0.09000000357627869 0.0 0.4399999976158142 0.6399999856948853 0.0 0.46000000834465027 0.0 0.46000000834465027 0.46000000834465027
880 0.09000000357627869 0.0 0.09000000357627869 0.09000000357627869 0.0 0.09000000357627869 0.09000000357627869 0.0 0.09000000357627869 0.09000000357627869 0.20999999344348907 0.05000000074505806 0.05000000074505806 0.0 0.33000001311302185 0.0 0.09000000357627869 0.09000000357627869 0.0 0.09000000357627869 0.0 0.09000000357627869 0.09000000357627869 0.09000000357627869 0.0 0.09000000357627869 0.09000000357627869 0.09000000357627869 0.05000000074505806 0.09000000357627869 0.09000000357627869 0.0 0.4300000071525574 0.0 0.09000000357627869 0.09000000357627869 0.0 0.09000000357627869 0.09000000357627869 0.0 0.09000000357627869 0.09000000357627869 0.20999999344348907 0.05000000074505806 0.05000000074505806 0.0 0.33000001311302185 0.33000001311302185 0.33000001311302185 0.0 0.09000000357627869 0.09000000357627869 0.0 0.09000000357627869 0.09000000357627869 0.6200000047683716 0.0 0.0 0.0 0.09000000357627869 0.09000000357627869 0.0 0.09000000357627869 0.0 0.09000000357627869 0.09000000357627869 0.09000000357627869 0.0 0.09000000357627869 0.09000000357627869 0.09000000357627869 0.0 0.09000000357627869 0.09000000357627869 0.0 0.09000000357627869 0.09000000357627869 0.550000011920929 0.0 0.0 0.0 0.09000000357627869 0.09000000357627869 0.0 0.09000000357627869 0.09000000357627869 0.6200000047683716 0.0 0.0 0.0 0.09000000357627869 0.09000000357627869 0.0 0.09000000357627869 0.09000000357627869 0.0 0.0 0.09000000357627869 0.09000000357627869 0.33000001311302185 0.33000001311302185 0.0 0.09000000357627869 0.0 0.09000000357627869 0.09000000357627869 0.0 0.09000000357627869 0.09000000357627869 0.20999999344348907 0.05000000074505806 0.05000000074505806 0.0 0.33000001311302185 0.33000001311302185 0.33000001311302185
881 0.0 0.09000000357627869 0.09000000357627869 0.0 0.09000000357627869 0.09000000357627869 0.09000000357627869 0.0 0.09000000357627869 0.09000000357627869 0.0 0.09000000357627869 0.0 0.09000000357627869 0.09000000357627869 0.09000000357627869 0.0 0.09000000357627869 0.09000000357627869 0.09000000357627869 0.05000000074505806 0.09000000357627869 0.09000000357627869 0.0 0.4300000071525574 0.0 0.09000000357627869 0.09000000357627869 0.0 0.09000000357627869 0.09000000357627869 0.0 0.09000000357627869 0.09000000357627869 0.20999999344348907 0.05000000074505806 0.05000000074505806 0.0 0.33000001311302185 0.33000001311302185 0.33000001311302185 0.0 0.09000000357627869 0.09000000357627869 0.0 0.09000000357627869 0.09000000357627869 0.6200000047683716 0.0 0.0 0.0 0.09000000357627869 0.09000000357627869 0.0 0.09000000357627869 0.0 0.09000000357627869 0.09000000357627869 0.09000000357627869 0.0 0.09000000357627869 0.09000000357627869 0.09000000357627869 0.0 0.09000000357627869 0.09000000357627869 0.0 0.09000000357627869 0.09000000357627869 0.550000011920929 0.0 0.0 0.3199999928474426 0.30000001192092896 0.0 0.09000000357627869 0.09000000357627869 0.0 0.09000000357627869 0.09000000357627869 0.6200000047683716 0.0 0.0 0.0 0.09000000357627869 0.09000000357627869 0.0 0.09000000357627869 0.0 0.09000000357627869 0.09000000357627869 0.09000000357627869 0.0 0.09000000357627869 0.09000000357627869 0.6200000047683716 0.0 0.0 0.33000001311302185 0.09000000357627869 0.09000000357627869 0.09000000357627869 0.09000000357627869 0.0 0.09000000357627869 0.09000000357627869 0.0 0.09000000357627869 0.09000000357627869 0.0 0.09000000357627869 0.09000000357627869 0.20999999344348907 0.05000000074505806 0.05000000074505806 0.0 0.33000001311302185 0.33000001311302185 0.33000001311302185 0.0 0.4300000071525574 0.20999999344348907 0.05000000074505806 0.05000000074505806 0.0 0.33000001311302185 0.33000001311302185 0.33000001311302185
894 0.0 0.09000000357627869 0.09000000357627869 0.0 0.09000000357627869 0.09000000357627869 0.550000011920929 0.0 0.0 0.3199999928474426 0.30000001192092896 0.0 0.09000000357627869 0.09000000357627869 0.09000000357627869 0.0 0.09000000357627869 0.09000000357627869 0.6200000047683716 0.0 0.0 0.0 0.09000000357627869 0.09000000357627869 0.0 0.09000000357627869 0.09000000357627869 0.0 0.09000000357627869 0.09000000357627869 0.20999999344348907 0.05000000074505806 0.05000000074505806 0.0 0.33000001311302185 0.33000001311302185 0.0 0.09000000357627869 0.09000000357627869 0.0 0.09000000357627869 0.09000000357627869 0.6200000047683716 0.0 0.0 0.0 0.09000000357627869 0.09000000357627869 0.0 0.09000000357627869 0.09000000357627869 0.0 0.0 0.09000000357627869 0.09000000357627869 0.09000000357627869 0.0 0.09000000357627869 0.09000000357627869 0.0 0.0 0.11999999731779099 0.0 0.11999999731779099 0.10999999940395355 0.0 0.4300000071525574 0.0 0.11999999731779099 0.0 0.11999999731779099 0.0 0.09000000357627869 0.09000000357627869 0.0 0.09000000357627869 0.0 0.09000000357627869 0.09000000357627869 0.09000000357627869 0.0 0.09000000357627869 0.09000000357627869 0.09000000357627869 0.0 0.09000000357627869 0.09000000357627869 0.0 0.1599999964237213 0.0 0.09000000357627869 0.09000000357627869 0.0 0.09000000357627869 0.0 0.09000000357627869 0.09000000357627869 0.09000000357627869 0.0 0.09000000357627869 0.09000000357627869 0.09000000357627869 0.0 0.09000000357627869 0.09000000357627869 0.0 0.09000000357627869 0.0 0.09000000357627869 0.09000000357627869 0.09000000357627869 0.0 0.09000000357627869 0.09000000357627869 0.09000000357627869 0.0 0.09000000357627869 0.09000000357627869 0.09000000357627869 0.14000000059604645 0.09000000357627869 0.0 0.4300000071525574 0.0 0.09000000357627869 0.09000000357627869 0.09000000357627869 0.0 0.09000000357627869 0.09000000357627869 0.0 0.09000000357627869 0.0 0.09000000357627869 0.09000000357627869 0.09000000357627869 0.0 0.09000000357627869 0.09000000357627869 0.09000000357627869 0.0 0.09000000357627869 0.0 0.09000000357627869 0.09000000357627869 0.0 0.0 0.09000000357627869 0.0 0.09000000357627869 0.09000000357627869 0.09000000357627869 0.0 0.09000000357627869 0.09000000357627869 0.09000000357627869 0.0 0.09000000357627869 0.09000000357627869 0.0 0.0 0.11999999731779099 0.0 0.11999999731779099 0.10999999940395355 0.0 0.4300000071525574 0.0 0.11999999731779099 0.0 0.11999999731779099 0.09000000357627869 0.0 0.09000000357627869 0.0 0.09000000357627869 0.09000000357627869 0.09000000357627869 0.09000000357627869 0.0 0.4399999976158142 0.09000000357627869 0.0 0.09000000357627869 0.09000000357627869 0.0 0.0 0.09000000357627869 0.09000000357627869 0.09000000357627869 0.0 0.09000000357627869 0.0 0.09000000357627869 0.09000000357627869 0.09000000357627869 0.0 0.09000000357627869 0.09000000357627869 0.09000000357627869 0.0 0.11999999731779099 0.0 0.11999999731779099 0.0 0.09000000357627869 0.09000000357627869 0.09000000357627869 0.0 0.09000000357627869 0.09000000357627869 0.1899999976158142 0.1899999976158142 0.0 0.4399999976158142 0.0 0.4399999976158142 0.3199999928474426 0.18000000715255737 0.09000000357627869 0.0 0.0 0.09000000357627869 0.09000000357627869 0.0 0.09000000357627869 0.09000000357627869 0.0 0.09000000357627869 0.09000000357627869 0.09000000357627869 0.4300000071525574
900 0.20000000298023224 0.09000000357627869 0.09000000357627869 0.0 0.4399999976158142 0.6399999856948853 0.0 0.46000000834465027 0.46000000834465027 0.0 0.46000000834465027 0.46000000834465027 0.46000000834465027 0.09000000357627869 0.09000000357627869 0.0 0.09000000357627869 0.09000000357627869 0.0 0.09000000357627869 0.09000000357627869 0.09000000357627869 0.0 0.09000000357627869 0.09000000357627869 0.09000000357627869 0.09000000357627869 0.0 0.09000000357627869 0.09000000357627869 0.09000000357627869 0.0 0.0 0.09000000357627869 0.0 0.09000000357627869 0.09000000357627869 0.09000000357627869 0.09000000357627869 0.0 0.09000000357627869 0.0 0.09000000357627869 0.09000000357627869 0.09000000357627869 0.0 0.09000000357627869 0.09000000357627869 0.09000000357627869 0.0 0.4300000071525574 0.09000000357627869 0.09000000357627869 0.33000001311302185 0.09000000357627869 0.0 0.0 0.09000000357627869 0.0 0.0 0.11999999731779099 0.0 0.11999999731779099 0.05000000074505806 0.09000000357627869 0.09000000357627869 0.0 0.09000000357627869 0.09000000357627869 0.0 0.09000000357627869 0.0 0.09000000357627869 0.09000000357627869 0.09000000357627869 0.0 0.09000000357627869 0.09000000357627869 0.09000000357627869 0.0 0.09000000357627869 0.09000000357627869 0.0 0.1599999964237213 0.0 0.09000000357627869 0.09000000357627869 0.0 0.09000000357627869 0.0 0.09000000357627869 0.09000000357627869 0.09000000357627869 0.0 0.09000000357627869 0.09000000357627869 0.09000000357627869 0.0 0.09000000357627869 0.09000000357627869 0.0 0.09000000357627869 0.0 0.09000000357627869 0.09000000357627869 0.09000000357627869 0.0 0.09000000357627869 0.09000000357627869 0.09000000357627869 0.0 0.09000000357627869 0.09000000357627869 0.09000000357627869 0.0 0.09000000357627869 0.09000000357627869 0.0 0.09000000357627869 0.0 0.09000000357627869 0.09000000357627869 0.09000000357627869 0.0 0.09000000357627869 0.09000000357627869 0.09000000357627869 0.0 0.09000000357627869 0.09000000357627869 0.0 0.09000000357627869 0.09000000357627869 0.0 0.0 0.09000000357627869 0.09000000357627869 0.09000000357627869 0.09000000357627869 0.0 0.09000000357627869 0.09000000357627869 0.0 0.09000000357627869 0.09000000357627869 0.6200000047683716 0.0 0.0 0.0 0.09000000357627869 0.09000000357627869 0.6200000047683716 0.0 0.0 0.0 0.09000000357627869 0.0 0.09000000357627869 0.09000000357627869 0.09000000357627869 0.0 0.09000000357627869 0.09000000357627869 0.09000000357627869 0.05000000074505806 0.09000000357627869 0.09000000357627869 0.4300000071525574 0.0 0.09000000357627869 0.09000000357627869 0.0 0.0 0.11999999731779099 0.0 0.11999999731779099 0.10999999940395355 0.0 0.4300000071525574 0.0 0.11999999731779099 0.0 0.11999999731779099 0.0 0.09000000357627869 0.09000000357627869 0.09000000357627869 0.11999999731779099 0.0 0.09000000357627869 0.0 0.4399999976158142 0.18000000715255737 0.09000000357627869 0.09000000357627869
908 0.0 0.09000000357627869 0.0 0.09000000357627869 0.09000000357627869 0.09000000357627869 0.0 0.09000000357627869 0.09000000357627869 0.09000000357627869 0.09000000357627869 0.09000000357627869 0.0 0.09000000357627869 0.09000000357627869 0.09000000357627869 0.14000000059604645 0.0 0.0 0.09000000357627869 0.09000000357627869 0.0 0.09000000357627869 0.09000000357627869 0.0 0.0 0.09000000357627869 0.09000000357627869 0.09000000357627869 0.09000000357627869 0.0 0.09000000357627869 0.09000000357627869 0.0 0.09000000357627869 0.09000000357627869 0.6200000047683716 0.0 0.0 0.0 0.09000000357627869 0.09000000357627869 0.6200000047683716 0.0 0.0 0.0 0.09000000357627869 0.0 0.09000000357627869 0.09000000357627869 0.09000000357627869 0.0 0.09000000357627869 0.09000000357627869 0.09000000357627869 0.0 0.09000000357627869 0.09000000357627869 0.0 0.0 0.2199999988079071 0.0 0.3700000047683716 0.23999999463558197 0.10999999940395355 0.0 0.17000000178813934 0.0 0.14000000059604645 0.0 0.1599999964237213 0.0 0.14000000059604645 0.0 0.09000000357627869 0.09000000357627869 0.0 0.0 0.11999999731779099 0.0 0.11999999731779099 0.10999999940395355 0.0 0.4300000071525574 0.0 0.11999999731779099 0.0 0.11999999731779099 0.0 0.09000000357627869 0.09000000357627869 0.09000000357627869 0.0 0.09000000357627869 0.09000000357627869 0.0 0.09000000357627869 0.09000000357627869 0.0 0.09000000357627869 0.09000000357627869 0.20999999344348907 0.05000000074505806 0.05000000074505806 0.0 0.33000001311302185 0.33000001311302185 0.33000001311302185 0.09000000357627869 0.0 0.09000000357627869 0.09000000357627869 0.0 0.09000000357627869 0.0 0.09000000357627869 0.09000000357627869 0.09000000357627869 0.0 0.09000000357627869 0.09000000357627869 0.09000000357627869 0.0 0.09000000357627869 0.09000000357627869 0.09000000357627869 0.0 0.0 0.11999999731779099 0.0 0.11999999731779099 0.0 0.11999999731779099 0.0 0.11999999731779099 0.0 0.0 0.11999999731779099 0.0 0.0 0.11999999731779099 0.0 0.09000000357627869 0.09000000357627869 0.0 0.09000000357627869 0.09000000357627869 0.0 0.09000000357627869 0.0 0.09000000357627869 0.09000000357627869 0.09000000357627869 0.0 0.09000000357627869 0.09000000357627869 0.09000000357627869 0.0 0.09000000357627869 0.09000000357627869 0.0 0.0 0.09000000357627869 0.09000000357627869 0.09000000357627869 0.0 0.09000000357627869 0.09000000357627869 0.0 0.09000000357627869 0.09000000357627869 0.0 0.09000000357627869 0.09000000357627869 0.20999999344348907 0.05000000074505806 0.05000000074505806 0.0 0.33000001311302185 0.33000001311302185 0.33000001311302185 0.0 0.11999999731779099 0.0 0.11999999731779099 0.0 0.11999999731779099 0.09000000357627869 0.09000000357627869 0.0 0.09000000357627869 0.09000000357627869 0.0 0.09000000357627869 0.09000000357627869 0.09000000357627869 0.09000000357627869 0.09000000357627869 0.09000000357627869 0.0 0.09000000357627869 0.09000000357627869 0.0 0.09000000357627869 0.09000000357627869 0.0 0.09000000357627869 0.09000000357627869 0.0 0.09000000357627869 0.0 0.09000000357627869 0.09000000357627869 0.09000000357627869 0.0 0.09000000357627869 0.0 0.09000000357627869 0.09000000357627869 0.0 0.09000000357627869 0.09000000357627869 0.6200000047683716 0.0 0.0
930 0.0 0.4300000071525574 0.09000000357627869 0.0 0.09000000357627869 0.09000000357627869 0.0 0.09000000357627869 0.09000000357627869 0.550000011920929 0.0 0.0 0.3199999928474426 0.30000001192092896 0.0 0.09000000357627869 0.09000000357627869 0.09000000357627869 0.0 0.09000000357627869 0.09000000357627869 0.6200000047683716 0.0 0.0 0.0 0.09000000357627869 0.09000000357627869 0.0 0.09000000357627869 0.09000000357627869 0.0 0.0 0.09000000357627869 0.09000000357627869 0.09000000357627869 0.0 0.0 0.09000000357627869 0.09000000357627869 0.09000000357627869 0.0 0.09000000357627869 0.09000000357627869 0.0 0.0 0.11999999731779099 0.0 0.11999999731779099 0.0 0.09000000357627869 0.09000000357627869 0.0 0.0 0.11999999731779099 0.0 0.11999999731779099 0.0 0.09000000357627869 0.09000000357627869 0.550000011920929 0.0 0.0 0.30000001192092896 0.0 0.09000000357627869 0.0 0.09000000357627869 0.09000000357627869 0.09000000357627869 0.0 0.09000000357627869 0.09000000357627869 0.0 0.09000000357627869 0.09000000357627869 0.09000000357627869 0.0 0.09000000357627869 0.09000000357627869 0.0 0.09000000357627869 0.09000000357627869 0.0 0.0 0.09000000357627869 0.09000000357627869 0.09000000357627869 0.0 0.09000000357627869 0.09000000357627869 0.0 0.09000000357627869 0.09000000357627869 0.0 0.09000000357627869 0.09000000357627869 0.20999999344348907 0.05000000074505806 0.05000000074505806 0.0 0.09000000357627869 0.09000000357627869 0.0 0.09000000357627869 0.09000000357627869 0.0 0.09000000357627869 0.09000000357627869 0.20999999344348907 0.05000000074505806 0.05000000074505806 0.0 0.33000001311302185 0.33000001311302185 0.33000001311302185 0.0 0.09000000357627869 0.09000000357627869 0.0 0.09000000357627869 0.09000000357627869 0.0 0.0 0.09000000357627869 0.09000000357627869 0.09000000357627869 0.09000000357627869 0.0 0.09000000357627869 0.09000000357627869 0.0 0.09000000357627869 0.09000000357627869 0.0 0.0 0.09000000357627869 0.09000000357627869 0.09000000357627869 0.09000000357627869 0.0 0.09000000357627869 0.09000000357627869 0.0 0.09000000357627869 0.09000000357627869 0.20999999344348907 0.05000000074505806 0.05000000074505806 0.0 0.33000001311302185 0.33000001311302185 0.33000001311302185 0.0 0.09000000357627869 0.09000000357627869 0.0 0.1599999964237213 0.0 0.0 0.09000000357627869 0.09000000357627869 0.0 0.0 0.11999999731779099 0.0 0.11999999731779099 0.0 0.11999999731779099 0.0 0.11999999731779099 0.0 0.11999999731779099 0.0 0.09000000357627869 0.09000000357627869 0.0 0.09000000357627869 0.09000000357627869 0.0 0.09000000357627869 0.09000000357627869 0.1899999976158142 0.12999999523162842 0.1899999976158142 0.0 0.4399999976158142 0.0 0.3199999928474426 0.18000000715255737 0.09000000357627869 0.0 0.09000000357627869 0.09000000357627869 0.09000000357627869 0.0 0.09000000357627869 0.09000000357627869 0.30000001192092896 0.0 0.09000000357627869 0.09000000357627869 0.20999999344348907 0.05000000074505806 0.0 0.33000001311302185 0.33000001311302185 0.33000001311302185
940 0.09000000357627869 0.0 0.09000000357627869 0.09000000357627869 0.0 0.09000000357627869 0.10999999940395355 0.0 0.17000000178813934 0.0 0.14000000059604645 0.0 0.14000000059604645 0.0 0.0 0.11999999731779099 0.0 0.11999999731779099 0.0 0.11999999731779099 0.0 0.0 0.09000000357627869 0.09000000357627869 0.0 0.0 0.11999999731779099 0.0 0.11999999731779099 0.0 0.11999999731779099 0.0 0.11999999731779099 0.0 0.0 0.09000000357627869 0.0 0.09000000357627869 0.09000000357627869 0.09000000357627869 0.0 0.09000000357627869 0.09000000357627869 0.0 0.09000000357627869 0.09000000357627869 0.09000000357627869 0.0 0.09000000357627869 0.09000000357627869 0.0 0.09000000357627869 0.09000000357627869 0.0 0.0 0.09000000357627869 0.09000000357627869 0.09000000357627869 0.14000000059604645 0.09000000357627869 0.0 0.4300000071525574 0.0 0.09000000357627869 0.09000000357627869 0.09000000357627869 0.0 0.09000000357627869 0.09000000357627869 0.0 0.09000000357627869 0.09000000357627869 0.0 0.0 0.09000000357627869 0.09000000357627869 0.09000000357627869 0.0 0.09000000357627869 0.09000000357627869 0.0 0.09000000357627869 0.09000000357627869 0.0 0.09000000357627869 0.09000000357627869 0.20999999344348907 0.05000000074505806 0.05000000074505806 0.0 0.33000001311302185 0.33000001311302185 0.0 0.09000000357627869 0.09000000357627869 0.1899999976158142 0.12999999523162842 0.1899999976158142 0.0 0.4399999976158142 0.0 0.4399999976158142 0.3199999928474426 0.0 0.09000000357627869 0.09000000357627869 0.0 0.1599999964237213 0.0 0.09000000357627869 0.09000000357627869 0.0 0.0 0.11999999731779099 0.0 0.11999999731779099 0.0 0.11999999731779099 0.0 0.11999999731779099 0.0 0.11999999731779099 0.0 0.09000000357627869 0.09000000357627869 0.0 0.09000000357627869 0.09000000357627869 0.0 0.09000000357627869 0.09000000357627869 0.0 0.09000000357627869 0.09000000357627869 0.1899999976158142 0.12999999523162842 0.1899999976158142 0.0 0.4399999976158142 0.0 0.3199999928474426 0.0 0.09000000357627869 0.09000000357627869 0.0 0.09000000357627869 0.0 0.09000000357627869 0.09000000357627869 0.09000000357627869 0.0 0.09000000357627869 0.09000000357627869 0.09000000357627869 0.0 0.09000000357627869 0.09000000357627869 0.0 0.09000000357627869 0.09000000357627869 0.0 0.09000000357627869 0.09000000357627869 0.09000000357627869 0.0 0.09000000357627869 0.09000000357627869 0.0 0.09000000357627869 0.09000000357627869 0.0 0.09000000357627869 0.09000000357627869 0.20999999344348907 0.05000000074505806 0.05000000074505806 0.33000001311302185 0.14000000059604645 0.09000000357627869 0.0 0.4300000071525574 0.0 0.09000000357627869 0.09000000357627869 0.09000000357627869 0.0 0.09000000357627869 0.09000000357627869 0.0 0.0 0.11999999731779099 0.0 0.11999999731779099 0.0 0.11999999731779099 0.0 0.11999999731779099 0.0 0.11999999731779099 0.0 0.09000000357627869 0.09000000357627869 0.0 0.09000000357627869 0.0 0.09000000357627869 0.09000000357627869 0.0 0.09000000357627869 0.09000000357627869 0.0 0.09000000357627869 0.0 0.09000000357627869 0.09000000357627869 0.09000000357627869 0.0 0.09000000357627869 0.09000000357627869 0.09000000357627869 0.0 0.09000000357627869 0.0 0.09000000357627869 0.0 0.09000000357627869 0.09000000357627869 0.09000000357627869 0.0 0.09000000357627869 0.09000000357627869 0.0 0.09000000357627869 0.09000000357627869 0.0 0.1599999964237213 0.0 0.09000000357627869 0.09000000357627869 0.6200000047683716 0.0 0.0 0.0 0.09000000357627869 0.0 0.09000000357627869 0.09000000357627869 0.09000000357627869 0.09000000357627869
948 0.0 0.09000000357627869 0.09000000357627869 0.0 0.0 0.2199999988079071 0.0 0.3700000047683716 0.23999999463558197 0.10999999940395355 0.0 0.17000000178813934 0.0 0.14000000059604645 0.0 0.1599999964237213 0.0 0.14000000059604645 0.0 0.09000000357627869 0.0 0.0 0.11999999731779099 0.0 0.11999999731779099 0.0 0.11999999731779099 0.0 0.0 0.09000000357627869 0.09000000357627869 0.0 0.09000000357627869 0.0 0.0 0.09000000357627869 0.09000000357627869 0.09000000357627869 0.09000000357627869 0.0 0.0 0.09000000357627869 0.09000000357627869 0.09000000357627869 0.09000000357627869 0.0 0.09000000357627869 0.09000000357627869 0.0 0.09000000357627869 0.09000000357627869 0.05000000074505806 0.0 0.09000000357627869 0.09000000357627869 0.1899999976158142 0.12999999523162842 0.1899999976158142 0.0 0.4399999976158142 0.0 0.4399999976158142 0.3199999928474426 0.18000000715255737 0.0 0.09000000357627869 0.09000000357627869 0.0 0.1599999964237213 0.14000000059604645 0.09000000357627869 0.0 0.4300000071525574 0.0 0.09000000357627869 0.09000000357627869 0.09000000357627869 0.0 0.09000000357627869 0.09000000357627869 0.0 0.0 0.11999999731779099 0.0 0.11999999731779099 0.0 0.11999999731779099 0.0 0.11999999731779099 0.0 0.11999999731779099 0.0 0.09000000357627869 0.0 0.09000000357627869 0.09000000357627869 0.0 0.09000000357627869 0.0 0.09000000357627869 0.09000000357627869 0.09000000357627869 0.0 0.09000000357627869 0.09000000357627869 0.0 0.09000000357627869 0.09000000357627869 0.0 0.09000000357627869 0.09000000357627869 0.0 0.09000000357627869 0.09000000357627869 0.0 0.09000000357627869 0.09000000357627869 0.0 0.09000000357627869 0.09000000357627869 0.0 0.09000000357627869 0.09000000357627869 0.20999999344348907 0.05000000074505806 0.05000000074505806 0.0 0.33000001311302185 0.33000001311302185 0.33000001311302185 0.0 0.09000000357627869 0.09000000357627869 0.0 0.0 0.11999999731779099 0.0 0.11999999731779099 0.0 0.11999999731779099 0.0 0.11999999731779099 0.0 0.11999999731779099 0.0 0.09000000357627869 0.0 0.09000000357627869 0.09000000357627869 0.09000000357627869 0.0 0.09000000357627869 0.09000000357627869 0.09000000357627869 0.0 0.09000000357627869 0.09000000357627869 0.09000000357627869 0.0 0.09000000357627869 0.09000000357627869 0.0 0.09000000357627869 0.0 0.09000000357627869 0.09000000357627869 0.09000000357627869 0.0 0.09000000357627869 0.09000000357627869 0.09000000357627869 0.0 0.09000000357627869 0.09000000357627869 0.0 0.09000000357627869 0.09000000357627869 0.6200000047683716 0.0 0.0 0.09000000357627869 0.09000000357627869 0.0 0.09000000357627869 0.0 0.09000000357627869 0.09000000357627869 0.09000000357627869 0.0 0.09000000357627869 0.09000000357627869 0.09000000357627869 0.0 0.09000000357627869 0.09000000357627869 0.0 0.1599999964237213 0.0 0.09000000357627869 0.0 0.09000000357627869 0.09000000357627869 0.09000000357627869 0.0 0.09000000357627869 0.09000000357627869 0.09000000357627869 0.0 0.09000000357627869 0.09000000357627869 0.6200000047683716 0.0 0.0 0.09000000357627869 0.0 0.09000000357627869 0.09000000357627869 0.1899999976158142 0.12999999523162842 0.1899999976158142 0.0 0.4399999976158142 0.0 0.4399999976158142 0.3199999928474426 0.18000000715255737 0.0 0.09000000357627869 0.09000000357627869 0.0 0.0 0.11999999731779099 0.0 0.11999999731779099 0.0 0.09000000357627869 0.0 0.09000000357627869 0.09000000357627869 0.09000000357627869 0.0 0.09000000357627869 0.09000000357627869 0.0 0.09000000357627869 0.09000000357627869 0.09000000357627869 0.0 0.09000000357627869 0.0 0.09000000357627869 0.09000000357627869 0.0 0.09000000357627869 0.09000000357627869 0.09000000357627869 0.0 0.09000000357627869 0.09000000357627869 0.0 0.0 0.09000000357627869 0.0 0.09000000357627869 0.09000000357627869 0.0 0.09000000357627869 0.09000000357627869 0.09000000357627869
954 0.09000000357627869 0.09000000357627869 0.30000001192092896 0.0 0.4300000071525574 0.0 0.11999999731779099 0.0 0.09000000357627869 0.09000000357627869 0.0 0.0 0.09000000357627869 0.09000000357627869 0.6200000047683716 0.0 0.0 0.09000000357627869 0.09000000357627869 0.0 0.0 0.09000000357627869 0.09000000357627869 0.09000000357627869 0.0 0.09000000357627869 0.09000000357627869 0.09000000357627869 0.0 0.09000000357627869 0.09000000357627869 0.0 0.0 0.11999999731779099 0.0 0.11999999731779099 0.10999999940395355 0.0 0.4300000071525574 0.0 0.11999999731779099 0.0 0.11999999731779099 0.0 0.09000000357627869 0.09000000357627869 0.550000011920929 0.0 0.0 0.3199999928474426 0.30000001192092896 0.0 0.09000000357627869 0.09000000357627869 0.09000000357627869 0.0 0.09000000357627869 0.09000000357627869 0.0 0.09000000357627869 0.09000000357627869 0.6200000047683716 0.0 0.0 0.0 0.09000000357627869 0.09000000357627869 0.6200000047683716 0.0 0.0 0.0 0.09000000357627869 0.09000000357627869 0.0 0.09000000357627869 0.09000000357627869 0.20000000298023224 0.09000000357627869 0.09000000357627869 0.0 0.4399999976158142 0.6399999856948853 0.0 0.46000000834465027 0.46000000834465027 0.0 0.46000000834465027 0.46000000834465027 0.09000000357627869 0.0 0.09000000357627869 0.09000000357627869 0.0 0.09000000357627869 0.09000000357627869 0.6200000047683716 0.0 0.0 0.0 0.09000000357627869 0.09000000357627869 0.0 0.4399999976158142 0.3199999928474426 0.18000000715255737 0.09000000357627869
983 0.0 0.09000000357627869 0.0 0.09000000357627869 0.09000000357627869 0.09000000357627869 0.09000000357627869 0.0 0.09000000357627869 0.09000000357627869 0.09000000357627869 0.0 0.09000000357627869 0.09000000357627869 0.09000000357627869 0.0 0.11999999731779099 0.0 0.11999999731779099 0.0 0.11999999731779099 0.0 0.0 0.11999999731779099 0.0 0.09000000357627869 0.6200000047683716 0.0 0.0 0.09000000357627869 0.09000000357627869 0.09000000357627869 0.0 0.09000000357627869 0.0 0.09000000357627869 0.09000000357627869 0.09000000357627869 0.0 0.09000000357627869 0.09000000357627869 0.09000000357627869 0.0 0.09000000357627869 0.09000000357627869 0.0 0.09000000357627869 0.09000000357627869 0.0 0.09000000357627869 0.09000000357627869 0.20999999344348907 0.05000000074505806 0.05000000074505806 0.0 0.33000001311302185 0.33000001311302185 0.33000001311302185 0.0 0.09000000357627869 0.09000000357627869 0.0 0.09000000357627869 0.09000000357627869 0.6200000047683716 0.0 0.0 0.0 0.09000000357627869 0.09000000357627869 0.09000000357627869 0.0 0.09000000357627869 0.0 0.09000000357627869 0.09000000357627869 0.09000000357627869 0.0 0.09000000357627869 0.09000000357627869 0.09000000357627869 0.0 0.09000000357627869 0.09000000357627869 0.0 0.09000000357627869 0.09000000357627869 0.550000011920929 0.0 0.0 0.3199999928474426 0.30000001192092896 0.0 0.09000000357627869 0.0 0.09000000357627869 0.09000000357627869 0.09000000357627869 0.0 0.09000000357627869 0.09000000357627869 0.09000000357627869 0.0 0.09000000357627869 0.09000000357627869 0.0 0.09000000357627869 0.09000000357627869 0.20000000298023224 0.09000000357627869 0.09000000357627869 0.0 0.4399999976158142 0.6399999856948853 0.0 0.46000000834465027 0.46000000834465027 0.0 0.46000000834465027 0.46000000834465027 0.0 0.09000000357627869 0.09000000357627869 0.09000000357627869 0.0 0.09000000357627869 0.09000000357627869 0.0 0.09000000357627869 0.09000000357627869 0.6200000047683716 0.0 0.0 0.0 0.09000000357627869 0.09000000357627869 0.09000000357627869 0.14000000059604645 0.09000000357627869 0.0 0.4300000071525574 0.0 0.09000000357627869 0.09000000357627869 0.09000000357627869 0.14000000059604645 0.0 0.4300000071525574 0.0 0.09000000357627869 0.09000000357627869 0.09000000357627869
990 0.09000000357627869 0.09000000357627869 0.05000000074505806 0.09000000357627869 0.0 0.0 0.09000000357627869 0.09000000357627869 0.09000000357627869 0.0 0.09000000357627869 0.0 0.09000000357627869 0.09000000357627869 0.09000000357627869 0.0 0.09000000357627869 0.09000000357627869 0.09000000357627869 0.0 0.09000000357627869 0.09000000357627869 0.0 0.09000000357627869 0.09000000357627869 0.20000000298023224 0.09000000357627869 0.09000000357627869 0.0 0.4399999976158142 0.6399999856948853 0.0 0.46000000834465027 0.46000000834465027 0.0 0.46000000834465027 0.46000000834465027 0.0 0.09000000357627869 0.09000000357627869 0.09000000357627869 0.0 0.09000000357627869 0.09000000357627869 0.0 0.09000000357627869 0.09000000357627869 0.6200000047683716 0.0 0.0 0.0 0.09000000357627869 0.09000000357627869 0.09000000357627869 0.14000000059604645 0.09000000357627869 0.0 0.4300000071525574 0.0 0.09000000357627869 0.09000000357627869 0.09000000357627869 0.0 0.09000000357627869 0.09000000357627869 0.0 0.09000000357627869 0.09000000357627869 0.20000000298023224 0.09000000357627869 0.09000000357627869 0.0 0.4399999976158142 0.6399999856948853 0.0 0.46000000834465027 0.46000000834465027 0.0 0.05000000074505806 0.09000000357627869 0.09000000357627869 0.0 0.4300000071525574 0.0 0.09000000357627869 0.09000000357627869 0.0 0.09000000357627869 0.09000000357627869 0.20000000298023224 0.09000000357627869 0.09000000357627869 0.46000000834465027
991 0.0 0.09000000357627869 0.0 0.09000000357627869 0.0 0.09000000357627869 0.0 0.09000000357627869 0.09000000357627869 0.09000000357627869 0.0 0.09000000357627869 0.09000000357627869 0.0 0.09000000357627869 0.09000000357627869 0.20000000298023224 0.09000000357627869 0.4399999976158142 0.0 0.09000000357627869 0.09000000357627869 0.09000000357627869 0.0 0.09000000357627869 0.09000000357627869 0.0 0.09000000357627869 0.09000000357627869 0.6200000047683716 0.0 0.0 0.0 0.09000000357627869 0.09000000357627869 0.09000000357627869 0.14000000059604645 0.09000000357627869 0.0 0.4300000071525574 0.0 0.09000000357627869 0.09000000357627869 0.09000000357627869 0.0 0.09000000357627869 0.09000000357627869 0.0 0.09000000357627869 0.09000000357627869 0.20000000298023224 0.09000000357627869 0.09000000357627869 0.0 0.4399999976158142 0.6399999856948853 0.0 0.46000000834465027 0.46000000834465027 0.0 0.46000000834465027 0.46000000834465027 0.05000000074505806 0.09000000357627869 0.09000000357627869 0.0 0.4300000071525574 0.0 0.09000000357627869 0.09000000357627869 0.0 0.09000000357627869 0.09000000357627869 0.20000000298023224 0.09000000357627869 0.09000000357627869 0.0 0.4399999976158142 0.6399999856948853 0.0 0.46000000834465027 0.46000000834465027 0.0 0.0 0.09000000357627869 0.0 0.09000000357627869
993 0.0 0.09000000357627869 0.09000000357627869 0.0 0.09000000357627869 0.0 0.09000000357627869 0.09000000357627869 0.09000000357627869 0.14000000059604645 0.09000000357627869 0.0 0.4300000071525574 0.0 0.09000000357627869 0.09000000357627869 0.09000000357627869 0.14000000059604645 0.09000000357627869 0.0 0.4300000071525574 0.0 0.09000000357627869 0.09000000357627869 0.09000000357627869 0.0 0.09000000357627869 0.09000000357627869 0.0 0.09000000357627869 0.09000000357627869 0.20000000298023224 0.09000000357627869 0.09000000357627869 0.0 0.4399999976158142 0.6399999856948853 0.0 0.46000000834465027 0.46000000834465027 0.0 0.46000000834465027 0.0 0.09000000357627869 0.09000000357627869 0.0 0.09000000357627869 0.09000000357627869 0.20000000298023224 0.09000000357627869 0.09000000357627869 0.0 0.4399999976158142 0.6399999856948853 0.0 0.46000000834465027 0.46000000834465027 0.0 0.46000000834465027 0.46000000834465027 0.0 0.09000000357627869 0.09000000357627869 0.0 0.09000000357627869 0.09000000357627869 0.6200000047683716 0.0 0.0 0.05000000074505806 0.0 0.4300000071525574 0.05000000074505806 0.09000000357627869 0.0 0.4300000071525574
996 0.0 0.09000000357627869 0.0 0.09000000357627869 0.20000000298023224 0.09000000357627869 0.0 0.4399999976158142 0.05000000074505806 0.09000000357627869 0.09000000357627869 0.0 0.4300000071525574 0.0 0.09000000357627869 0.09000000357627869 0.0 0.09000000357627869 0.09000000357627869 0.20000000298023224 0.09000000357627869 0.09000000357627869 0.0 0.4399999976158142 0.6399999856948853 0.46000000834465027 0.0 0.09000000357627869 0.09000000357627869 0.0 0.09000000357627869 0.09000000357627869 0.6200000047683716 0.0 0.0 0.05000000074505806 0.09000000357627869 0.09000000357627869 0.0 0.4300000071525574 0.0 0.09000000357627869 0.09000000357627869 0.0 0.09000000357627869 0.09000000357627869 0.0 0.09000000357627869 0.09000000357627869 0.05000000074505806 0.09000000357627869 0.0 0.4300000071525574
997 0.0 0.09000000357627869 0.0 0.09000000357627869 0.20000000298023224 0.09000000357627869 0.0 0.4399999976158142 0.05000000074505806 0.09000000357627869 0.0 0.4300000071525574 0.0 0.09000000357627869 0.0 0.09000000357627869 0.0 0.09000000357627869 0.09000000357627869 0.0 0.09000000357627869 0.09000000357627869 0.6200000047683716 0.0 0.0 0.05000000074505806 0.09000000357627869 0.09000000357627869 0.0 0.4300000071525574 0.0 0.09000000357627869 0.09000000357627869 0.0 0.09000000357627869 0.09000000357627869 0.0 0.09000000357627869 0.09000000357627869 0.05000000074505806 0.09000000357627869 0.09000000357627869 0.0 0.4300000071525574 0.0 0.09000000357627869 0.1899999976158142 0.12999999523162842 0.1899999976158142 0.0 0.4399999976158142
999 0.05000000074505806 0.09000000357627869 0.09000000357627869 0.05000000074505806 0.09000000357627869 0.09000000357627869 0.0 0.4300000071525574 0.0 0.09000000357627869 0.09000000357627869 0.0 0.09000000357627869 0.09000000357627869 0.0 0.09000000357627869 0.09000000357627869 0.0 0.09000000357627869 0.09000000357627869 0.1899999976158142 0.12999999523162842 0.1899999976158142 0.0 0.4399999976158142 0.0 0.4399999976158142 0.3199999928474426 0.18000000715255737 0.09000000357627869 0.0 0.09000000357627869 0.09000000357627869 0.0 0.0 0.09000000357627869 0.09000000357627869 0.09000000357627869 0.0 0.09000000357627869
