107 0.0 0.0 0.5099999904632568 0.0 0.0 0.07000000029802322 0.5099999904632568 0.0 0.0 0.07000000029802322 0.5099999904632568 0.0 0.0 0.07000000029802322 0.5099999904632568 0.0 0.0 0.07000000029802322 0.5099999904632568 0.0 0.07000000029802322 0.5099999904632568 0.0 0.0 0.0 0.5099999904632568 0.0 0.0 0.5099999904632568 0.0 0.0 0.5099999904632568 0.0 0.0 0.07000000029802322 0.5099999904632568 0.0 0.0 0.07000000029802322 0.5099999904632568 0.0 0.0 0.07000000029802322 0.5099999904632568 0.0 0.0 0.07000000029802322 0.5099999904632568 0.0 0.0 0.07000000029802322 0.5099999904632568 0.0 0.0 0.07000000029802322 0.5099999904632568 0.0 0.0 0.07000000029802322 0.5099999904632568 0.0 0.0 0.07000000029802322 0.5099999904632568 0.0 0.0 0.07000000029802322 0.5099999904632568 0.0 0.0 0.0 0.5099999904632568 0.0 0.0 0.07000000029802322 0.5099999904632568 0.0 0.0 0.07000000029802322 0.5099999904632568 0.0 0.0 0.07000000029802322 0.0
113 0.0 0.07000000029802322 0.5099999904632568 0.0 0.0 0.0 0.5099999904632568 0.0 0.0 0.07000000029802322 0.5099999904632568 0.0 0.0 0.07000000029802322 0.5099999904632568 0.0 0.0 0.07000000029802322 0.5099999904632568 0.0 0.0 0.07000000029802322 0.5099999904632568 0.0 0.0 0.07000000029802322 0.5099999904632568 0.0 0.0 0.07000000029802322 0.0 0.0 0.0 0.5099999904632568 0.0 0.0 0.07000000029802322 0.5099999904632568 0.0 0.0 0.0 0.5099999904632568 0.0 0.0 0.07000000029802322 0.5099999904632568 0.0 0.0 0.07000000029802322 0.5099999904632568 0.0 0.0 0.07000000029802322 0.5099999904632568 0.0 0.0 0.07000000029802322 0.5099999904632568 0.0 0.0 0.07000000029802322 0.5099999904632568 0.0 0.0 0.07000000029802322 0.5099999904632568 0.0 0.0 0.07000000029802322 0.5099999904632568 0.0 0.0 0.07000000029802322 0.5099999904632568 0.0 0.0 0.07000000029802322 0.5099999904632568 0.0 0.0 0.07000000029802322 0.5099999904632568 0.0 0.0 0.07000000029802322 0.5099999904632568 0.0 0.0 0.07000000029802322 0.5099999904632568 0.0 0.0 0.07000000029802322 0.5099999904632568 0.0
135 0.5099999904632568 0.0 0.0 0.07000000029802322 0.5099999904632568 0.0 0.0 0.07000000029802322 0.5099999904632568 0.0 0.0 0.07000000029802322 0.5099999904632568 0.0 0.5099999904632568 0.0 0.0 0.07000000029802322 0.5099999904632568 0.0 0.0 0.07000000029802322 0.5099999904632568 0.0 0.0 0.07000000029802322 0.5099999904632568 0.0 0.0 0.07000000029802322 0.5099999904632568 0.0 0.0 0.07000000029802322 0.5099999904632568 0.0 0.0 0.0 0.5099999904632568 0.0 0.0 0.07000000029802322 0.5099999904632568 0.0 0.0 0.019999999552965164 0.5099999904632568 0.0 0.0 0.07000000029802322 0.5099999904632568 0.0 0.0
143 0.0 0.07000000029802322 0.5099999904632568 0.0 0.0 0.07000000029802322 0.5099999904632568 0.0 0.0 0.07000000029802322 0.5099999904632568 0.0 0.0 0.07000000029802322 0.5099999904632568 0.0 0.0 0.07000000029802322 0.5099999904632568 0.0 0.0 0.07000000029802322 0.5099999904632568 0.0 0.0 0.07000000029802322 0.5099999904632568 0.0 0.0 0.07000000029802322 0.5099999904632568 0.0 0.0 0.07000000029802322 0.5099999904632568 0.0 0.0 0.07000000029802322 0.5099999904632568 0.0 0.07000000029802322 0.5099999904632568 0.0 0.07000000029802322 0.5099999904632568 0.0 0.0 0.07000000029802322 0.5099999904632568 0.0 0.0 0.07000000029802322 0.5099999904632568 0.0 0.0 0.0 0.0 0.0 0.07000000029802322 0.5099999904632568 0.0 0.0 0.07000000029802322 0.5099999904632568 0.0 0.0 0.07000000029802322 0.5099999904632568 0.0 0.0 0.07000000029802322 0.5099999904632568 0.0 0.0 0.07000000029802322 0.5099999904632568 0.0 0.0 0.07000000029802322 0.5099999904632568 0.0 0.0 0.019999999552965164 0.5099999904632568 0.0 0.07000000029802322 0.5099999904632568 0.0 0.0 0.07000000029802322 0.5099999904632568 0.0 0.0 0.019999999552965164 0.5099999904632568 0.0 0.0 0.07000000029802322 0.5099999904632568 0.0 0.0 0.07000000029802322 0.5099999904632568 0.0 0.0 0.07000000029802322 0.5099999904632568 0.0 0.0 0.07000000029802322 0.5099999904632568 0.0 0.0 0.07000000029802322 0.5099999904632568 0.0 0.0
160 0.0 0.0 0.019999999552965164 0.5099999904632568 0.0 0.0 0.07000000029802322 0.5099999904632568 0.0 0.0 0.07000000029802322 0.5099999904632568 0.0 0.0 0.07000000029802322 0.5099999904632568 0.0 0.0 0.07000000029802322 0.5099999904632568 0.0 0.0 0.07000000029802322 0.5099999904632568 0.0 0.0 0.07000000029802322 0.5099999904632568 0.0 0.0 0.07000000029802322 0.5099999904632568 0.0 0.07000000029802322 0.5099999904632568 0.0 0.0 0.07000000029802322 0.5099999904632568 0.0 0.0 0.07000000029802322 0.5099999904632568 0.0 0.0 0.07000000029802322 0.5099999904632568 0.0 0.0 0.07000000029802322 0.5099999904632568 0.0 0.0 0.07000000029802322 0.5099999904632568 0.0 0.0 0.0 0.0 0.0 0.07000000029802322 0.0 0.5099999904632568 0.0 0.0 0.07000000029802322 0.5099999904632568 0.0 0.0 0.07000000029802322 0.5099999904632568 0.0 0.0
165 0.5099999904632568 0.0 0.07000000029802322 0.5099999904632568 0.0 0.0 0.07000000029802322 0.5099999904632568 0.0 0.0 0.07000000029802322 0.5099999904632568 0.0 0.0 0.07000000029802322 0.5099999904632568 0.0 0.0 0.07000000029802322 0.5099999904632568 0.0 0.0 0.07000000029802322 0.5099999904632568 0.0 0.0 0.07000000029802322 0.5099999904632568 0.0 0.0 0.07000000029802322 0.0 0.07000000029802322 0.5099999904632568 0.0 0.0 0.07000000029802322 0.5099999904632568 0.0 0.0 0.07000000029802322 0.5099999904632568 0.0 0.0 0.07000000029802322 0.07000000029802322 0.0 0.07000000029802322 0.5099999904632568 0.0 0.0 0.07000000029802322 0.5099999904632568 0.0 0.07000000029802322 0.5099999904632568 0.0 0.07000000029802322 0.5099999904632568 0.0 0.0 0.07000000029802322 0.5099999904632568 0.0 0.0 0.07000000029802322 0.5099999904632568 0.0 0.0 0.07000000029802322 0.5099999904632568 0.0 0.0 0.07000000029802322 0.5099999904632568 0.0 0.0 0.07000000029802322 0.5099999904632568 0.0 0.0
167 0.07000000029802322 0.5099999904632568 0.0 0.0 0.07000000029802322 0.5099999904632568 0.0 0.0 0.07000000029802322 0.5099999904632568 0.0 0.0 0.07000000029802322 0.5099999904632568 0.0 0.0 0.07000000029802322 0.5099999904632568 0.0 0.0 0.019999999552965164 0.5099999904632568 0.0 0.0 0.07000000029802322 0.5099999904632568 0.0 0.0 0.07000000029802322 0.07000000029802322 0.5099999904632568 0.0 0.0 0.07000000029802322 0.5099999904632568 0.0 0.0 0.07000000029802322 0.5099999904632568 0.0 0.0 0.07000000029802322 0.5099999904632568 0.0 0.0 0.5099999904632568 0.0 0.0 0.07000000029802322 0.5099999904632568 0.0 0.0 0.07000000029802322 0.5099999904632568 0.0 0.07000000029802322 0.5099999904632568 0.0 0.07000000029802322 0.5099999904632568 0.0 0.0 0.07000000029802322 0.5099999904632568 0.0 0.0 0.07000000029802322 0.5099999904632568 0.0 0.0 0.07000000029802322 0.5099999904632568 0.0 0.0 0.07000000029802322 0.5099999904632568 0.0 0.0 0.07000000029802322 0.5099999904632568 0.0 0.0 0.07000000029802322 0.5099999904632568 0.0 0.0
176 0.5099999904632568 0.0 0.07000000029802322 0.5099999904632568 0.0 0.0 0.07000000029802322 0.5099999904632568 0.0 0.0 0.019999999552965164 0.5099999904632568 0.0 0.0 0.07000000029802322 0.5099999904632568 0.0 0.0 0.07000000029802322 0.5099999904632568 0.0 0.0 0.07000000029802322 0.5099999904632568 0.0 0.0 0.07000000029802322 0.5099999904632568 0.0 0.0 0.07000000029802322 0.5099999904632568 0.0 0.0 0.0 0.5099999904632568 0.0 0.0 0.07000000029802322 0.5099999904632568 0.0 0.0 0.07000000029802322 0.5099999904632568 0.0 0.0 0.07000000029802322 0.5099999904632568 0.0 0.0 0.07000000029802322 0.5099999904632568 0.0 0.0 0.07000000029802322 0.07000000029802322 0.5099999904632568 0.0 0.0 0.07000000029802322 0.5099999904632568 0.0 0.0 0.07000000029802322 0.5099999904632568 0.0 0.0 0.07000000029802322 0.5099999904632568 0.0 0.0 0.07000000029802322 0.5099999904632568 0.0 0.0 0.07000000029802322 0.5099999904632568 0.0 0.0 0.07000000029802322 0.5099999904632568 0.0 0.0 0.07000000029802322 0.5099999904632568 0.0 0.0 0.07000000029802322 0.5099999904632568 0.0 0.0 0.07000000029802322 0.5099999904632568 0.0 0.0 0.07000000029802322 0.5099999904632568 0.0 0.0 0.0 0.07000000029802322 0.0 0.0
182 0.0 0.0 0.019999999552965164 0.5099999904632568 0.0 0.0 0.07000000029802322 0.5099999904632568 0.0 0.0 0.07000000029802322 0.5099999904632568 0.0 0.0 0.07000000029802322 0.5099999904632568 0.0 0.0 0.07000000029802322 0.5099999904632568 0.0 0.0 0.07000000029802322 0.5099999904632568 0.0 0.0 0.07000000029802322 0.5099999904632568 0.0 0.0 0.07000000029802322 0.5099999904632568 0.0 0.07000000029802322 0.5099999904632568 0.0 0.0 0.07000000029802322 0.5099999904632568 0.0 0.0 0.07000000029802322 0.5099999904632568 0.0 0.0 0.07000000029802322 0.5099999904632568 0.0 0.0 0.07000000029802322 0.5099999904632568 0.0 0.0 0.07000000029802322 0.5099999904632568 0.0 0.0 0.07000000029802322 0.5099999904632568 0.0 0.0 0.0 0.07000000029802322 0.5099999904632568 0.0 0.0 0.07000000029802322 0.5099999904632568 0.0 0.0 0.07000000029802322 0.5099999904632568 0.0 0.5099999904632568 0.0 0.5099999904632568 0.0 0.0 0.07000000029802322 0.5099999904632568 0.0 0.0 0.07000000029802322 0.5099999904632568 0.0 0.0 0.0 0.5099999904632568 0.0 0.0 0.07000000029802322 0.5099999904632568 0.0 0.0 0.07000000029802322 0.07000000029802322 0.5099999904632568 0.0 0.0 0.07000000029802322 0.5099999904632568 0.0 0.0 0.07000000029802322 0.5099999904632568 0.0 0.0 0.0 0.5099999904632568 0.0 0.0 0.07000000029802322 0.5099999904632568 0.0 0.0 0.07000000029802322 0.5099999904632568 0.0 0.0 0.5099999904632568 0.0
184 0.0 0.07000000029802322 0.5099999904632568 0.0 0.0 0.07000000029802322 0.5099999904632568 0.0 0.0 0.019999999552965164 0.5099999904632568 0.0 0.0 0.07000000029802322 0.5099999904632568 0.0 0.0 0.07000000029802322 0.5099999904632568 0.0 0.0 0.07000000029802322 0.5099999904632568 0.0 0.0 0.07000000029802322 0.5099999904632568 0.0 0.07000000029802322 0.5099999904632568 0.0 0.0 0.07000000029802322 0.5099999904632568 0.0 0.0 0.07000000029802322 0.5099999904632568 0.0 0.0 0.07000000029802322 0.5099999904632568 0.0 0.0 0.07000000029802322 0.5099999904632568 0.0 0.0 0.07000000029802322 0.5099999904632568 0.0 0.0 0.07000000029802322 0.5099999904632568 0.0 0.0 0.0 0.019999999552965164 0.5099999904632568 0.0 0.0 0.07000000029802322 0.5099999904632568 0.0 0.0 0.07000000029802322 0.5099999904632568 0.0 0.0 0.07000000029802322 0.5099999904632568 0.0 0.0 0.0 0.0 0.0 0.5099999904632568 0.0 0.07000000029802322 0.5099999904632568 0.0 0.0 0.07000000029802322 0.5099999904632568 0.0 0.0 0.07000000029802322 0.5099999904632568 0.0 0.0 0.07000000029802322 0.5099999904632568 0.0 0.0 0.5099999904632568 0.0 0.0 0.5099999904632568 0.0
19 0.5099999904632568 0.0 0.0 0.019999999552965164 0.5099999904632568 0.0 0.0 0.07000000029802322 0.5099999904632568 0.0 0.0 0.019999999552965164 0.5099999904632568 0.0 0.0 0.07000000029802322 0.5099999904632568 0.0 0.0 0.07000000029802322 0.5099999904632568 0.0 0.0 0.07000000029802322 0.5099999904632568 0.0 0.0 0.07000000029802322 0.5099999904632568 0.0 0.0
190 0.0 0.07000000029802322 0.5099999904632568 0.0 0.07000000029802322 0.5099999904632568 0.0 0.0 0.5099999904632568 0.0 0.07000000029802322 0.5099999904632568 0.0 0.0 0.07000000029802322 0.5099999904632568 0.0 0.0 0.07000000029802322 0.5099999904632568 0.0 0.0 0.019999999552965164 0.5099999904632568 0.0 0.0 0.07000000029802322 0.5099999904632568 0.0 0.0 0.07000000029802322 0.5099999904632568 0.0 0.0 0.0 0.5099999904632568 0.0 0.0 0.07000000029802322 0.5099999904632568 0.0 0.0 0.07000000029802322 0.5099999904632568 0.0 0.0 0.07000000029802322 0.5099999904632568 0.0 0.0 0.07000000029802322 0.5099999904632568 0.0 0.0
194 0.5099999904632568 0.0 0.0 0.07000000029802322 0.5099999904632568 0.0 0.0 0.07000000029802322 0.5099999904632568 0.0 0.0 0.07000000029802322 0.5099999904632568 0.0 0.0 0.07000000029802322 0.5099999904632568 0.0 0.0 0.07000000029802322 0.5099999904632568 0.0 0.0 0.07000000029802322 0.5099999904632568 0.0 0.0 0.07000000029802322 0.5099999904632568 0.0 0.0 0.019999999552965164 0.5099999904632568 0.0 0.07000000029802322 0.5099999904632568 0.0 0.0 0.07000000029802322 0.5099999904632568 0.0 0.0 0.07000000029802322 0.5099999904632568 0.0 0.0 0.07000000029802322 0.5099999904632568 0.0 0.0 0.07000000029802322 0.5099999904632568 0.0 0.0 0.019999999552965164 0.5099999904632568 0.0 0.0 0.07000000029802322 0.5099999904632568 0.0 0.0 0.07000000029802322 0.5099999904632568 0.0 0.0 0.0 0.5099999904632568 0.0 0.0 0.07000000029802322 0.5099999904632568 0.0 0.0 0.07000000029802322 0.5099999904632568 0.0 0.0 0.07000000029802322 0.5099999904632568 0.0 0.0 0.07000000029802322 0.5099999904632568 0.0 0.0 0.07000000029802322 0.5099999904632568 0.0 0.0 0.07000000029802322 0.5099999904632568 0.0 0.5099999904632568 0.0 0.0 0.07000000029802322 0.5099999904632568 0.0 0.0 0.07000000029802322 0.5099999904632568 0.0 0.0 0.07000000029802322 0.5099999904632568 0.0 0.0 0.0 0.5099999904632568 0.0 0.0 0.0 0.5099999904632568 0.0 0.07000000029802322 0.5099999904632568 0.0 0.5099999904632568 0.0 0.0 0.0 0.5099999904632568 0.0 0.0 0.0 0.5099999904632568 0.0 0.0 0.07000000029802322 0.5099999904632568 0.0 0.0 0.07000000029802322
200 0.0 0.07000000029802322 0.5099999904632568 0.0 0.0 0.0 0.07000000029802322 0.0 0.07000000029802322 0.5099999904632568 0.0 0.0 0.07000000029802322 0.5099999904632568 0.0 0.0 0.07000000029802322 0.5099999904632568 0.0 0.0 0.07000000029802322 0.5099999904632568 0.0 0.0 0.07000000029802322 0.5099999904632568 0.0 0.0 0.07000000029802322 0.5099999904632568 0.0 0.0 0.07000000029802322 0.5099999904632568 0.0 0.0 0.0 0.5099999904632568 0.0 0.07000000029802322 0.5099999904632568 0.0 0.0 0.07000000029802322 0.5099999904632568 0.0 0.0 0.07000000029802322 0.5099999904632568 0.0 0.0 0.07000000029802322 0.5099999904632568 0.0 0.0 0.07000000029802322 0.5099999904632568 0.0 0.0 0.07000000029802322 0.5099999904632568 0.0 0.0 0.07000000029802322 0.5099999904632568 0.0 0.0 0.0 0.5099999904632568 0.0 0.0 0.07000000029802322 0.5099999904632568 0.0 0.0 0.07000000029802322 0.0 0.07000000029802322 0.5099999904632568 0.0 0.0 0.07000000029802322 0.5099999904632568 0.0 0.0 0.07000000029802322 0.5099999904632568 0.0 0.0 0.07000000029802322 0.5099999904632568 0.0 0.0 0.07000000029802322 0.5099999904632568 0.0 0.0 0.07000000029802322 0.5099999904632568 0.0 0.0 0.07000000029802322 0.0 0.0 0.5099999904632568 0.0 0.0 0.0 0.5099999904632568 0.0 0.0 0.07000000029802322 0.5099999904632568 0.0 0.5099999904632568 0.0 0.0 0.07000000029802322 0.5099999904632568 0.0 0.0 0.0 0.5099999904632568 0.0 0.0 0.07000000029802322 0.5099999904632568 0.0 0.0 0.07000000029802322 0.5099999904632568 0.0 0.0 0.07000000029802322 0.0
209 0.5099999904632568 0.0 0.0 0.07000000029802322 0.5099999904632568 0.0 0.0 0.0 0.5099999904632568 0.0 0.0 0.07000000029802322 0.5099999904632568 0.0 0.0 0.07000000029802322 0.5099999904632568 0.0 0.0 0.07000000029802322 0.5099999904632568 0.0 0.0 0.07000000029802322 0.5099999904632568 0.0 0.0 0.07000000029802322 0.5099999904632568 0.0 0.07000000029802322 0.5099999904632568 0.0 0.0 0.07000000029802322 0.5099999904632568 0.0 0.0 0.07000000029802322 0.5099999904632568 0.0 0.0 0.5099999904632568 0.0 0.0 0.0 0.5099999904632568 0.0 0.0 0.07000000029802322 0.5099999904632568 0.0 0.0 0.019999999552965164 0.5099999904632568 0.0 0.0 0.07000000029802322 0.5099999904632568 0.0 0.0 0.07000000029802322 0.5099999904632568 0.0 0.0 0.07000000029802322 0.5099999904632568 0.0 0.0 0.07000000029802322 0.5099999904632568 0.0 0.0 0.07000000029802322 0.5099999904632568 0.0 0.0 0.07000000029802322 0.5099999904632568 0.0 0.0 0.5099999904632568 0.0 0.0 0.0 0.5099999904632568 0.0 0.0 0.07000000029802322 0.5099999904632568 0.0 0.0 0.07000000029802322 0.5099999904632568 0.0 0.0 0.07000000029802322 0.5099999904632568 0.0 0.0 0.07000000029802322 0.5099999904632568 0.0 0.0 0.07000000029802322 0.5099999904632568 0.0 0.0 0.07000000029802322 0.5099999904632568 0.0 0.0 0.0 0.07000000029802322 0.5099999904632568 0.5099999904632568 0.0 0.0 0.07000000029802322
21 0.5099999904632568 0.0 0.0 0.019999999552965164 0.5099999904632568 0.0 0.0 0.07000000029802322 0.5099999904632568 0.0 0.0 0.07000000029802322 0.5099999904632568 0.0 0.0 0.07000000029802322 0.5099999904632568 0.0 0.0 0.07000000029802322 0.5099999904632568 0.0 0.0 0.019999999552965164 0.5099999904632568 0.0 0.0 0.07000000029802322 0.5099999904632568 0.0
212 0.0 0.5099999904632568 0.0 0.07000000029802322 0.0 0.0 0.0 0.07000000029802322 0.5099999904632568 0.0 0.0 0.07000000029802322 0.5099999904632568 0.0 0.0 0.07000000029802322 0.5099999904632568 0.0 0.0 0.07000000029802322 0.5099999904632568 0.0 0.0 0.07000000029802322 0.5099999904632568 0.0 0.0 0.07000000029802322 0.5099999904632568 0.0 0.0 0.07000000029802322 0.5099999904632568 0.0 0.0 0.07000000029802322 0.5099999904632568 0.0 0.0 0.07000000029802322 0.5099999904632568 0.0 0.0 0.07000000029802322 0.5099999904632568 0.0 0.0 0.07000000029802322 0.5099999904632568 0.0 0.0 0.07000000029802322 0.5099999904632568 0.0 0.0 0.0 0.5099999904632568 0.0 0.0 0.07000000029802322 0.5099999904632568 0.0 0.0 0.07000000029802322 0.5099999904632568 0.0 0.07000000029802322 0.5099999904632568 0.0 0.07000000029802322 0.5099999904632568 0.0 0.0 0.07000000029802322 0.5099999904632568 0.0 0.0 0.07000000029802322 0.5099999904632568 0.0 0.0 0.07000000029802322 0.5099999904632568 0.0 0.0 0.0 0.5099999904632568 0.0 0.0 0.0 0.5099999904632568 0.0 0.0
214 0.07000000029802322 0.0 0.07000000029802322 0.5099999904632568 0.0 0.0 0.07000000029802322 0.5099999904632568 0.0 0.0 0.07000000029802322 0.5099999904632568 0.0 0.0 0.07000000029802322 0.5099999904632568 0.0 0.0 0.07000000029802322 0.5099999904632568 0.0 0.5099999904632568 0.0 0.07000000029802322 0.5099999904632568 0.0 0.0 0.07000000029802322 0.5099999904632568 0.0 0.0 0.07000000029802322 0.5099999904632568 0.0 0.0 0.07000000029802322 0.5099999904632568 0.0 0.0 0.07000000029802322 0.5099999904632568 0.0 0.0 0.07000000029802322 0.5099999904632568 0.0 0.0 0.07000000029802322 0.5099999904632568 0.0 0.0 0.07000000029802322 0.5099999904632568 0.0 0.0 0.07000000029802322 0.5099999904632568 0.0 0.0 0.0 0.5099999904632568 0.0 0.0 0.07000000029802322 0.5099999904632568 0.0 0.0 0.07000000029802322 0.5099999904632568 0.0 0.0 0.07000000029802322 0.0 0.07000000029802322
219 0.5099999904632568 0.0 0.0 0.07000000029802322 0.5099999904632568 0.0 0.0 0.07000000029802322 0.5099999904632568 0.0 0.0 0.019999999552965164 0.5099999904632568 0.0 0.0 0.07000000029802322 0.5099999904632568 0.0 0.0 0.07000000029802322 0.5099999904632568 0.0 0.0 0.07000000029802322 0.5099999904632568 0.0 0.0 0.07000000029802322 0.5099999904632568 0.0 0.0 0.07000000029802322 0.5099999904632568 0.0 0.0 0.0 0.5099999904632568 0.0 0.0 0.07000000029802322 0.5099999904632568 0.0 0.0 0.07000000029802322 0.5099999904632568 0.0 0.0 0.07000000029802322 0.5099999904632568 0.0 0.0 0.07000000029802322 0.5099999904632568 0.0 0.07000000029802322 0.5099999904632568 0.0 0.0 0.019999999552965164 0.5099999904632568 0.0 0.0 0.07000000029802322 0.5099999904632568 0.0 0.0 0.07000000029802322 0.5099999904632568 0.0 0.0 0.07000000029802322 0.5099999904632568 0.0 0.0 0.07000000029802322 0.5099999904632568 0.0 0.0 0.07000000029802322 0.07000000029802322 0.5099999904632568 0.0 0.0 0.07000000029802322 0.5099999904632568 0.0 0.0 0.07000000029802322 0.5099999904632568 0.0 0.0 0.07000000029802322 0.5099999904632568 0.0 0.0 0.07000000029802322 0.5099999904632568 0.0 0.0 0.07000000029802322 0.5099999904632568 0.0 0.0 0.07000000029802322 0.5099999904632568 0.0 0.0 0.07000000029802322 0.5099999904632568 0.0 0.0 0.07000000029802322 0.5099999904632568 0.0 0.0 0.0 0.07000000029802322 0.5099999904632568 0.0 0.0 0.5099999904632568 0.0 0.0 0.07000000029802322 0.5099999904632568 0.0 0.0
249 0.07000000029802322 0.5099999904632568 0.0 0.0 0.07000000029802322 0.5099999904632568 0.0 0.0 0.07000000029802322 0.5099999904632568 0.0 0.0 0.07000000029802322 0.5099999904632568 0.0 0.0 0.019999999552965164 0.5099999904632568 0.0 0.0 0.07000000029802322 0.5099999904632568 0.0 0.0 0.07000000029802322 0.07000000029802322 0.5099999904632568 0.0 0.0 0.5099999904632568 0.0 0.0 0.07000000029802322 0.5099999904632568 0.0 0.5099999904632568 0.0 0.0 0.07000000029802322 0.5099999904632568 0.0 0.0 0.07000000029802322 0.5099999904632568 0.0 0.0 0.07000000029802322 0.5099999904632568 0.0 0.0 0.07000000029802322 0.5099999904632568 0.0 0.0 0.5099999904632568 0.0 0.0 0.07000000029802322 0.5099999904632568 0.0 0.5099999904632568 0.0 0.0 0.07000000029802322 0.5099999904632568 0.0 0.0 0.07000000029802322 0.5099999904632568 0.0 0.0 0.07000000029802322 0.5099999904632568 0.0 0.0 0.07000000029802322 0.5099999904632568 0.0 0.0 0.07000000029802322 0.5099999904632568 0.0 0.0 0.07000000029802322 0.5099999904632568 0.0 0.0 0.0 0.5099999904632568 0.0 0.0 0.0 0.5099999904632568 0.0 0.0 0.07000000029802322 0.5099999904632568 0.0 0.0 0.07000000029802322 0.5099999904632568 0.0 0.0 0.0 0.5099999904632568 0.0 0.0 0.0 0.5099999904632568 0.0 0.0 0.07000000029802322 0.5099999904632568 0.0 0.0 0.07000000029802322 0.5099999904632568 0.0 0.0 0.0 0.5099999904632568 0.0 0.0 0.07000000029802322 0.5099999904632568 0.0 0.0 0.07000000029802322 0.0
25 0.5099999904632568 0.0 0.0 0.07000000029802322 0.5099999904632568 0.0 0.0 0.019999999552965164 0.5099999904632568 0.0 0.0 0.07000000029802322 0.5099999904632568 0.0 0.0 0.07000000029802322 0.5099999904632568 0.0 0.0 0.07000000029802322 0.5099999904632568 0.0 0.0 0.07000000029802322 0.5099999904632568 0.0 0.0 0.07000000029802322 0.5099999904632568 0.0 0.0
251 0.0 0.07000000029802322 0.5099999904632568 0.0 0.0 0.019999999552965164 0.5099999904632568 0.0 0.0 0.07000000029802322 0.5099999904632568 0.0 0.0 0.07000000029802322 0.5099999904632568 0.0 0.0 0.07000000029802322 0.5099999904632568 0.0 0.07000000029802322 0.5099999904632568 0.0 0.0 0.07000000029802322 0.5099999904632568 0.0 0.0 0.07000000029802322 0.5099999904632568 0.0 0.0 0.07000000029802322 0.0 0.5099999904632568 0.0 0.0 0.07000000029802322 0.5099999904632568 0.0 0.0 0.5099999904632568 0.0 0.0 0.07000000029802322 0.5099999904632568 0.0 0.07000000029802322 0.5099999904632568 0.0 0.0 0.07000000029802322 0.5099999904632568 0.0 0.0 0.07000000029802322 0.5099999904632568 0.0 0.0 0.07000000029802322 0.5099999904632568 0.0 0.0 0.07000000029802322 0.5099999904632568 0.0 0.0 0.07000000029802322 0.5099999904632568 0.0 0.0 0.07000000029802322 0.5099999904632568 0.0 0.0 0.07000000029802322 0.5099999904632568 0.0 0.0 0.07000000029802322 0.5099999904632568 0.0 0.0 0.07000000029802322 0.5099999904632568 0.0 0.0 0.0 0.07000000029802322 0.5099999904632568 0.0 0.0 0.07000000029802322 0.5099999904632568 0.0 0.0 0.0 0.5099999904632568 0.0 0.0 0.07000000029802322 0.5099999904632568 0.0 0.0 0.07000000029802322 0.5099999904632568 0.0 0.0 0.07000000029802322 0.5099999904632568 0.0 0.0 0.07000000029802322
252 0.019999999552965164 0.5099999904632568 0.0 0.0 0.07000000029802322 0.5099999904632568 0.0 0.0 0.07000000029802322 0.5099999904632568 0.0 0.0 0.07000000029802322 0.5099999904632568 0.0 0.0 0.07000000029802322 0.5099999904632568 0.0 0.0 0.07000000029802322 0.5099999904632568 0.0 0.0 0.07000000029802322 0.5099999904632568 0.0 0.0 0.07000000029802322 0.5099999904632568 0.0 0.0 0.07000000029802322 0.5099999904632568 0.0 0.07000000029802322 0.5099999904632568 0.0 0.0 0.07000000029802322 0.5099999904632568 0.0 0.0 0.07000000029802322 0.5099999904632568 0.0 0.0 0.07000000029802322 0.5099999904632568 0.0 0.0 0.07000000029802322 0.5099999904632568 0.0 0.0 0.5099999904632568 0.0 0.0 0.07000000029802322 0.5099999904632568 0.0 0.0 0.07000000029802322 0.5099999904632568 0.0 0.0 0.07000000029802322 0.5099999904632568 0.0 0.0 0.07000000029802322 0.5099999904632568 0.0 0.0 0.07000000029802322 0.5099999904632568 0.0 0.0 0.0 0.0 0.0 0.5099999904632568 0.0 0.0 0.0 0.07000000029802322 0.0 0.07000000029802322 0.5099999904632568 0.0 0.0 0.07000000029802322 0.5099999904632568 0.0 0.0 0.07000000029802322 0.5099999904632568 0.0 0.0 0.07000000029802322 0.5099999904632568 0.0 0.0 0.07000000029802322 0.5099999904632568 0.0 0.0 0.07000000029802322 0.5099999904632568 0.0 0.0 0.07000000029802322 0.07000000029802322 0.5099999904632568 0.0 0.0 0.0 0.5099999904632568 0.0 0.0 0.07000000029802322 0.5099999904632568 0.0 0.0 0.07000000029802322 0.5099999904632568 0.0 0.0 0.07000000029802322 0.5099999904632568 0.0 0.0 0.07000000029802322 0.5099999904632568 0.0 0.0 0.07000000029802322 0.5099999904632568 0.0
253 0.0 0.07000000029802322 0.5099999904632568 0.0 0.0 0.07000000029802322 0.5099999904632568 0.0 0.0 0.07000000029802322 0.5099999904632568 0.0 0.0 0.07000000029802322 0.5099999904632568 0.0 0.0 0.07000000029802322 0.5099999904632568 0.0 0.0 0.07000000029802322 0.5099999904632568 0.0 0.0 0.07000000029802322 0.5099999904632568 0.0 0.0 0.07000000029802322 0.0 0.5099999904632568 0.0 0.0 0.07000000029802322 0.5099999904632568 0.0 0.0 0.5099999904632568 0.0 0.0 0.07000000029802322 0.5099999904632568 0.0 0.07000000029802322 0.5099999904632568 0.0 0.0 0.07000000029802322 0.5099999904632568 0.0 0.0 0.0 0.0 0.07000000029802322 0.5099999904632568 0.0 0.0 0.07000000029802322 0.5099999904632568 0.0 0.0 0.07000000029802322 0.5099999904632568 0.0 0.0 0.07000000029802322 0.5099999904632568 0.0 0.0 0.07000000029802322 0.5099999904632568 0.0 0.0 0.07000000029802322 0.5099999904632568 0.0 0.0 0.0 0.5099999904632568 0.0 0.0 0.07000000029802322 0.5099999904632568 0.0 0.0 0.07000000029802322 0.5099999904632568 0.0 0.0 0.07000000029802322 0.5099999904632568 0.0 0.0 0.07000000029802322 0.5099999904632568 0.0 0.0 0.07000000029802322 0.5099999904632568 0.0 0.0 0.07000000029802322 0.5099999904632568 0.0
257 0.07000000029802322 0.5099999904632568 0.0 0.0 0.07000000029802322 0.5099999904632568 0.0 0.0 0.07000000029802322 0.5099999904632568 0.0 0.0 0.07000000029802322 0.5099999904632568 0.0 0.0 0.07000000029802322 0.5099999904632568 0.0 0.0 0.019999999552965164 0.5099999904632568 0.0 0.0 0.07000000029802322 0.5099999904632568 0.0 0.0 0.0 0.0 0.07000000029802322 0.5099999904632568 0.0 0.0 0.07000000029802322 0.07000000029802322 0.5099999904632568 0.0 0.0 0.07000000029802322 0.5099999904632568 0.0 0.0 0.07000000029802322 0.5099999904632568 0.0 0.0 0.07000000029802322 0.5099999904632568 0.0 0.0 0.07000000029802322 0.5099999904632568 0.0 0.0 0.07000000029802322 0.5099999904632568 0.0 0.0 0.07000000029802322 0.5099999904632568 0.0 0.0 0.07000000029802322 0.5099999904632568 0.0 0.0 0.0 0.07000000029802322 0.5099999904632568 0.0 0.0 0.07000000029802322 0.5099999904632568 0.0 0.0 0.07000000029802322 0.5099999904632568 0.0 0.0 0.07000000029802322 0.5099999904632568 0.0 0.0 0.07000000029802322 0.5099999904632568 0.0 0.0 0.07000000029802322 0.5099999904632568 0.0 0.0 0.07000000029802322 0.5099999904632568 0.0 0.0
259 0.5099999904632568 0.0 0.0 0.07000000029802322 0.5099999904632568 0.0 0.0 0.07000000029802322 0.5099999904632568 0.0 0.0 0.07000000029802322 0.5099999904632568 0.0 0.0 0.019999999552965164 0.5099999904632568 0.0 0.0 0.07000000029802322 0.5099999904632568 0.0 0.0 0.07000000029802322 0.5099999904632568 0.0 0.0 0.07000000029802322 0.5099999904632568 0.0 0.07000000029802322 0.0 0.07000000029802322 0.5099999904632568 0.0 0.0 0.07000000029802322 0.5099999904632568 0.0 0.0 0.07000000029802322 0.5099999904632568 0.0 0.0 0.07000000029802322 0.07000000029802322 0.5099999904632568 0.0 0.0 0.07000000029802322 0.5099999904632568 0.0 0.0 0.07000000029802322 0.5099999904632568 0.0 0.5099999904632568 0.0 0.0 0.07000000029802322 0.5099999904632568 0.0 0.0 0.07000000029802322 0.5099999904632568 0.0 0.0 0.07000000029802322 0.5099999904632568 0.0 0.0 0.07000000029802322 0.5099999904632568 0.0 0.0 0.07000000029802322 0.5099999904632568 0.0 0.0 0.07000000029802322 0.5099999904632568 0.0 0.0 0.07000000029802322 0.5099999904632568 0.0 0.0 0.07000000029802322 0.07000000029802322 0.5099999904632568 0.0 0.07000000029802322 0.5099999904632568 0.0 0.0 0.0 0.07000000029802322
271 0.0 0.0 0.07000000029802322 0.5099999904632568 0.0 0.0 0.07000000029802322 0.5099999904632568 0.0 0.0 0.019999999552965164 0.5099999904632568 0.0 0.0 0.07000000029802322 0.5099999904632568 0.0 0.0 0.07000000029802322 0.5099999904632568 0.0 0.0 0.07000000029802322 0.5099999904632568 0.0 0.0 0.07000000029802322 0.5099999904632568 0.0 0.0 0.07000000029802322 0.5099999904632568 0.0 0.0 0.07000000029802322 0.0 0.07000000029802322 0.5099999904632568 0.0 0.0 0.07000000029802322 0.5099999904632568 0.0 0.0 0.07000000029802322 0.5099999904632568 0.0 0.0 0.07000000029802322 0.0 0.07000000029802322 0.5099999904632568 0.0 0.0 0.07000000029802322 0.5099999904632568 0.0 0.0 0.07000000029802322 0.5099999904632568 0.0 0.0 0.07000000029802322 0.5099999904632568 0.0 0.0 0.07000000029802322 0.5099999904632568 0.0 0.0 0.07000000029802322
272 0.0 0.07000000029802322 0.5099999904632568 0.0 0.0 0.019999999552965164 0.5099999904632568 0.0 0.0 0.07000000029802322 0.5099999904632568 0.0 0.0 0.07000000029802322 0.5099999904632568 0.0 0.0 0.07000000029802322 0.5099999904632568 0.0 0.0 0.07000000029802322 0.5099999904632568 0.0 0.0 0.07000000029802322 0.5099999904632568 0.0 0.0 0.07000000029802322 0.0 0.0 0.07000000029802322 0.0 0.0 0.0 0.0 0.07000000029802322 0.5099999904632568 0.0 0.07000000029802322 0.5099999904632568 0.0 0.0 0.07000000029802322 0.5099999904632568 0.0 0.07000000029802322 0.5099999904632568 0.0 0.0 0.07000000029802322 0.5099999904632568 0.0 0.0 0.07000000029802322 0.5099999904632568 0.0 0.0 0.07000000029802322 0.5099999904632568 0.0 0.0 0.07000000029802322 0.5099999904632568 0.0 0.0 0.07000000029802322 0.5099999904632568 0.0 0.0 0.07000000029802322
277 0.07000000029802322 0.5099999904632568 0.0 0.0 0.07000000029802322 0.5099999904632568 0.0 0.0 0.07000000029802322 0.5099999904632568 0.0 0.0 0.07000000029802322 0.5099999904632568 0.0 0.0 0.019999999552965164 0.5099999904632568 0.0 0.0 0.07000000029802322 0.5099999904632568 0.0 0.0 0.07000000029802322 0.5099999904632568 0.0 0.0 0.07000000029802322 0.5099999904632568 0.0 0.0 0.019999999552965164 0.5099999904632568 0.0 0.0 0.019999999552965164 0.5099999904632568 0.0 0.0 0.0 0.5099999904632568 0.0 0.0 0.07000000029802322 0.5099999904632568 0.0 0.0 0.019999999552965164 0.5099999904632568 0.0 0.0 0.07000000029802322 0.5099999904632568 0.0 0.0 0.0 0.5099999904632568 0.0 0.0 0.0 0.0 0.07000000029802322 0.5099999904632568 0.0 0.0 0.07000000029802322 0.5099999904632568 0.0 0.0 0.0 0.07000000029802322 0.5099999904632568 0.0 0.0 0.07000000029802322 0.5099999904632568 0.0 0.0 0.07000000029802322 0.5099999904632568 0.0 0.0 0.07000000029802322 0.5099999904632568 0.0 0.07000000029802322 0.5099999904632568 0.0 0.0 0.07000000029802322 0.5099999904632568 0.0 0.0 0.07000000029802322 0.5099999904632568 0.0 0.0 0.07000000029802322 0.5099999904632568 0.0 0.0 0.07000000029802322 0.5099999904632568 0.0 0.5099999904632568 0.0 0.0 0.07000000029802322 0.5099999904632568 0.0 0.0 0.07000000029802322 0.5099999904632568 0.0 0.0 0.07000000029802322 0.5099999904632568 0.0 0.0 0.0 0.0 0.07000000029802322 0.5099999904632568 0.0 0.0 0.07000000029802322 0.5099999904632568 0.0 0.0 0.07000000029802322 0.5099999904632568 0.0 0.0 0.07000000029802322 0.5099999904632568 0.0 0.0 0.07000000029802322 0.5099999904632568 0.0 0.0 0.07000000029802322 0.5099999904632568 0.0 0.0 0.07000000029802322 0.5099999904632568 0.0
28 0.07000000029802322 0.5099999904632568 0.0 0.0 0.07000000029802322 0.5099999904632568 0.0 0.0 0.07000000029802322 0.5099999904632568 0.0 0.0 0.07000000029802322 0.5099999904632568 0.0 0.0 0.07000000029802322 0.5099999904632568 0.0 0.0 0.07000000029802322 0.5099999904632568 0.0 0.0 0.0 0.5099999904632568 0.0 0.0 0.07000000029802322 0.5099999904632568 0.0
280 0.5099999904632568 0.0 0.0 0.07000000029802322 0.5099999904632568 0.0 0.0 0.019999999552965164 0.5099999904632568 0.0 0.0 0.07000000029802322 0.5099999904632568 0.0 0.0 0.07000000029802322 0.5099999904632568 0.0 0.0 0.07000000029802322 0.5099999904632568 0.0 0.0 0.019999999552965164 0.5099999904632568 0.0 0.0 0.019999999552965164 0.5099999904632568 0.0 0.0 0.5099999904632568 0.0 0.07000000029802322 0.5099999904632568 0.0 0.07000000029802322 0.07000000029802322 0.5099999904632568 0.0 0.0 0.07000000029802322 0.5099999904632568 0.0 0.0 0.07000000029802322 0.5099999904632568 0.0 0.0 0.07000000029802322 0.5099999904632568 0.0 0.0 0.07000000029802322 0.5099999904632568 0.0 0.5099999904632568 0.0 0.0 0.07000000029802322 0.5099999904632568 0.0 0.0 0.07000000029802322 0.5099999904632568 0.0 0.0 0.07000000029802322 0.5099999904632568 0.0 0.0 0.07000000029802322 0.5099999904632568 0.0 0.0 0.07000000029802322 0.5099999904632568 0.0 0.0 0.07000000029802322 0.5099999904632568 0.0 0.0
281 0.07000000029802322 0.5099999904632568 0.0 0.0 0.07000000029802322 0.5099999904632568 0.0 0.0 0.07000000029802322 0.5099999904632568 0.0 0.0 0.019999999552965164 0.5099999904632568 0.0 0.0 0.07000000029802322 0.5099999904632568 0.0 0.0 0.07000000029802322 0.5099999904632568 0.0 0.0 0.07000000029802322 0.5099999904632568 0.0 0.0 0.019999999552965164 0.5099999904632568 0.0 0.0 0.019999999552965164 0.5099999904632568 0.0 0.0 0.0 0.5099999904632568 0.0 0.0 0.07000000029802322 0.5099999904632568 0.0 0.0 0.019999999552965164 0.5099999904632568 0.0 0.0 0.07000000029802322 0.5099999904632568 0.0 0.0 0.07000000029802322 0.5099999904632568 0.0 0.0 0.07000000029802322 0.5099999904632568 0.0 0.0 0.07000000029802322 0.5099999904632568 0.0 0.0 0.07000000029802322 0.5099999904632568 0.0 0.0 0.07000000029802322 0.5099999904632568 0.0 0.0 0.07000000029802322 0.5099999904632568 0.0 0.0 0.07000000029802322 0.5099999904632568 0.0 0.0 0.07000000029802322 0.5099999904632568 0.0 0.0 0.07000000029802322 0.5099999904632568 0.0 0.0 0.07000000029802322 0.07000000029802322 0.5099999904632568 0.0 0.07000000029802322 0.5099999904632568 0.0 0.0 0.07000000029802322 0.5099999904632568 0.0 0.0 0.07000000029802322 0.5099999904632568 0.0 0.0 0.07000000029802322 0.5099999904632568 0.0 0.0 0.07000000029802322 0.5099999904632568 0.0
285 0.0 0.07000000029802322 0.5099999904632568 0.0 0.0 0.07000000029802322 0.5099999904632568 0.0 0.0 0.019999999552965164 0.5099999904632568 0.0 0.0 0.07000000029802322 0.5099999904632568 0.0 0.0 0.07000000029802322 0.5099999904632568 0.0 0.0 0.07000000029802322 0.5099999904632568 0.0 0.0 0.019999999552965164 0.5099999904632568 0.0 0.0 0.019999999552965164 0.5099999904632568 0.0 0.0 0.0 0.5099999904632568 0.0 0.0 0.07000000029802322 0.5099999904632568 0.0 0.0 0.019999999552965164 0.5099999904632568 0.0 0.0 0.07000000029802322 0.5099999904632568 0.0 0.0 0.0 0.5099999904632568 0.0 0.0 0.5099999904632568 0.0 0.0 0.07000000029802322 0.5099999904632568 0.0 0.0 0.07000000029802322 0.5099999904632568 0.0 0.0 0.07000000029802322 0.5099999904632568 0.0 0.0 0.07000000029802322 0.5099999904632568 0.0 0.0 0.07000000029802322 0.5099999904632568 0.0 0.0 0.07000000029802322 0.5099999904632568 0.0 0.0 0.07000000029802322 0.5099999904632568 0.0 0.0 0.07000000029802322 0.5099999904632568 0.0 0.0 0.07000000029802322 0.5099999904632568 0.0 0.0 0.07000000029802322 0.5099999904632568 0.0 0.07000000029802322
29 0.5099999904632568 0.0 0.0 0.07000000029802322 0.5099999904632568 0.0 0.0 0.07000000029802322 0.5099999904632568 0.0 0.0 0.07000000029802322 0.5099999904632568 0.0 0.0 0.07000000029802322 0.5099999904632568 0.0 0.0 0.0 0.5099999904632568 0.0 0.0 0.07000000029802322 0.5099999904632568 0.0 0.0 0.019999999552965164 0.5099999904632568
293 0.0 0.07000000029802322 0.5099999904632568 0.0 0.0 0.019999999552965164 0.5099999904632568 0.0 0.0 0.019999999552965164 0.5099999904632568 0.0 0.0 0.07000000029802322 0.5099999904632568 0.0 0.0 0.07000000029802322 0.5099999904632568 0.0 0.0 0.019999999552965164 0.5099999904632568 0.0 0.0 0.07000000029802322 0.5099999904632568 0.0 0.07000000029802322 0.5099999904632568 0.0 0.0 0.07000000029802322 0.5099999904632568 0.0 0.0 0.07000000029802322 0.5099999904632568 0.0 0.0 0.07000000029802322 0.5099999904632568 0.0 0.0 0.07000000029802322 0.5099999904632568 0.0 0.0 0.07000000029802322 0.5099999904632568 0.0 0.0 0.07000000029802322 0.5099999904632568 0.0 0.0 0.5099999904632568 0.0 0.0 0.07000000029802322 0.5099999904632568 0.0 0.0 0.07000000029802322 0.5099999904632568 0.0 0.0 0.07000000029802322 0.5099999904632568 0.0 0.0 0.5099999904632568 0.0 0.0 0.07000000029802322 0.5099999904632568 0.0 0.0 0.07000000029802322 0.5099999904632568 0.0 0.0 0.07000000029802322 0.5099999904632568 0.0 0.0 0.07000000029802322 0.5099999904632568 0.0 0.0 0.07000000029802322 0.5099999904632568 0.0 0.0 0.07000000029802322 0.5099999904632568 0.0 0.0 0.07000000029802322 0.5099999904632568 0.0 0.0
3 0.0 0.20999999344348907 0.5099999904632568 0.0 0.0 0.07000000029802322 0.5099999904632568 0.0 0.0 0.07000000029802322 0.5099999904632568 0.0 0.0 0.07000000029802322 0.5099999904632568 0.0 0.0 0.07000000029802322 0.5099999904632568 0.0 0.0 0.07000000029802322 0.5099999904632568 0.0
306 0.5099999904632568 0.0 0.0 0.0 0.07000000029802322 0.5099999904632568 0.0 0.0 0.07000000029802322 0.5099999904632568 0.0 0.0 0.07000000029802322 0.5099999904632568 0.0 0.0 0.07000000029802322 0.5099999904632568 0.0 0.0 0.07000000029802322 0.5099999904632568 0.0 0.0 0.07000000029802322 0.5099999904632568 0.0 0.0 0.07000000029802322 0.5099999904632568 0.0 0.0 0.0 0.0 0.07000000029802322 0.5099999904632568 0.0 0.5099999904632568 0.0 0.0 0.07000000029802322 0.5099999904632568 0.0 0.0 0.07000000029802322 0.5099999904632568 0.0 0.0 0.07000000029802322 0.5099999904632568 0.0 0.0 0.07000000029802322 0.5099999904632568 0.0 0.0 0.5099999904632568 0.0 0.0 0.0 0.5099999904632568 0.0 0.0 0.07000000029802322 0.5099999904632568 0.0 0.0 0.07000000029802322 0.0 0.0 0.07000000029802322 0.5099999904632568 0.0 0.0 0.07000000029802322 0.5099999904632568 0.0 0.0 0.07000000029802322 0.5099999904632568 0.0 0.0 0.07000000029802322 0.5099999904632568 0.0 0.0 0.07000000029802322 0.5099999904632568 0.0 0.0 0.07000000029802322 0.5099999904632568 0.0 0.0 0.07000000029802322 0.5099999904632568 0.0 0.0 0.019999999552965164 0.0 0.07000000029802322 0.5099999904632568 0.0 0.07000000029802322 0.5099999904632568 0.0 0.0 0.07000000029802322 0.5099999904632568 0.0 0.0 0.07000000029802322 0.5099999904632568 0.0 0.0 0.07000000029802322 0.5099999904632568 0.0 0.07000000029802322
308 0.07000000029802322 0.5099999904632568 0.0 0.0 0.07000000029802322 0.5099999904632568 0.0 0.0 0.07000000029802322 0.5099999904632568 0.0 0.0 0.07000000029802322 0.5099999904632568 0.0 0.0 0.07000000029802322 0.5099999904632568 0.0 0.0 0.07000000029802322 0.5099999904632568 0.0 0.0 0.0 0.5099999904632568 0.0 0.0 0.07000000029802322 0.5099999904632568 0.0 0.0 0.5099999904632568 0.0 0.0 0.07000000029802322 0.5099999904632568 0.0 0.0 0.5099999904632568 0.0 0.07000000029802322 0.5099999904632568 0.0 0.0 0.07000000029802322 0.5099999904632568 0.0 0.5099999904632568 0.0 0.0 0.07000000029802322 0.5099999904632568 0.0 0.0 0.07000000029802322 0.5099999904632568 0.0 0.0 0.07000000029802322 0.5099999904632568 0.0 0.0 0.07000000029802322 0.5099999904632568 0.0 0.0 0.07000000029802322 0.5099999904632568 0.0 0.0 0.07000000029802322 0.5099999904632568 0.0 0.0 0.0 0.07000000029802322 0.5099999904632568 0.0 0.0 0.07000000029802322 0.5099999904632568 0.0 0.0 0.07000000029802322 0.5099999904632568 0.0 0.0 0.07000000029802322 0.5099999904632568 0.0 0.0 0.07000000029802322 0.5099999904632568 0.0 0.07000000029802322 0.0
320 0.5099999904632568 0.0 0.0 0.07000000029802322 0.5099999904632568 0.0 0.07000000029802322 0.5099999904632568 0.0 0.0 0.07000000029802322 0.5099999904632568 0.0 0.07000000029802322 0.5099999904632568 0.0 0.0 0.5099999904632568 0.0 0.0 0.07000000029802322 0.5099999904632568 0.0 0.0 0.07000000029802322 0.5099999904632568 0.0 0.0 0.07000000029802322 0.5099999904632568 0.0 0.0 0.07000000029802322 0.5099999904632568 0.0 0.0 0.07000000029802322 0.5099999904632568 0.0 0.0 0.07000000029802322 0.5099999904632568 0.0 0.0 0.07000000029802322 0.5099999904632568 0.0 0.0 0.07000000029802322 0.5099999904632568 0.0 0.0 0.07000000029802322 0.5099999904632568 0.0 0.0 0.07000000029802322 0.5099999904632568 0.0 0.0 0.07000000029802322 0.5099999904632568 0.0 0.0 0.07000000029802322 0.5099999904632568 0.0 0.0 0.07000000029802322 0.5099999904632568 0.0 0.0 0.07000000029802322 0.5099999904632568 0.0 0.0 0.07000000029802322 0.5099999904632568 0.0 0.0 0.0 0.5099999904632568 0.0 0.0 0.07000000029802322 0.5099999904632568 0.0 0.0 0.07000000029802322 0.5099999904632568 0.0 0.0 0.07000000029802322 0.0 0.07000000029802322 0.5099999904632568 0.0 0.0 0.07000000029802322 0.5099999904632568 0.0 0.0 0.07000000029802322 0.5099999904632568 0.0 0.0 0.07000000029802322 0.5099999904632568 0.0 0.0 0.019999999552965164
324 0.5099999904632568 0.0 0.0 0.07000000029802322 0.5099999904632568 0.0 0.0 0.07000000029802322 0.5099999904632568 0.0 0.0 0.07000000029802322 0.5099999904632568 0.0 0.0 0.07000000029802322 0.5099999904632568 0.0 0.0 0.07000000029802322 0.5099999904632568 0.0 0.5099999904632568 0.0 0.0 0.07000000029802322 0.5099999904632568 0.0 0.07000000029802322 0.5099999904632568 0.0 0.07000000029802322 0.5099999904632568 0.0 0.0 0.07000000029802322 0.5099999904632568 0.0 0.0 0.07000000029802322 0.5099999904632568 0.0 0.0 0.07000000029802322 0.5099999904632568 0.0 0.0 0.07000000029802322 0.5099999904632568 0.0 0.0 0.07000000029802322 0.5099999904632568 0.0 0.0 0.07000000029802322 0.5099999904632568 0.0 0.0 0.07000000029802322 0.5099999904632568 0.0 0.0 0.0 0.5099999904632568 0.0 0.0 0.07000000029802322 0.5099999904632568 0.0 0.0
330 0.5099999904632568 0.0 0.0 0.07000000029802322 0.07000000029802322 0.5099999904632568 0.0 0.0 0.019999999552965164 0.5099999904632568 0.0 0.0 0.019999999552965164 0.5099999904632568 0.0 0.0 0.0 0.5099999904632568 0.0 0.0 0.07000000029802322 0.5099999904632568 0.0 0.0 0.019999999552965164 0.5099999904632568 0.0 0.0 0.07000000029802322 0.5099999904632568 0.0 0.0 0.0 0.5099999904632568 0.0 0.0 0.07000000029802322 0.5099999904632568 0.0 0.0 0.5099999904632568 0.0 0.07000000029802322 0.5099999904632568 0.0 0.07000000029802322 0.0 0.5099999904632568 0.0 0.0 0.07000000029802322 0.5099999904632568 0.0 0.0 0.07000000029802322 0.5099999904632568 0.0 0.0 0.07000000029802322 0.5099999904632568 0.0 0.0 0.07000000029802322 0.5099999904632568 0.0 0.0 0.07000000029802322 0.5099999904632568 0.0 0.0 0.07000000029802322 0.5099999904632568 0.0 0.0 0.07000000029802322 0.5099999904632568 0.0 0.0 0.07000000029802322 0.5099999904632568 0.0 0.0 0.07000000029802322 0.5099999904632568 0.0 0.0 0.0 0.5099999904632568 0.0 0.0 0.07000000029802322 0.5099999904632568 0.0 0.0 0.07000000029802322 0.5099999904632568 0.0 0.0 0.07000000029802322 0.5099999904632568 0.0 0.0 0.07000000029802322 0.5099999904632568 0.0 0.0 0.07000000029802322 0.5099999904632568 0.0 0.0 0.07000000029802322 0.5099999904632568 0.0 0.0 0.07000000029802322 0.5099999904632568 0.0
344 0.5099999904632568 0.0 0.0 0.07000000029802322 0.5099999904632568 0.0 0.0 0.07000000029802322 0.5099999904632568 0.0 0.0 0.07000000029802322 0.5099999904632568 0.0 0.07000000029802322 0.5099999904632568 0.0 0.07000000029802322 0.5099999904632568 0.0 0.0 0.07000000029802322 0.5099999904632568 0.0 0.0 0.07000000029802322 0.5099999904632568 0.0 0.0 0.0 0.5099999904632568 0.0 0.0 0.07000000029802322 0.5099999904632568 0.0 0.0 0.0 0.5099999904632568 0.0 0.0 0.07000000029802322 0.5099999904632568 0.0 0.0 0.0 0.07000000029802322 0.0 0.07000000029802322 0.0 0.07000000029802322 0.5099999904632568 0.0 0.0 0.07000000029802322 0.5099999904632568 0.0 0.0 0.07000000029802322 0.5099999904632568 0.0 0.0 0.07000000029802322 0.5099999904632568 0.0 0.0 0.07000000029802322 0.5099999904632568 0.0 0.0 0.07000000029802322 0.5099999904632568 0.0 0.0 0.07000000029802322 0.5099999904632568 0.0 0.0 0.07000000029802322 0.5099999904632568 0.0 0.5099999904632568 0.0 0.07000000029802322 0.5099999904632568 0.0 0.0 0.07000000029802322 0.5099999904632568 0.0 0.0 0.07000000029802322 0.5099999904632568 0.0 0.0 0.07000000029802322 0.5099999904632568 0.0 0.0 0.07000000029802322 0.5099999904632568 0.0 0.0 0.07000000029802322 0.5099999904632568 0.0 0.0
350 0.07000000029802322 0.5099999904632568 0.0 0.0 0.019999999552965164 0.5099999904632568 0.0 0.0 0.019999999552965164 0.5099999904632568 0.0 0.0 0.07000000029802322 0.5099999904632568 0.0 0.0 0.07000000029802322 0.5099999904632568 0.0 0.07000000029802322 0.5099999904632568 0.0 0.0 0.5099999904632568 0.0 0.0 0.07000000029802322 0.5099999904632568 0.0 0.0 0.07000000029802322 0.5099999904632568 0.0 0.0 0.07000000029802322 0.5099999904632568 0.0 0.0 0.07000000029802322 0.5099999904632568 0.0 0.0 0.07000000029802322 0.5099999904632568 0.0 0.0 0.07000000029802322 0.5099999904632568 0.0 0.0 0.07000000029802322 0.5099999904632568 0.0 0.0 0.07000000029802322 0.5099999904632568 0.0 0.0 0.07000000029802322 0.5099999904632568 0.0 0.07000000029802322 0.0 0.07000000029802322 0.07000000029802322 0.5099999904632568 0.0 0.5099999904632568 0.0 0.0 0.0 0.07000000029802322 0.5099999904632568 0.0 0.0 0.07000000029802322 0.5099999904632568 0.0 0.0 0.07000000029802322 0.5099999904632568 0.0 0.0 0.07000000029802322 0.5099999904632568 0.0 0.0 0.07000000029802322 0.5099999904632568 0.0 0.0 0.019999999552965164 0.5099999904632568 0.0 0.0 0.07000000029802322 0.5099999904632568 0.0 0.0 0.07000000029802322 0.5099999904632568 0.0 0.5099999904632568 0.0 0.0 0.019999999552965164 0.5099999904632568 0.0 0.0 0.07000000029802322 0.5099999904632568 0.0 0.0 0.07000000029802322 0.5099999904632568 0.0 0.0 0.07000000029802322 0.5099999904632568 0.0 0.0 0.07000000029802322 0.5099999904632568 0.0 0.0
367 0.019999999552965164 0.5099999904632568 0.0 0.0 0.019999999552965164 0.5099999904632568 0.0 0.0 0.07000000029802322 0.5099999904632568 0.0 0.0 0.07000000029802322 0.5099999904632568 0.0 0.0 0.019999999552965164 0.5099999904632568 0.0 0.0 0.07000000029802322 0.5099999904632568 0.0 0.0 0.07000000029802322 0.5099999904632568 0.0 0.0 0.07000000029802322 0.5099999904632568 0.0 0.0 0.07000000029802322 0.5099999904632568 0.0 0.0 0.07000000029802322 0.5099999904632568 0.0 0.0 0.07000000029802322 0.5099999904632568 0.0 0.0 0.07000000029802322 0.5099999904632568 0.0 0.0 0.07000000029802322 0.5099999904632568 0.0 0.0 0.07000000029802322 0.5099999904632568 0.0 0.0 0.07000000029802322 0.5099999904632568 0.0 0.0 0.0 0.0 0.07000000029802322 0.5099999904632568 0.0 0.0 0.07000000029802322 0.5099999904632568 0.0 0.0 0.07000000029802322 0.5099999904632568 0.0 0.0 0.07000000029802322 0.5099999904632568 0.0 0.0 0.07000000029802322 0.5099999904632568 0.0 0.0 0.07000000029802322 0.5099999904632568 0.0 0.0 0.019999999552965164 0.5099999904632568 0.0 0.0 0.07000000029802322 0.5099999904632568 0.0 0.0 0.07000000029802322 0.5099999904632568 0.0 0.0 0.07000000029802322 0.5099999904632568 0.0 0.0 0.07000000029802322 0.5099999904632568 0.0 0.0 0.07000000029802322 0.5099999904632568 0.0 0.0 0.07000000029802322 0.5099999904632568 0.0 0.0 0.07000000029802322 0.5099999904632568
369 0.0 0.07000000029802322 0.5099999904632568 0.0 0.0 0.5099999904632568 0.0 0.0 0.07000000029802322 0.5099999904632568 0.0 0.0 0.07000000029802322 0.5099999904632568 0.0 0.0 0.07000000029802322 0.5099999904632568 0.0 0.0 0.07000000029802322 0.5099999904632568 0.0 0.0 0.07000000029802322 0.5099999904632568 0.0 0.0 0.07000000029802322 0.0 0.07000000029802322 0.5099999904632568 0.0 0.0 0.07000000029802322 0.5099999904632568 0.0 0.07000000029802322 0.5099999904632568 0.0 0.07000000029802322 0.5099999904632568 0.0 0.0 0.0 0.5099999904632568 0.0 0.0 0.0 0.07000000029802322 0.5099999904632568 0.0 0.0 0.07000000029802322 0.5099999904632568 0.0 0.0 0.07000000029802322 0.5099999904632568 0.0 0.0 0.07000000029802322 0.5099999904632568 0.0 0.0 0.07000000029802322 0.5099999904632568 0.0 0.0 0.07000000029802322 0.5099999904632568 0.0 0.0 0.07000000029802322 0.5099999904632568 0.0 0.0 0.07000000029802322 0.5099999904632568 0.0 0.0 0.07000000029802322 0.5099999904632568 0.0 0.0 0.07000000029802322 0.5099999904632568 0.0 0.0 0.07000000029802322 0.5099999904632568 0.0 0.0 0.07000000029802322 0.5099999904632568 0.0 0.0 0.07000000029802322 0.5099999904632568 0.0
384 0.0 0.0 0.019999999552965164 0.5099999904632568 0.0 0.0 0.07000000029802322 0.5099999904632568 0.0 0.0 0.07000000029802322 0.5099999904632568 0.0 0.0 0.07000000029802322 0.5099999904632568 0.0 0.0 0.07000000029802322 0.5099999904632568 0.0 0.0 0.07000000029802322 0.5099999904632568 0.0 0.0 0.07000000029802322 0.5099999904632568 0.0 0.0 0.07000000029802322 0.0 0.07000000029802322 0.5099999904632568 0.0 0.0 0.07000000029802322 0.5099999904632568 0.0 0.0 0.07000000029802322 0.5099999904632568 0.0 0.0 0.07000000029802322 0.5099999904632568 0.0 0.0 0.07000000029802322 0.5099999904632568 0.0 0.0 0.07000000029802322 0.5099999904632568 0.0 0.0 0.0 0.0 0.07000000029802322 0.5099999904632568 0.0 0.0 0.5099999904632568 0.0 0.0 0.07000000029802322 0.5099999904632568
400 0.0 0.07000000029802322 0.5099999904632568 0.0 0.0 0.07000000029802322 0.5099999904632568 0.0 0.0 0.07000000029802322 0.5099999904632568 0.0 0.0 0.07000000029802322 0.5099999904632568 0.0 0.0 0.07000000029802322 0.5099999904632568 0.0 0.0 0.07000000029802322 0.5099999904632568 0.0 0.0 0.07000000029802322 0.5099999904632568 0.0 0.0 0.07000000029802322 0.5099999904632568 0.0 0.0 0.07000000029802322 0.5099999904632568 0.0 0.0 0.07000000029802322 0.5099999904632568 0.0 0.0 0.07000000029802322 0.5099999904632568 0.0 0.0 0.07000000029802322 0.5099999904632568 0.0 0.0 0.0 0.5099999904632568 0.0 0.0 0.5099999904632568 0.0 0.0 0.07000000029802322 0.5099999904632568 0.0 0.0 0.07000000029802322 0.5099999904632568 0.0 0.0 0.07000000029802322 0.5099999904632568 0.0 0.0 0.07000000029802322 0.5099999904632568 0.0 0.0 0.07000000029802322 0.5099999904632568 0.0 0.0 0.07000000029802322 0.5099999904632568 0.0 0.0 0.07000000029802322 0.5099999904632568 0.0 0.0 0.07000000029802322 0.5099999904632568 0.0 0.0 0.07000000029802322 0.5099999904632568 0.0 0.0 0.07000000029802322 0.5099999904632568 0.0 0.0 0.07000000029802322
401 0.07000000029802322 0.5099999904632568 0.0 0.07000000029802322 0.5099999904632568 0.0 0.0 0.07000000029802322 0.5099999904632568 0.0 0.0 0.07000000029802322 0.5099999904632568 0.0 0.0 0.07000000029802322 0.5099999904632568 0.0 0.0 0.07000000029802322 0.5099999904632568 0.0 0.0 0.07000000029802322 0.5099999904632568 0.0 0.0 0.07000000029802322 0.5099999904632568 0.0 0.0 0.07000000029802322 0.5099999904632568 0.0 0.0 0.07000000029802322 0.5099999904632568 0.0 0.0 0.07000000029802322 0.5099999904632568 0.0 0.0 0.0 0.5099999904632568 0.0 0.0 0.07000000029802322 0.5099999904632568 0.0 0.0 0.07000000029802322 0.0 0.0 0.07000000029802322 0.5099999904632568 0.0 0.07000000029802322 0.5099999904632568 0.0 0.0 0.07000000029802322 0.5099999904632568 0.0 0.0 0.07000000029802322 0.5099999904632568 0.0 0.0 0.07000000029802322 0.5099999904632568 0.0 0.0 0.0 0.5099999904632568 0.0 0.0 0.07000000029802322 0.5099999904632568 0.0 0.0 0.07000000029802322 0.5099999904632568 0.0 0.0 0.07000000029802322 0.5099999904632568 0.0 0.0 0.07000000029802322 0.5099999904632568 0.0 0.0 0.07000000029802322
404 0.07000000029802322 0.5099999904632568 0.0 0.07000000029802322 0.5099999904632568 0.0 0.0 0.07000000029802322 0.5099999904632568 0.0 0.07000000029802322 0.5099999904632568 0.0 0.0 0.07000000029802322 0.5099999904632568 0.0 0.0 0.07000000029802322 0.5099999904632568 0.0 0.0 0.07000000029802322 0.5099999904632568 0.0 0.0 0.5099999904632568 0.0 0.5099999904632568 0.0 0.0 0.07000000029802322 0.5099999904632568 0.0 0.0 0.07000000029802322 0.5099999904632568 0.0 0.0 0.0 0.5099999904632568 0.0 0.0 0.07000000029802322 0.5099999904632568 0.0 0.0 0.07000000029802322 0.5099999904632568 0.0 0.0 0.07000000029802322 0.5099999904632568 0.0 0.0 0.07000000029802322 0.5099999904632568 0.0 0.0 0.07000000029802322 0.07000000029802322 0.5099999904632568 0.0 0.0 0.07000000029802322 0.5099999904632568 0.0 0.0 0.07000000029802322 0.5099999904632568 0.0 0.0 0.07000000029802322 0.5099999904632568 0.0 0.0 0.0 0.5099999904632568 0.0 0.0 0.07000000029802322 0.5099999904632568 0.0 0.0 0.0 0.5099999904632568 0.0 0.0 0.07000000029802322 0.5099999904632568 0.0 0.0 0.07000000029802322 0.5099999904632568 0.0 0.0 0.07000000029802322 0.5099999904632568 0.0 0.07000000029802322 0.0 0.07000000029802322 0.0
41 0.5099999904632568 0.0 0.0 0.07000000029802322 0.5099999904632568 0.0 0.0 0.07000000029802322 0.5099999904632568 0.0 0.0 0.07000000029802322 0.5099999904632568 0.0 0.0 0.07000000029802322 0.5099999904632568 0.0 0.0 0.07000000029802322 0.5099999904632568 0.0 0.0 0.07000000029802322 0.5099999904632568 0.0 0.0 0.07000000029802322 0.5099999904632568 0.0 0.0 0.07000000029802322
420 0.0 0.07000000029802322 0.5099999904632568 0.0 0.0 0.5099999904632568 0.0 0.07000000029802322 0.07000000029802322 0.5099999904632568 0.0 0.0 0.07000000029802322 0.5099999904632568 0.0 0.0 0.07000000029802322 0.5099999904632568 0.0 0.0 0.07000000029802322 0.5099999904632568 0.0 0.0 0.07000000029802322 0.5099999904632568 0.0 0.0 0.07000000029802322 0.5099999904632568 0.0 0.0 0.07000000029802322 0.5099999904632568 0.0 0.0 0.0 0.0 0.07000000029802322 0.0 0.07000000029802322 0.5099999904632568 0.0 0.0 0.07000000029802322 0.5099999904632568 0.0 0.0 0.07000000029802322 0.5099999904632568 0.0 0.0 0.07000000029802322 0.5099999904632568 0.0 0.0 0.07000000029802322 0.5099999904632568 0.0 0.0 0.0 0.5099999904632568 0.0 0.0 0.07000000029802322 0.5099999904632568 0.0 0.0 0.0 0.5099999904632568 0.0 0.0 0.07000000029802322 0.5099999904632568 0.0 0.0 0.07000000029802322 0.0 0.07000000029802322 0.5099999904632568 0.0 0.0 0.07000000029802322 0.5099999904632568 0.0 0.0 0.07000000029802322 0.5099999904632568 0.0 0.0 0.07000000029802322 0.5099999904632568 0.0 0.0 0.07000000029802322 0.5099999904632568 0.0 0.0 0.07000000029802322 0.5099999904632568 0.0 0.0 0.07000000029802322 0.5099999904632568 0.0 0.019999999552965164 0.5099999904632568 0.0 0.5099999904632568 0.0 0.0 0.07000000029802322 0.5099999904632568 0.0 0.07000000029802322 0.5099999904632568 0.0 0.0 0.07000000029802322 0.5099999904632568 0.0 0.0 0.07000000029802322 0.5099999904632568 0.0 0.0 0.019999999552965164 0.5099999904632568 0.0 0.07000000029802322
425 0.07000000029802322 0.5099999904632568 0.0 0.0 0.07000000029802322 0.5099999904632568 0.0 0.0 0.07000000029802322 0.5099999904632568 0.0 0.0 0.07000000029802322 0.5099999904632568 0.0 0.0 0.07000000029802322 0.5099999904632568 0.0 0.0 0.07000000029802322 0.5099999904632568 0.0 0.0 0.07000000029802322 0.5099999904632568 0.0 0.0 0.07000000029802322 0.5099999904632568 0.0 0.0 0.07000000029802322 0.5099999904632568 0.0 0.0 0.07000000029802322 0.5099999904632568 0.0 0.0 0.07000000029802322 0.5099999904632568 0.0 0.0 0.07000000029802322 0.5099999904632568 0.0 0.5099999904632568 0.0 0.0 0.07000000029802322 0.5099999904632568 0.0 0.0 0.07000000029802322 0.5099999904632568 0.0 0.0 0.07000000029802322 0.5099999904632568 0.0 0.0 0.07000000029802322 0.5099999904632568 0.0 0.0 0.07000000029802322 0.5099999904632568 0.0 0.0 0.07000000029802322 0.5099999904632568 0.07000000029802322 0.5099999904632568 0.0 0.0 0.07000000029802322 0.5099999904632568 0.0 0.0 0.019999999552965164 0.5099999904632568 0.0 0.0 0.07000000029802322 0.5099999904632568 0.0 0.0 0.07000000029802322 0.0
435 0.0 0.07000000029802322 0.5099999904632568 0.0 0.07000000029802322 0.0 0.0 0.0 0.019999999552965164 0.5099999904632568 0.0 0.0 0.07000000029802322 0.5099999904632568 0.0 0.0 0.07000000029802322 0.5099999904632568 0.0 0.0 0.07000000029802322 0.5099999904632568 0.0 0.0 0.07000000029802322 0.5099999904632568 0.0 0.0 0.07000000029802322 0.5099999904632568 0.0 0.0 0.07000000029802322 0.5099999904632568 0.0 0.0 0.07000000029802322 0.5099999904632568 0.0 0.0 0.07000000029802322 0.5099999904632568 0.0 0.0 0.07000000029802322 0.5099999904632568 0.0 0.0 0.0 0.5099999904632568 0.0 0.0 0.07000000029802322 0.5099999904632568 0.0 0.0 0.0 0.5099999904632568 0.0 0.0 0.07000000029802322 0.5099999904632568 0.0 0.0 0.07000000029802322 0.5099999904632568 0.0 0.07000000029802322 0.5099999904632568 0.0 0.07000000029802322 0.5099999904632568 0.0 0.0 0.07000000029802322 0.5099999904632568 0.0 0.0 0.07000000029802322 0.5099999904632568 0.0 0.0 0.07000000029802322 0.5099999904632568 0.0 0.0 0.07000000029802322 0.5099999904632568 0.0
439 0.07000000029802322 0.5099999904632568 0.0 0.0 0.07000000029802322 0.5099999904632568 0.0 0.0 0.07000000029802322 0.5099999904632568 0.0 0.0 0.07000000029802322 0.5099999904632568 0.0 0.0 0.0 0.5099999904632568 0.0 0.0 0.07000000029802322 0.5099999904632568 0.0 0.0 0.07000000029802322 0.5099999904632568 0.0 0.0 0.07000000029802322 0.5099999904632568 0.0 0.0 0.07000000029802322 0.5099999904632568 0.0 0.07000000029802322 0.5099999904632568 0.0 0.0 0.07000000029802322 0.5099999904632568 0.0 0.0 0.07000000029802322 0.07000000029802322 0.5099999904632568 0.0 0.0 0.07000000029802322 0.5099999904632568 0.0 0.0 0.07000000029802322 0.5099999904632568 0.0 0.0 0.07000000029802322 0.5099999904632568 0.0 0.0 0.07000000029802322 0.5099999904632568 0.0 0.0 0.0 0.5099999904632568 0.0 0.0 0.07000000029802322 0.5099999904632568 0.0 0.0 0.0 0.5099999904632568 0.0 0.0 0.07000000029802322 0.5099999904632568 0.0 0.0 0.07000000029802322 0.5099999904632568 0.0 0.0 0.07000000029802322 0.5099999904632568 0.0 0.0 0.07000000029802322 0.5099999904632568 0.0 0.0 0.0
44 0.07000000029802322 0.5099999904632568 0.0 0.0 0.07000000029802322 0.5099999904632568 0.0 0.0 0.07000000029802322 0.5099999904632568 0.0 0.0 0.07000000029802322 0.5099999904632568 0.0 0.0 0.07000000029802322 0.5099999904632568 0.0 0.0 0.07000000029802322 0.5099999904632568 0.0 0.0 0.07000000029802322 0.5099999904632568 0.0 0.0 0.07000000029802322 0.5099999904632568 0.0 0.0 0.07000000029802322 0.5099999904632568
442 0.0 0.07000000029802322 0.5099999904632568 0.0 0.0 0.07000000029802322 0.5099999904632568 0.0 0.0 0.07000000029802322 0.5099999904632568 0.0 0.0 0.07000000029802322 0.5099999904632568 0.0 0.0 0.07000000029802322 0.5099999904632568 0.0 0.0 0.07000000029802322 0.5099999904632568 0.0 0.0 0.07000000029802322 0.5099999904632568 0.0 0.0 0.07000000029802322 0.5099999904632568 0.0 0.0 0.07000000029802322 0.5099999904632568 0.0 0.0 0.07000000029802322 0.5099999904632568 0.0 0.0 0.07000000029802322 0.5099999904632568 0.0 0.0 0.07000000029802322 0.5099999904632568 0.0 0.0 0.0 0.5099999904632568 0.0 0.5099999904632568 0.0 0.0 0.07000000029802322 0.5099999904632568 0.0 0.0 0.07000000029802322 0.5099999904632568 0.0 0.0 0.07000000029802322 0.5099999904632568 0.0 0.0 0.07000000029802322 0.5099999904632568 0.0 0.0 0.07000000029802322 0.5099999904632568 0.0 0.0 0.07000000029802322 0.5099999904632568 0.0 0.0 0.07000000029802322 0.5099999904632568 0.0 0.0 0.07000000029802322 0.5099999904632568 0.0 0.0 0.07000000029802322 0.5099999904632568 0.0 0.0 0.07000000029802322 0.5099999904632568 0.0 0.0 0.07000000029802322 0.5099999904632568 0.0 0.0 0.07000000029802322 0.5099999904632568 0.0 0.0 0.07000000029802322 0.5099999904632568 0.0 0.0 0.07000000029802322 0.5099999904632568 0.0 0.07000000029802322 0.5099999904632568 0.0 0.0 0.5099999904632568 0.0 0.0 0.07000000029802322
443 0.07000000029802322 0.5099999904632568 0.0 0.0 0.07000000029802322 0.5099999904632568 0.0 0.0 0.07000000029802322 0.5099999904632568 0.0 0.0 0.07000000029802322 0.5099999904632568 0.0 0.0 0.07000000029802322 0.5099999904632568 0.0 0.0 0.07000000029802322 0.5099999904632568 0.0 0.07000000029802322 0.0 0.07000000029802322 0.07000000029802322 0.5099999904632568 0.0 0.0 0.5099999904632568 0.0 0.0 0.07000000029802322 0.5099999904632568 0.0 0.0 0.07000000029802322 0.5099999904632568 0.0 0.0 0.07000000029802322 0.5099999904632568 0.0 0.0 0.07000000029802322 0.5099999904632568 0.0 0.0 0.07000000029802322 0.5099999904632568 0.0 0.0 0.07000000029802322 0.5099999904632568 0.0 0.0 0.07000000029802322 0.5099999904632568 0.0 0.0 0.07000000029802322 0.5099999904632568 0.0 0.0 0.07000000029802322 0.5099999904632568 0.0 0.0 0.07000000029802322 0.5099999904632568 0.0 0.0 0.07000000029802322 0.5099999904632568 0.0 0.0 0.07000000029802322 0.5099999904632568 0.0 0.0 0.07000000029802322 0.5099999904632568 0.0 0.0 0.07000000029802322 0.5099999904632568
450 0.0 0.07000000029802322 0.5099999904632568 0.0 0.5099999904632568 0.0 0.0 0.07000000029802322 0.5099999904632568 0.0 0.0 0.07000000029802322 0.5099999904632568 0.0 0.0 0.07000000029802322 0.5099999904632568 0.0 0.0 0.07000000029802322 0.5099999904632568 0.0 0.0 0.07000000029802322 0.5099999904632568 0.0 0.0 0.07000000029802322 0.5099999904632568 0.0 0.0 0.07000000029802322 0.5099999904632568 0.0 0.0 0.07000000029802322 0.5099999904632568 0.0 0.0 0.07000000029802322 0.5099999904632568 0.0 0.0 0.07000000029802322 0.0 0.07000000029802322 0.5099999904632568 0.0 0.5099999904632568 0.0 0.0 0.07000000029802322 0.0 0.07000000029802322 0.5099999904632568 0.0 0.0 0.07000000029802322
457 0.0 0.07000000029802322 0.5099999904632568 0.0 0.0 0.07000000029802322 0.5099999904632568 0.0 0.07000000029802322 0.5099999904632568 0.0 0.07000000029802322 0.5099999904632568 0.0 0.0 0.07000000029802322 0.5099999904632568 0.0 0.0 0.07000000029802322 0.5099999904632568 0.0 0.0 0.07000000029802322 0.5099999904632568 0.0 0.0 0.07000000029802322 0.5099999904632568 0.0 0.0 0.07000000029802322 0.5099999904632568 0.0 0.0 0.07000000029802322 0.5099999904632568 0.0 0.0 0.07000000029802322 0.5099999904632568 0.0 0.0 0.07000000029802322 0.0 0.07000000029802322 0.5099999904632568 0.0 0.0 0.07000000029802322 0.5099999904632568 0.0 0.0 0.07000000029802322 0.0 0.07000000029802322 0.5099999904632568 0.0 0.0 0.07000000029802322 0.5099999904632568 0.0 0.0 0.07000000029802322 0.5099999904632568 0.0 0.0 0.07000000029802322 0.5099999904632568 0.0 0.0 0.07000000029802322 0.5099999904632568 0.0 0.0 0.07000000029802322 0.5099999904632568 0.0 0.0 0.07000000029802322 0.5099999904632568 0.0 0.0 0.07000000029802322 0.5099999904632568 0.0 0.0 0.07000000029802322 0.5099999904632568 0.0 0.0 0.07000000029802322 0.5099999904632568 0.0 0.0 0.07000000029802322 0.5099999904632568 0.0 0.0 0.019999999552965164 0.5099999904632568 0.0 0.0 0.07000000029802322 0.5099999904632568 0.0 0.0 0.07000000029802322 0.5099999904632568 0.0 0.0 0.07000000029802322
461 0.07000000029802322 0.5099999904632568 0.0 0.0 0.019999999552965164 0.5099999904632568 0.0 0.0 0.019999999552965164 0.5099999904632568 0.0 0.0 0.07000000029802322 0.5099999904632568 0.0 0.0 0.07000000029802322 0.5099999904632568 0.0 0.07000000029802322 0.5099999904632568 0.0 0.0 0.07000000029802322 0.5099999904632568 0.0 0.0 0.07000000029802322 0.5099999904632568 0.5099999904632568 0.0 0.07000000029802322 0.5099999904632568 0.0 0.0 0.019999999552965164 0.5099999904632568 0.0 0.0 0.07000000029802322 0.5099999904632568 0.0 0.0 0.07000000029802322 0.5099999904632568 0.0 0.0 0.07000000029802322 0.5099999904632568 0.0 0.0 0.07000000029802322 0.5099999904632568 0.0 0.0 0.07000000029802322 0.5099999904632568 0.0 0.0 0.07000000029802322 0.5099999904632568 0.0 0.0 0.07000000029802322 0.5099999904632568 0.0 0.0 0.0 0.5099999904632568 0.0 0.0 0.0 0.5099999904632568 0.0 0.0 0.07000000029802322 0.5099999904632568 0.0 0.0 0.07000000029802322 0.5099999904632568 0.0 0.0 0.07000000029802322 0.5099999904632568 0.0 0.0 0.07000000029802322 0.5099999904632568 0.0 0.0 0.07000000029802322 0.5099999904632568 0.0 0.0 0.07000000029802322 0.5099999904632568 0.0 0.0 0.07000000029802322 0.5099999904632568 0.0 0.0 0.07000000029802322 0.5099999904632568 0.0 0.0 0.019999999552965164 0.5099999904632568 0.0 0.0 0.07000000029802322 0.5099999904632568 0.0 0.0 0.07000000029802322 0.5099999904632568 0.0 0.0 0.07000000029802322 0.5099999904632568 0.0 0.0 0.07000000029802322 0.5099999904632568 0.0 0.0 0.07000000029802322 0.5099999904632568 0.0 0.0
469 0.07000000029802322 0.5099999904632568 0.0 0.0 0.07000000029802322 0.5099999904632568 0.0 0.0 0.019999999552965164 0.5099999904632568 0.0 0.0 0.019999999552965164 0.5099999904632568 0.0 0.0 0.07000000029802322 0.5099999904632568 0.0 0.0 0.07000000029802322 0.07000000029802322 0.5099999904632568 0.0 0.5099999904632568 0.0 0.0 0.07000000029802322 0.5099999904632568 0.0 0.0 0.07000000029802322 0.5099999904632568 0.0 0.0 0.07000000029802322 0.5099999904632568 0.0 0.0 0.07000000029802322 0.5099999904632568 0.0 0.0 0.07000000029802322 0.5099999904632568 0.0 0.0 0.5099999904632568 0.0 0.07000000029802322 0.5099999904632568 0.0 0.0 0.07000000029802322 0.5099999904632568 0.0 0.0 0.07000000029802322 0.5099999904632568 0.0 0.0 0.07000000029802322 0.5099999904632568 0.0 0.0 0.07000000029802322 0.5099999904632568 0.0 0.0 0.07000000029802322 0.5099999904632568 0.0 0.0 0.07000000029802322 0.5099999904632568 0.0 0.0 0.5099999904632568 0.0 0.07000000029802322 0.5099999904632568 0.0 0.0 0.019999999552965164 0.5099999904632568 0.0 0.0 0.07000000029802322 0.5099999904632568 0.0 0.0 0.07000000029802322 0.5099999904632568 0.0 0.0 0.07000000029802322 0.5099999904632568 0.0 0.0 0.07000000029802322 0.5099999904632568 0.0 0.0 0.07000000029802322 0.5099999904632568 0.0 0.0 0.07000000029802322
470 0.0 0.0 0.07000000029802322 0.5099999904632568 0.0 0.0 0.019999999552965164 0.5099999904632568 0.0 0.0 0.019999999552965164 0.5099999904632568 0.0 0.0 0.07000000029802322 0.5099999904632568 0.0 0.0 0.07000000029802322 0.5099999904632568 0.0 0.0 0.07000000029802322 0.5099999904632568 0.0 0.07000000029802322 0.5099999904632568 0.0 0.0 0.07000000029802322 0.5099999904632568 0.0 0.5099999904632568 0.0 0.07000000029802322 0.5099999904632568 0.0 0.0 0.07000000029802322 0.5099999904632568 0.0 0.0 0.07000000029802322 0.5099999904632568 0.0 0.0 0.07000000029802322 0.5099999904632568 0.0 0.019999999552965164 0.0 0.07000000029802322 0.5099999904632568 0.0 0.07000000029802322 0.5099999904632568 0.0 0.0 0.07000000029802322 0.5099999904632568 0.0 0.0 0.07000000029802322 0.5099999904632568 0.0 0.0 0.07000000029802322 0.5099999904632568 0.0 0.0 0.07000000029802322 0.0 0.07000000029802322 0.5099999904632568 0.0 0.0 0.07000000029802322 0.5099999904632568 0.0 0.0 0.07000000029802322 0.5099999904632568 0.0 0.0 0.07000000029802322 0.5099999904632568 0.0 0.0 0.07000000029802322 0.5099999904632568 0.0 0.0 0.07000000029802322 0.5099999904632568 0.0 0.0 0.5099999904632568 0.0 0.0 0.019999999552965164 0.5099999904632568 0.0 0.0 0.07000000029802322 0.5099999904632568 0.0 0.0 0.07000000029802322 0.5099999904632568 0.0 0.0 0.07000000029802322 0.5099999904632568 0.0 0.0 0.07000000029802322 0.5099999904632568 0.0 0.0 0.07000000029802322 0.5099999904632568 0.0 0.0 0.07000000029802322 0.5099999904632568 0.0 0.0 0.019999999552965164 0.5099999904632568
49 0.07000000029802322 0.5099999904632568 0.0 0.0 0.07000000029802322 0.5099999904632568 0.0 0.0 0.07000000029802322 0.5099999904632568 0.0 0.0 0.07000000029802322 0.5099999904632568 0.0 0.0 0.07000000029802322 0.5099999904632568 0.0 0.0 0.07000000029802322 0.5099999904632568 0.0 0.0 0.07000000029802322 0.5099999904632568 0.0 0.0 0.07000000029802322 0.5099999904632568 0.0 0.0 0.07000000029802322
494 0.5099999904632568 0.0 0.0 0.07000000029802322 0.5099999904632568 0.0 0.0 0.07000000029802322 0.5099999904632568 0.0 0.0 0.07000000029802322 0.5099999904632568 0.0 0.0 0.07000000029802322 0.5099999904632568 0.0 0.0 0.07000000029802322 0.5099999904632568 0.0 0.0 0.07000000029802322 0.5099999904632568 0.0 0.0 0.07000000029802322 0.5099999904632568 0.0 0.0 0.07000000029802322 0.5099999904632568 0.0 0.0 0.07000000029802322 0.5099999904632568 0.0 0.0 0.07000000029802322 0.5099999904632568 0.0 0.0 0.07000000029802322 0.5099999904632568 0.0 0.0 0.07000000029802322 0.5099999904632568 0.07000000029802322 0.0 0.5099999904632568 0.0 0.0 0.0 0.5099999904632568 0.0 0.0 0.07000000029802322 0.5099999904632568 0.0 0.0 0.07000000029802322 0.5099999904632568 0.0 0.0 0.07000000029802322 0.07000000029802322 0.5099999904632568 0.0 0.0 0.07000000029802322 0.5099999904632568 0.0 0.0 0.07000000029802322 0.5099999904632568 0.0 0.0 0.07000000029802322 0.5099999904632568 0.0 0.0 0.07000000029802322 0.5099999904632568 0.0 0.07000000029802322 0.5099999904632568 0.0 0.0 0.07000000029802322 0.5099999904632568 0.0 0.0 0.07000000029802322 0.5099999904632568 0.0 0.0 0.07000000029802322 0.5099999904632568 0.0 0.0 0.07000000029802322 0.5099999904632568 0.0 0.0 0.07000000029802322 0.5099999904632568 0.0 0.0 0.07000000029802322 0.5099999904632568 0.0 0.0 0.0 0.07000000029802322 0.0 0.07000000029802322 0.5099999904632568 0.0
508 0.07000000029802322 0.5099999904632568 0.0 0.07000000029802322 0.5099999904632568 0.0 0.07000000029802322 0.5099999904632568 0.0 0.0 0.07000000029802322 0.5099999904632568 0.0 0.0 0.07000000029802322 0.5099999904632568 0.0 0.0 0.07000000029802322 0.5099999904632568 0.0 0.0 0.07000000029802322 0.5099999904632568 0.0 0.0 0.5099999904632568 0.0 0.0 0.07000000029802322 0.5099999904632568 0.0 0.0 0.07000000029802322 0.5099999904632568 0.0 0.0 0.07000000029802322 0.5099999904632568 0.0 0.0 0.07000000029802322 0.5099999904632568 0.0 0.0 0.07000000029802322 0.5099999904632568 0.0 0.0 0.07000000029802322 0.5099999904632568 0.0 0.0 0.07000000029802322 0.5099999904632568 0.0 0.5099999904632568 0.0 0.0 0.07000000029802322 0.5099999904632568 0.0 0.0 0.07000000029802322 0.5099999904632568 0.0 0.0 0.07000000029802322 0.5099999904632568 0.0 0.0 0.07000000029802322 0.5099999904632568 0.0 0.0 0.07000000029802322 0.5099999904632568 0.0 0.07000000029802322 0.5099999904632568 0.0 0.0 0.07000000029802322 0.5099999904632568 0.0 0.0 0.07000000029802322 0.5099999904632568 0.0 0.0 0.07000000029802322 0.5099999904632568 0.0 0.0 0.0 0.5099999904632568 0.0 0.0 0.07000000029802322 0.5099999904632568 0.0 0.0 0.07000000029802322 0.5099999904632568 0.07000000029802322
51 0.07000000029802322 0.5099999904632568 0.0 0.0 0.07000000029802322 0.5099999904632568 0.0 0.0 0.07000000029802322 0.5099999904632568 0.0 0.0 0.07000000029802322 0.5099999904632568 0.0 0.0 0.07000000029802322 0.5099999904632568 0.0 0.0 0.07000000029802322 0.5099999904632568 0.0 0.0 0.07000000029802322 0.5099999904632568 0.0 0.0 0.07000000029802322 0.5099999904632568 0.0 0.0 0.0 0.07000000029802322 0.5099999904632568 0.0 0.0
519 0.0 0.07000000029802322 0.5099999904632568 0.0 0.0 0.07000000029802322 0.5099999904632568 0.0 0.0 0.019999999552965164 0.5099999904632568 0.0 0.0 0.07000000029802322 0.5099999904632568 0.0 0.0 0.07000000029802322 0.5099999904632568 0.0 0.0 0.0 0.5099999904632568 0.0 0.0 0.07000000029802322 0.5099999904632568 0.0 0.0 0.07000000029802322 0.5099999904632568 0.0 0.0 0.0 0.07000000029802322 0.5099999904632568 0.0 0.0 0.07000000029802322 0.5099999904632568 0.0
524 0.07000000029802322 0.5099999904632568 0.0 0.019999999552965164 0.5099999904632568 0.0 0.0 0.07000000029802322 0.5099999904632568 0.0 0.0 0.5099999904632568 0.0 0.07000000029802322 0.5099999904632568 0.0 0.0 0.5099999904632568 0.0 0.07000000029802322 0.5099999904632568 0.0 0.0 0.07000000029802322 0.5099999904632568 0.0 0.0 0.07000000029802322 0.5099999904632568 0.0 0.0 0.07000000029802322 0.5099999904632568 0.0 0.0 0.07000000029802322 0.5099999904632568 0.0 0.0 0.07000000029802322 0.5099999904632568 0.0 0.0 0.07000000029802322 0.5099999904632568 0.0 0.0 0.07000000029802322 0.5099999904632568 0.0 0.0 0.07000000029802322 0.5099999904632568 0.0 0.0 0.07000000029802322 0.5099999904632568 0.0 0.0 0.07000000029802322 0.5099999904632568 0.0 0.0 0.07000000029802322 0.5099999904632568 0.0 0.0 0.07000000029802322 0.5099999904632568 0.0 0.0 0.07000000029802322 0.5099999904632568 0.0 0.0 0.07000000029802322 0.5099999904632568 0.0 0.0 0.07000000029802322 0.5099999904632568 0.0 0.0 0.0 0.07000000029802322 0.5099999904632568 0.0 0.0 0.07000000029802322 0.5099999904632568 0.0 0.0 0.07000000029802322 0.5099999904632568 0.0 0.0 0.07000000029802322 0.5099999904632568 0.0 0.0 0.07000000029802322 0.5099999904632568 0.0 0.0 0.07000000029802322 0.5099999904632568 0.0 0.0 0.07000000029802322 0.0 0.0 0.07000000029802322 0.5099999904632568 0.0 0.0 0.07000000029802322 0.5099999904632568 0.0 0.0 0.07000000029802322 0.5099999904632568 0.0 0.0 0.07000000029802322 0.5099999904632568 0.0 0.0 0.07000000029802322 0.0
526 0.0 0.07000000029802322 0.5099999904632568 0.0 0.0 0.07000000029802322 0.5099999904632568 0.0 0.0 0.07000000029802322 0.5099999904632568 0.0 0.0 0.07000000029802322 0.5099999904632568 0.0 0.0 0.07000000029802322 0.5099999904632568 0.0 0.0 0.07000000029802322 0.5099999904632568 0.0 0.0 0.019999999552965164 0.5099999904632568 0.0 0.0 0.5099999904632568 0.0 0.07000000029802322 0.5099999904632568 0.0 0.0 0.07000000029802322 0.5099999904632568 0.0 0.0 0.5099999904632568 0.0 0.0 0.07000000029802322 0.5099999904632568 0.0 0.0 0.07000000029802322 0.5099999904632568 0.0 0.0 0.07000000029802322 0.5099999904632568 0.0 0.0 0.07000000029802322 0.5099999904632568 0.0 0.0 0.5099999904632568 0.0 0.0 0.07000000029802322 0.5099999904632568 0.0 0.0 0.0 0.5099999904632568 0.0 0.0 0.07000000029802322 0.0 0.07000000029802322 0.5099999904632568 0.0 0.0 0.019999999552965164 0.5099999904632568 0.0 0.0 0.07000000029802322 0.5099999904632568 0.0 0.0 0.07000000029802322 0.5099999904632568 0.0 0.0 0.07000000029802322 0.5099999904632568 0.0 0.0 0.07000000029802322 0.5099999904632568 0.0 0.0 0.0 0.0 0.07000000029802322 0.5099999904632568 0.0 0.07000000029802322 0.5099999904632568 0.0 0.0 0.07000000029802322 0.5099999904632568 0.0 0.0 0.0 0.5099999904632568 0.0 0.0 0.07000000029802322 0.0
533 0.5099999904632568 0.0 0.07000000029802322 0.5099999904632568 0.0 0.0 0.07000000029802322 0.5099999904632568 0.0 0.0 0.019999999552965164 0.5099999904632568 0.0 0.0 0.07000000029802322 0.5099999904632568 0.0 0.0 0.07000000029802322 0.5099999904632568 0.0 0.0 0.07000000029802322 0.5099999904632568 0.0 0.0 0.07000000029802322 0.5099999904632568 0.0 0.0 0.07000000029802322 0.5099999904632568 0.0 0.0 0.07000000029802322 0.5099999904632568 0.0 0.0 0.07000000029802322 0.5099999904632568 0.0 0.0 0.07000000029802322 0.5099999904632568 0.0 0.0 0.07000000029802322 0.07000000029802322 0.0 0.0
534 0.0 0.07000000029802322 0.5099999904632568 0.0 0.0 0.07000000029802322 0.5099999904632568 0.0 0.0 0.019999999552965164 0.5099999904632568 0.0 0.0 0.07000000029802322 0.5099999904632568 0.0 0.0 0.07000000029802322 0.5099999904632568 0.0 0.0 0.07000000029802322 0.5099999904632568 0.0 0.0 0.07000000029802322 0.5099999904632568 0.0 0.0 0.07000000029802322 0.5099999904632568 0.0 0.0 0.07000000029802322 0.5099999904632568 0.0 0.0 0.07000000029802322 0.5099999904632568 0.0 0.0 0.07000000029802322 0.5099999904632568 0.0 0.0 0.07000000029802322 0.0 0.07000000029802322 0.5099999904632568 0.0 0.0 0.07000000029802322 0.5099999904632568 0.0 0.07000000029802322 0.0
535 0.07000000029802322 0.5099999904632568 0.0 0.0 0.07000000029802322 0.5099999904632568 0.0 0.0 0.07000000029802322 0.5099999904632568 0.0 0.0 0.019999999552965164 0.5099999904632568 0.0 0.0 0.07000000029802322 0.5099999904632568 0.0 0.0 0.07000000029802322 0.5099999904632568 0.0 0.0 0.07000000029802322 0.5099999904632568 0.0 0.0 0.07000000029802322 0.5099999904632568 0.0 0.0 0.07000000029802322 0.5099999904632568 0.0 0.0 0.07000000029802322 0.5099999904632568 0.0 0.0 0.07000000029802322 0.5099999904632568 0.0 0.0 0.07000000029802322 0.5099999904632568 0.0 0.0 0.07000000029802322 0.5099999904632568 0.0 0.0 0.07000000029802322 0.5099999904632568 0.0 0.0 0.0 0.0 0.07000000029802322 0.5099999904632568 0.0 0.0 0.07000000029802322 0.5099999904632568 0.0 0.0 0.07000000029802322 0.5099999904632568 0.0 0.0 0.07000000029802322 0.5099999904632568 0.0 0.0 0.07000000029802322 0.5099999904632568 0.0 0.0 0.0 0.07000000029802322 0.5099999904632568 0.0 0.0 0.07000000029802322 0.5099999904632568 0.0 0.0 0.07000000029802322 0.5099999904632568 0.0 0.0 0.019999999552965164 0.5099999904632568 0.0 0.0 0.07000000029802322 0.5099999904632568 0.0 0.0 0.07000000029802322 0.5099999904632568 0.0 0.0 0.07000000029802322
538 0.5099999904632568 0.0 0.0 0.07000000029802322 0.5099999904632568 0.0 0.0 0.07000000029802322 0.5099999904632568 0.0 0.0 0.07000000029802322 0.5099999904632568 0.0 0.0 0.07000000029802322 0.5099999904632568 0.0 0.0 0.07000000029802322 0.5099999904632568 0.0 0.07000000029802322 0.5099999904632568 0.0 0.0 0.07000000029802322 0.0 0.07000000029802322 0.5099999904632568 0.0 0.0 0.07000000029802322 0.5099999904632568 0.0 0.0 0.07000000029802322 0.5099999904632568 0.0 0.0 0.5099999904632568 0.0 0.0 0.07000000029802322 0.5099999904632568 0.0 0.0 0.07000000029802322 0.5099999904632568 0.0 0.0 0.07000000029802322 0.5099999904632568 0.0 0.0 0.07000000029802322 0.5099999904632568 0.0 0.0 0.07000000029802322 0.5099999904632568 0.0 0.0 0.07000000029802322 0.5099999904632568 0.0 0.0 0.07000000029802322 0.5099999904632568 0.0 0.0 0.07000000029802322 0.5099999904632568 0.0 0.0 0.07000000029802322 0.5099999904632568 0.0 0.0 0.07000000029802322 0.5099999904632568 0.0 0.0 0.07000000029802322 0.5099999904632568 0.0 0.0 0.07000000029802322 0.5099999904632568 0.0 0.0 0.0 0.5099999904632568 0.0 0.0 0.07000000029802322 0.5099999904632568 0.0 0.0 0.07000000029802322 0.5099999904632568 0.0 0.0 0.07000000029802322 0.5099999904632568 0.0 0.0 0.07000000029802322 0.5099999904632568 0.0 0.0 0.07000000029802322 0.5099999904632568 0.0 0.0 0.07000000029802322 0.5099999904632568 0.0 0.0 0.5099999904632568 0.0 0.0 0.07000000029802322
54 0.07000000029802322 0.5099999904632568 0.0 0.0 0.07000000029802322 0.5099999904632568 0.0 0.0 0.07000000029802322 0.5099999904632568 0.0 0.0 0.07000000029802322 0.5099999904632568 0.0 0.0 0.07000000029802322 0.5099999904632568 0.0 0.0 0.07000000029802322 0.5099999904632568 0.0 0.0 0.07000000029802322 0.5099999904632568 0.0 0.0 0.07000000029802322 0.5099999904632568 0.0 0.0 0.07000000029802322 0.5099999904632568 0.07000000029802322 0.5099999904632568 0.0 0.07000000029802322 0.5099999904632568 0.0 0.0 0.07000000029802322 0.5099999904632568 0.0 0.0 0.07000000029802322 0.5099999904632568 0.0 0.0 0.07000000029802322 0.5099999904632568 0.0 0.0 0.07000000029802322 0.0 0.5099999904632568 0.0 0.0 0.07000000029802322 0.5099999904632568 0.0 0.0 0.019999999552965164 0.5099999904632568 0.0 0.0 0.07000000029802322 0.5099999904632568 0.0 0.0 0.07000000029802322 0.5099999904632568 0.0 0.0 0.07000000029802322 0.5099999904632568 0.0 0.0
546 0.5099999904632568 0.0 0.0 0.07000000029802322 0.5099999904632568 0.0 0.07000000029802322 0.5099999904632568 0.0 0.0 0.07000000029802322 0.5099999904632568 0.0 0.0 0.07000000029802322 0.5099999904632568 0.0 0.0 0.07000000029802322 0.5099999904632568 0.0 0.0 0.07000000029802322 0.5099999904632568 0.0 0.0 0.07000000029802322 0.5099999904632568 0.0 0.0 0.07000000029802322 0.5099999904632568 0.0 0.0 0.07000000029802322 0.5099999904632568 0.0 0.0 0.07000000029802322 0.5099999904632568 0.0 0.0 0.07000000029802322 0.5099999904632568 0.0 0.0 0.07000000029802322 0.5099999904632568 0.0 0.0 0.07000000029802322 0.07000000029802322 0.5099999904632568 0.0 0.0 0.07000000029802322 0.5099999904632568 0.0 0.0 0.07000000029802322 0.5099999904632568 0.0 0.0 0.07000000029802322 0.5099999904632568 0.0 0.0 0.07000000029802322 0.5099999904632568 0.0 0.0 0.07000000029802322 0.5099999904632568 0.0 0.0 0.07000000029802322 0.5099999904632568 0.0 0.0 0.07000000029802322 0.5099999904632568 0.0 0.0 0.07000000029802322 0.5099999904632568 0.0 0.0 0.0 0.5099999904632568 0.0 0.0 0.07000000029802322 0.0 0.07000000029802322 0.0
551 0.5099999904632568 0.0 0.0 0.07000000029802322 0.5099999904632568 0.0 0.0 0.07000000029802322 0.5099999904632568 0.0 0.0 0.07000000029802322 0.5099999904632568 0.0 0.0 0.07000000029802322 0.5099999904632568 0.0 0.0 0.07000000029802322 0.5099999904632568 0.0 0.0 0.07000000029802322 0.5099999904632568 0.0 0.0 0.07000000029802322 0.5099999904632568 0.0 0.0 0.07000000029802322 0.5099999904632568 0.0 0.0 0.07000000029802322 0.5099999904632568 0.0 0.0 0.07000000029802322 0.5099999904632568 0.0 0.0 0.07000000029802322 0.5099999904632568 0.0 0.0 0.07000000029802322 0.5099999904632568 0.0 0.0 0.07000000029802322 0.5099999904632568 0.0 0.0 0.07000000029802322 0.5099999904632568 0.0 0.0 0.07000000029802322 0.5099999904632568 0.0 0.0 0.07000000029802322 0.5099999904632568 0.0 0.0 0.07000000029802322 0.5099999904632568 0.0 0.0 0.07000000029802322 0.5099999904632568 0.0 0.0 0.07000000029802322 0.0 0.0 0.5099999904632568 0.0 0.0 0.07000000029802322 0.5099999904632568 0.0 0.0 0.07000000029802322 0.5099999904632568 0.0 0.0 0.07000000029802322 0.5099999904632568 0.0 0.0 0.07000000029802322 0.5099999904632568 0.0 0.0 0.07000000029802322 0.5099999904632568 0.0 0.0 0.07000000029802322 0.5099999904632568 0.0 0.0 0.0 0.5099999904632568 0.0 0.0 0.07000000029802322 0.5099999904632568 0.0 0.0 0.07000000029802322 0.5099999904632568 0.0 0.0 0.5099999904632568 0.0 0.0 0.07000000029802322 0.0 0.0
562 0.0 0.07000000029802322 0.5099999904632568 0.0 0.0 0.07000000029802322 0.5099999904632568 0.0 0.0 0.07000000029802322 0.5099999904632568 0.0 0.0 0.07000000029802322 0.5099999904632568 0.0 0.0 0.07000000029802322 0.0 0.07000000029802322 0.5099999904632568 0.0 0.0 0.07000000029802322 0.5099999904632568 0.0 0.0 0.07000000029802322 0.5099999904632568 0.0 0.0 0.07000000029802322 0.5099999904632568 0.0 0.0 0.07000000029802322 0.5099999904632568 0.0 0.0 0.07000000029802322 0.5099999904632568 0.0 0.0 0.07000000029802322 0.5099999904632568 0.0 0.0 0.07000000029802322 0.5099999904632568 0.0 0.0 0.07000000029802322 0.5099999904632568 0.0 0.0 0.07000000029802322 0.0 0.07000000029802322 0.5099999904632568 0.0 0.0 0.07000000029802322 0.5099999904632568 0.0 0.0 0.07000000029802322 0.5099999904632568 0.0 0.0 0.07000000029802322 0.5099999904632568 0.0 0.0 0.07000000029802322 0.5099999904632568 0.0 0.0 0.07000000029802322 0.07000000029802322 0.5099999904632568 0.0 0.0 0.07000000029802322 0.5099999904632568 0.0 0.0 0.07000000029802322 0.5099999904632568 0.0 0.0 0.07000000029802322 0.5099999904632568 0.0 0.0 0.07000000029802322 0.5099999904632568 0.0 0.0
563 0.5099999904632568 0.0 0.0 0.07000000029802322 0.5099999904632568 0.0 0.0 0.07000000029802322 0.5099999904632568 0.0 0.0 0.07000000029802322 0.5099999904632568 0.0 0.0 0.07000000029802322 0.5099999904632568 0.0 0.07000000029802322 0.5099999904632568 0.0 0.0 0.07000000029802322 0.5099999904632568 0.0 0.0 0.07000000029802322 0.5099999904632568 0.0 0.0 0.07000000029802322 0.5099999904632568 0.0 0.0 0.07000000029802322 0.5099999904632568 0.0 0.0 0.07000000029802322 0.5099999904632568 0.0 0.0 0.07000000029802322 0.5099999904632568 0.0 0.0 0.07000000029802322 0.5099999904632568 0.0 0.0 0.07000000029802322 0.5099999904632568 0.0 0.0 0.07000000029802322 0.5099999904632568 0.0 0.0 0.07000000029802322 0.5099999904632568 0.0 0.0 0.07000000029802322 0.5099999904632568 0.0 0.0 0.07000000029802322 0.5099999904632568 0.0 0.0 0.07000000029802322 0.5099999904632568 0.0 0.0 0.07000000029802322 0.5099999904632568 0.0 0.0 0.07000000029802322 0.5099999904632568 0.0 0.0 0.07000000029802322 0.5099999904632568 0.0 0.0 0.07000000029802322 0.5099999904632568 0.0 0.07000000029802322 0.5099999904632568 0.0 0.0 0.07000000029802322 0.5099999904632568 0.0 0.07000000029802322
571 0.07000000029802322 0.5099999904632568 0.0 0.0 0.07000000029802322 0.5099999904632568 0.0 0.0 0.019999999552965164 0.5099999904632568 0.0 0.0 0.07000000029802322 0.5099999904632568 0.0 0.0 0.0 0.07000000029802322 0.5099999904632568 0.0 0.0 0.07000000029802322 0.5099999904632568 0.0 0.0 0.07000000029802322 0.07000000029802322 0.5099999904632568 0.0 0.0 0.07000000029802322 0.5099999904632568 0.0 0.0 0.07000000029802322 0.5099999904632568 0.0 0.0 0.07000000029802322 0.5099999904632568 0.0 0.0 0.07000000029802322 0.5099999904632568 0.0 0.0 0.07000000029802322 0.5099999904632568 0.0 0.0 0.07000000029802322 0.5099999904632568 0.0 0.0 0.07000000029802322 0.0 0.07000000029802322 0.5099999904632568 0.0 0.0 0.5099999904632568 0.0 0.0 0.07000000029802322 0.5099999904632568 0.0 0.0 0.07000000029802322 0.5099999904632568 0.0 0.0 0.07000000029802322 0.5099999904632568 0.0 0.0 0.07000000029802322 0.5099999904632568 0.0 0.0 0.07000000029802322 0.5099999904632568 0.0 0.0 0.07000000029802322 0.5099999904632568 0.0 0.0 0.07000000029802322 0.5099999904632568 0.0 0.0 0.07000000029802322 0.019999999552965164 0.5099999904632568 0.0 0.0 0.07000000029802322 0.5099999904632568 0.0 0.0 0.07000000029802322 0.5099999904632568 0.0 0.0 0.07000000029802322 0.5099999904632568 0.0 0.0 0.07000000029802322 0.5099999904632568 0.0 0.0 0.07000000029802322 0.5099999904632568 0.0 0.0 0.0
579 0.07000000029802322 0.5099999904632568 0.0 0.0 0.07000000029802322 0.5099999904632568 0.0 0.0 0.07000000029802322 0.5099999904632568 0.0 0.0 0.07000000029802322 0.5099999904632568 0.0 0.0 0.019999999552965164 0.5099999904632568 0.0 0.0 0.07000000029802322 0.5099999904632568 0.0 0.0 0.5099999904632568 0.0 0.07000000029802322 0.5099999904632568 0.0 0.0 0.07000000029802322 0.5099999904632568 0.0 0.0 0.07000000029802322 0.5099999904632568 0.0 0.0 0.07000000029802322 0.5099999904632568 0.0 0.0 0.07000000029802322 0.5099999904632568 0.0 0.0 0.5099999904632568 0.0 0.0 0.07000000029802322 0.0 0.0 0.07000000029802322 0.5099999904632568 0.0 0.0 0.07000000029802322 0.5099999904632568 0.0 0.0 0.07000000029802322 0.5099999904632568 0.0 0.0 0.07000000029802322 0.5099999904632568 0.0 0.0 0.07000000029802322 0.5099999904632568 0.0 0.0 0.07000000029802322 0.5099999904632568 0.0 0.07000000029802322 0.5099999904632568 0.0 0.0 0.019999999552965164 0.5099999904632568 0.0 0.0 0.07000000029802322 0.5099999904632568 0.0 0.0 0.07000000029802322 0.5099999904632568 0.0 0.0 0.07000000029802322 0.5099999904632568 0.0 0.0 0.07000000029802322 0.5099999904632568 0.0 0.0 0.07000000029802322 0.5099999904632568 0.0 0.0 0.0 0.5099999904632568 0.0
580 0.5099999904632568 0.0 0.0 0.07000000029802322 0.5099999904632568 0.0 0.0 0.07000000029802322 0.5099999904632568 0.0 0.0 0.019999999552965164 0.5099999904632568 0.0 0.0 0.07000000029802322 0.5099999904632568 0.0 0.0 0.07000000029802322 0.5099999904632568 0.0 0.0 0.07000000029802322 0.5099999904632568 0.0 0.0 0.5099999904632568 0.0 0.0 0.07000000029802322 0.5099999904632568 0.0 0.0 0.07000000029802322 0.5099999904632568 0.0 0.0 0.07000000029802322 0.5099999904632568 0.0 0.07000000029802322 0.5099999904632568 0.0 0.07000000029802322 0.5099999904632568 0.0 0.0 0.07000000029802322 0.5099999904632568 0.0 0.0 0.07000000029802322 0.5099999904632568 0.0 0.0 0.07000000029802322 0.5099999904632568 0.0 0.0 0.07000000029802322 0.5099999904632568 0.0 0.0 0.0 0.019999999552965164 0.5099999904632568 0.0 0.0 0.07000000029802322 0.5099999904632568 0.0 0.0 0.07000000029802322 0.5099999904632568 0.0 0.0 0.07000000029802322 0.5099999904632568 0.0 0.0 0.07000000029802322 0.5099999904632568 0.0 0.0 0.07000000029802322 0.5099999904632568 0.0 0.0 0.07000000029802322 0.5099999904632568 0.0 0.0 0.07000000029802322 0.5099999904632568 0.0 0.0 0.07000000029802322 0.5099999904632568 0.0 0.0 0.07000000029802322 0.5099999904632568 0.0 0.0 0.07000000029802322 0.5099999904632568 0.0 0.0 0.0 0.5099999904632568 0.0 0.0 0.07000000029802322 0.5099999904632568 0.0
581 0.0 0.07000000029802322 0.5099999904632568 0.0 0.0 0.019999999552965164 0.5099999904632568 0.0 0.0 0.07000000029802322 0.5099999904632568 0.0 0.0 0.07000000029802322 0.5099999904632568 0.0 0.5099999904632568 0.0 0.0 0.07000000029802322 0.5099999904632568 0.0 0.07000000029802322 0.5099999904632568 0.0 0.0 0.07000000029802322 0.5099999904632568 0.0 0.0 0.07000000029802322 0.5099999904632568 0.0 0.0 0.019999999552965164 0.5099999904632568 0.0 0.0 0.07000000029802322 0.5099999904632568 0.0 0.07000000029802322 0.5099999904632568 0.0 0.07000000029802322 0.5099999904632568 0.0 0.0 0.07000000029802322 0.5099999904632568 0.0 0.0 0.019999999552965164 0.5099999904632568 0.0 0.0 0.07000000029802322 0.5099999904632568 0.0 0.0 0.07000000029802322 0.5099999904632568 0.0 0.0 0.07000000029802322 0.5099999904632568 0.0 0.0 0.07000000029802322 0.5099999904632568 0.0 0.0 0.07000000029802322 0.5099999904632568 0.0 0.0 0.07000000029802322 0.5099999904632568 0.0 0.0 0.07000000029802322 0.5099999904632568 0.0 0.0 0.07000000029802322 0.5099999904632568 0.0 0.0 0.0 0.5099999904632568 0.0 0.0 0.07000000029802322 0.5099999904632568 0.0 0.0 0.07000000029802322 0.5099999904632568 0.0
583 0.0 0.07000000029802322 0.5099999904632568 0.0 0.0 0.07000000029802322 0.5099999904632568 0.0 0.0 0.0 0.07000000029802322 0.5099999904632568 0.0 0.0 0.07000000029802322 0.5099999904632568 0.0 0.0 0.07000000029802322 0.5099999904632568 0.0 0.0 0.07000000029802322 0.5099999904632568 0.0 0.0 0.07000000029802322 0.0 0.5099999904632568 0.0 0.0 0.07000000029802322 0.5099999904632568 0.0 0.07000000029802322 0.5099999904632568 0.0 0.0 0.07000000029802322 0.5099999904632568 0.0 0.0 0.07000000029802322 0.5099999904632568 0.0 0.0 0.07000000029802322 0.5099999904632568 0.0 0.0 0.07000000029802322 0.5099999904632568 0.0 0.0 0.019999999552965164 0.5099999904632568 0.0 0.0 0.07000000029802322 0.5099999904632568 0.0 0.0 0.07000000029802322 0.5099999904632568 0.0 0.0 0.07000000029802322 0.0 0.07000000029802322 0.5099999904632568 0.0 0.0 0.07000000029802322 0.5099999904632568 0.0 0.0 0.0 0.5099999904632568 0.0 0.0 0.07000000029802322 0.5099999904632568 0.0 0.0 0.07000000029802322 0.5099999904632568 0.0 0.0 0.07000000029802322 0.5099999904632568 0.0 0.0 0.07000000029802322 0.5099999904632568 0.0
585 0.5099999904632568 0.0 0.0 0.07000000029802322 0.5099999904632568 0.0 0.0 0.07000000029802322 0.5099999904632568 0.0 0.0 0.07000000029802322 0.5099999904632568 0.0 0.0 0.07000000029802322 0.5099999904632568 0.0 0.0 0.07000000029802322 0.5099999904632568 0.0 0.0 0.07000000029802322 0.5099999904632568 0.0 0.07000000029802322 0.5099999904632568 0.0 0.0 0.07000000029802322 0.5099999904632568 0.07000000029802322 0.5099999904632568 0.0 0.0 0.07000000029802322 0.5099999904632568 0.0 0.0 0.07000000029802322 0.5099999904632568 0.0 0.0 0.07000000029802322 0.5099999904632568 0.0 0.0 0.07000000029802322 0.5099999904632568 0.0 0.0 0.019999999552965164 0.5099999904632568 0.0 0.0 0.07000000029802322 0.0 0.0 0.5099999904632568 0.0 0.0 0.07000000029802322 0.5099999904632568 0.0 0.0 0.07000000029802322 0.5099999904632568 0.0 0.0 0.07000000029802322 0.5099999904632568 0.0 0.0 0.07000000029802322 0.5099999904632568 0.0 0.0 0.07000000029802322 0.5099999904632568 0.0 0.0 0.07000000029802322 0.5099999904632568
599 0.0 0.07000000029802322 0.5099999904632568 0.0 0.0 0.07000000029802322 0.5099999904632568 0.0 0.0 0.07000000029802322 0.5099999904632568 0.0 0.0 0.07000000029802322 0.5099999904632568 0.0 0.0 0.07000000029802322 0.5099999904632568 0.0 0.07000000029802322 0.5099999904632568 0.0 0.0 0.07000000029802322 0.5099999904632568 0.0 0.0 0.07000000029802322 0.5099999904632568 0.0 0.0 0.07000000029802322 0.5099999904632568 0.0 0.0 0.07000000029802322 0.5099999904632568 0.0 0.0 0.07000000029802322 0.5099999904632568 0.0 0.0 0.07000000029802322 0.5099999904632568 0.0 0.0 0.5099999904632568 0.0 0.0 0.07000000029802322 0.5099999904632568 0.0 0.0 0.07000000029802322 0.5099999904632568 0.0 0.0 0.07000000029802322 0.5099999904632568 0.0 0.0 0.07000000029802322 0.5099999904632568 0.0 0.0 0.07000000029802322 0.5099999904632568 0.0 0.0 0.07000000029802322 0.5099999904632568 0.0 0.0 0.07000000029802322 0.5099999904632568 0.0 0.0 0.07000000029802322 0.5099999904632568 0.0 0.0 0.5099999904632568 0.0
609 0.5099999904632568 0.0 0.0 0.07000000029802322 0.5099999904632568 0.0 0.0 0.07000000029802322 0.5099999904632568 0.0 0.0 0.07000000029802322 0.5099999904632568 0.0 0.0 0.019999999552965164 0.5099999904632568 0.0 0.0 0.07000000029802322 0.5099999904632568 0.0 0.0 0.0 0.5099999904632568 0.0 0.0 0.07000000029802322 0.5099999904632568 0.0 0.0 0.07000000029802322 0.5099999904632568 0.0 0.0 0.07000000029802322 0.0 0.07000000029802322 0.5099999904632568 0.0 0.0 0.07000000029802322
612 0.0 0.019999999552965164 0.5099999904632568 0.0 0.0 0.07000000029802322 0.5099999904632568 0.0 0.0 0.0 0.5099999904632568 0.0 0.0 0.07000000029802322 0.5099999904632568 0.0 0.0 0.07000000029802322 0.5099999904632568 0.0 0.0 0.07000000029802322 0.5099999904632568 0.0 0.0 0.0 0.5099999904632568 0.0 0.0 0.07000000029802322 0.5099999904632568 0.0 0.0 0.07000000029802322 0.5099999904632568 0.0 0.0 0.07000000029802322 0.5099999904632568 0.0 0.0 0.07000000029802322 0.5099999904632568 0.0 0.0 0.07000000029802322 0.5099999904632568 0.0 0.07000000029802322
613 0.07000000029802322 0.5099999904632568 0.0 0.0 0.0 0.5099999904632568 0.0 0.0 0.07000000029802322 0.5099999904632568 0.0 0.0 0.07000000029802322 0.5099999904632568 0.0 0.0 0.07000000029802322 0.5099999904632568 0.0 0.0 0.0 0.5099999904632568 0.0 0.0 0.07000000029802322 0.5099999904632568 0.0 0.0 0.07000000029802322 0.5099999904632568 0.0 0.0 0.07000000029802322 0.5099999904632568 0.0 0.0 0.07000000029802322 0.5099999904632568 0.0 0.0 0.07000000029802322 0.5099999904632568 0.0 0.0 0.07000000029802322 0.5099999904632568 0.0 0.07000000029802322
629 0.0 0.07000000029802322 0.5099999904632568 0.0 0.0 0.07000000029802322 0.5099999904632568 0.0 0.0 0.07000000029802322 0.5099999904632568 0.0 0.0 0.07000000029802322 0.5099999904632568 0.0 0.0 0.07000000029802322 0.5099999904632568 0.0 0.0 0.07000000029802322 0.5099999904632568 0.0 0.0 0.07000000029802322 0.5099999904632568 0.0 0.0 0.07000000029802322 0.5099999904632568 0.0 0.0 0.07000000029802322 0.5099999904632568 0.0 0.0 0.07000000029802322 0.5099999904632568 0.0 0.0 0.07000000029802322 0.5099999904632568 0.0 0.0 0.07000000029802322 0.5099999904632568 0.0 0.0 0.07000000029802322 0.5099999904632568 0.0 0.0 0.07000000029802322 0.5099999904632568 0.0 0.0 0.07000000029802322 0.5099999904632568 0.0 0.0 0.07000000029802322 0.5099999904632568 0.0 0.0 0.07000000029802322
648 0.0 0.019999999552965164 0.5099999904632568 0.0 0.0 0.07000000029802322 0.5099999904632568 0.0 0.0 0.07000000029802322 0.5099999904632568 0.0 0.0 0.07000000029802322 0.5099999904632568 0.0 0.0 0.07000000029802322 0.5099999904632568 0.0 0.0 0.07000000029802322 0.5099999904632568 0.0 0.0 0.07000000029802322 0.5099999904632568 0.0 0.0 0.07000000029802322 0.5099999904632568 0.0 0.0 0.07000000029802322
658 0.07000000029802322 0.5099999904632568 0.0 0.0 0.07000000029802322 0.5099999904632568 0.0 0.0 0.07000000029802322 0.5099999904632568 0.0 0.0 0.07000000029802322 0.5099999904632568 0.0 0.0 0.07000000029802322 0.5099999904632568 0.0 0.0 0.07000000029802322 0.5099999904632568 0.0 0.0 0.07000000029802322 0.5099999904632568 0.0 0.0 0.07000000029802322 0.5099999904632568 0.0 0.0 0.07000000029802322 0.5099999904632568 0.0 0.0 0.07000000029802322 0.5099999904632568 0.0
669 0.0 0.0 0.5099999904632568 0.0 0.0 0.0 0.5099999904632568 0.0 0.0 0.07000000029802322 0.5099999904632568 0.0 0.0 0.07000000029802322 0.5099999904632568 0.0 0.0 0.07000000029802322 0.5099999904632568 0.0 0.0 0.07000000029802322 0.5099999904632568 0.0 0.0 0.07000000029802322 0.5099999904632568 0.0 0.0 0.07000000029802322 0.5099999904632568 0.0 0.0 0.07000000029802322 0.5099999904632568 0.0 0.0 0.07000000029802322 0.5099999904632568 0.0 0.0 0.07000000029802322 0.5099999904632568 0.0 0.0 0.07000000029802322 0.07000000029802322
67 0.5099999904632568 0.0 0.07000000029802322 0.5099999904632568 0.0 0.0 0.07000000029802322 0.5099999904632568 0.0 0.0 0.07000000029802322 0.5099999904632568 0.0 0.0 0.07000000029802322 0.5099999904632568 0.0 0.0 0.07000000029802322 0.5099999904632568 0.0 0.0 0.0 0.5099999904632568 0.0 0.0 0.07000000029802322 0.5099999904632568 0.0 0.0 0.07000000029802322 0.5099999904632568 0.0 0.0 0.07000000029802322 0.5099999904632568 0.0 0.0 0.07000000029802322 0.5099999904632568 0.0 0.07000000029802322 0.5099999904632568 0.0 0.0 0.07000000029802322 0.5099999904632568 0.0 0.0 0.07000000029802322 0.5099999904632568 0.0 0.07000000029802322 0.07000000029802322
676 0.07000000029802322 0.5099999904632568 0.0 0.0 0.07000000029802322 0.5099999904632568 0.0 0.0 0.07000000029802322 0.5099999904632568 0.0 0.0 0.07000000029802322 0.5099999904632568 0.0 0.0 0.07000000029802322 0.5099999904632568 0.0 0.0 0.07000000029802322 0.5099999904632568 0.0 0.0 0.0 0.5099999904632568 0.0 0.0 0.07000000029802322 0.5099999904632568 0.0 0.0 0.07000000029802322 0.5099999904632568 0.0 0.0 0.07000000029802322 0.5099999904632568 0.0 0.0 0.07000000029802322 0.5099999904632568 0.0 0.0 0.019999999552965164 0.5099999904632568 0.0 0.0 0.07000000029802322 0.5099999904632568 0.0 0.0 0.07000000029802322 0.5099999904632568 0.0 0.0 0.07000000029802322 0.5099999904632568 0.0 0.0 0.07000000029802322 0.5099999904632568 0.0 0.0 0.07000000029802322 0.5099999904632568 0.0 0.0 0.07000000029802322 0.5099999904632568 0.0
686 0.0 0.07000000029802322 0.5099999904632568 0.0 0.0 0.07000000029802322 0.5099999904632568 0.0 0.0 0.07000000029802322 0.5099999904632568 0.0 0.0 0.07000000029802322 0.5099999904632568 0.0 0.0 0.07000000029802322 0.5099999904632568 0.0 0.0 0.07000000029802322 0.5099999904632568 0.0 0.0 0.07000000029802322 0.5099999904632568 0.0 0.0 0.07000000029802322 0.5099999904632568 0.0 0.0 0.07000000029802322
688 0.5099999904632568 0.0 0.5099999904632568 0.0 0.0 0.07000000029802322 0.5099999904632568 0.0 0.07000000029802322 0.5099999904632568 0.0 0.0 0.07000000029802322 0.5099999904632568 0.0 0.0 0.07000000029802322 0.5099999904632568 0.0 0.0 0.07000000029802322 0.5099999904632568 0.0 0.0 0.07000000029802322 0.5099999904632568 0.0 0.0 0.07000000029802322 0.5099999904632568 0.0 0.0 0.07000000029802322 0.5099999904632568 0.0 0.0 0.07000000029802322 0.5099999904632568 0.0 0.0 0.07000000029802322 0.5099999904632568 0.0 0.0 0.07000000029802322 0.5099999904632568 0.0 0.0
69 0.5099999904632568 0.0 0.0 0.07000000029802322 0.5099999904632568 0.0 0.0 0.07000000029802322 0.5099999904632568 0.0 0.0 0.0 0.5099999904632568 0.0 0.0 0.07000000029802322 0.5099999904632568 0.0 0.0 0.07000000029802322 0.5099999904632568 0.0 0.0 0.07000000029802322 0.5099999904632568 0.0 0.0 0.07000000029802322 0.5099999904632568 0.0 0.0 0.5099999904632568 0.0 0.0 0.07000000029802322 0.5099999904632568 0.0 0.0 0.07000000029802322 0.5099999904632568 0.0 0.0 0.07000000029802322
703 0.5099999904632568 0.0 0.0 0.019999999552965164 0.5099999904632568 0.0 0.0 0.07000000029802322 0.5099999904632568 0.0 0.0 0.07000000029802322 0.5099999904632568 0.0 0.0 0.07000000029802322 0.5099999904632568 0.0 0.0 0.019999999552965164 0.5099999904632568 0.0 0.0 0.07000000029802322 0.5099999904632568 0.0 0.0 0.07000000029802322 0.5099999904632568 0.0 0.0 0.0 0.0 0.07000000029802322 0.5099999904632568 0.0 0.0 0.07000000029802322 0.5099999904632568 0.0 0.0 0.07000000029802322
705 0.5099999904632568 0.0 0.0 0.07000000029802322 0.5099999904632568 0.0 0.0 0.07000000029802322 0.5099999904632568 0.0 0.0 0.019999999552965164 0.5099999904632568 0.0 0.0 0.07000000029802322 0.5099999904632568 0.0 0.0 0.07000000029802322 0.5099999904632568 0.0 0.0 0.07000000029802322 0.5099999904632568 0.0 0.0 0.07000000029802322 0.5099999904632568 0.0 0.0
710 0.0 0.5099999904632568 0.0 0.0 0.07000000029802322 0.5099999904632568 0.0 0.0 0.07000000029802322 0.5099999904632568 0.0 0.0 0.07000000029802322 0.5099999904632568 0.0 0.0 0.07000000029802322 0.5099999904632568 0.0 0.0 0.07000000029802322 0.5099999904632568 0.0 0.0 0.07000000029802322 0.5099999904632568 0.0 0.0 0.07000000029802322 0.5099999904632568 0.0 0.0 0.07000000029802322 0.5099999904632568 0.0 0.0 0.07000000029802322 0.5099999904632568 0.0 0.0 0.07000000029802322 0.5099999904632568 0.0 0.0 0.07000000029802322 0.5099999904632568 0.0 0.0 0.07000000029802322 0.5099999904632568 0.0 0.0 0.07000000029802322 0.5099999904632568 0.0 0.0 0.07000000029802322
725 0.0 0.5099999904632568 0.0 0.0 0.07000000029802322 0.5099999904632568 0.0 0.0 0.07000000029802322 0.5099999904632568 0.0 0.0 0.07000000029802322 0.5099999904632568 0.0 0.0 0.07000000029802322 0.5099999904632568 0.0 0.0 0.07000000029802322 0.5099999904632568 0.0 0.0 0.07000000029802322 0.5099999904632568 0.0 0.0 0.07000000029802322 0.5099999904632568 0.0 0.0 0.07000000029802322 0.5099999904632568 0.0 0.0 0.07000000029802322 0.5099999904632568 0.0 0.0 0.019999999552965164 0.5099999904632568 0.0 0.0 0.07000000029802322 0.5099999904632568 0.0 0.0 0.07000000029802322 0.5099999904632568 0.0 0.0 0.0
728 0.5099999904632568 0.0 0.0 0.019999999552965164 0.5099999904632568 0.0 0.0 0.07000000029802322 0.5099999904632568 0.0 0.0 0.07000000029802322 0.5099999904632568 0.0 0.0 0.07000000029802322 0.5099999904632568 0.0 0.0 0.07000000029802322 0.5099999904632568 0.0 0.0 0.07000000029802322 0.5099999904632568 0.0 0.0 0.019999999552965164 0.5099999904632568 0.0 0.07000000029802322 0.5099999904632568 0.0 0.07000000029802322 0.5099999904632568 0.0 0.0 0.07000000029802322 0.5099999904632568 0.0 0.0 0.07000000029802322 0.5099999904632568 0.0 0.0 0.07000000029802322 0.5099999904632568 0.0 0.0 0.07000000029802322 0.5099999904632568 0.0 0.0 0.019999999552965164 0.5099999904632568 0.0 0.0 0.07000000029802322 0.5099999904632568 0.0 0.0 0.07000000029802322 0.5099999904632568 0.0 0.0 0.019999999552965164 0.5099999904632568 0.0 0.0 0.019999999552965164 0.5099999904632568 0.0 0.0
734 0.019999999552965164 0.5099999904632568 0.0 0.0 0.019999999552965164 0.5099999904632568 0.0 0.0 0.07000000029802322 0.5099999904632568 0.0 0.0 0.07000000029802322 0.5099999904632568 0.0 0.0 0.07000000029802322 0.5099999904632568 0.0 0.0 0.07000000029802322 0.5099999904632568 0.0 0.0 0.07000000029802322 0.5099999904632568 0.0 0.0 0.07000000029802322 0.5099999904632568 0.0 0.0 0.07000000029802322 0.5099999904632568 0.0 0.0 0.07000000029802322 0.5099999904632568 0.0
737 0.0 0.019999999552965164 0.5099999904632568 0.0 0.0 0.07000000029802322 0.5099999904632568 0.0 0.0 0.07000000029802322 0.5099999904632568 0.0 0.0 0.07000000029802322 0.5099999904632568 0.0 0.0 0.07000000029802322 0.5099999904632568 0.0 0.0 0.07000000029802322 0.5099999904632568 0.0 0.0 0.07000000029802322 0.5099999904632568 0.0 0.0 0.07000000029802322 0.5099999904632568 0.0 0.0 0.07000000029802322 0.5099999904632568 0.0 0.0 0.07000000029802322 0.5099999904632568 0.0 0.0
743 0.5099999904632568 0.0 0.0 0.07000000029802322 0.5099999904632568 0.0 0.0 0.07000000029802322 0.5099999904632568 0.0 0.0 0.0 0.5099999904632568 0.0 0.0 0.07000000029802322 0.5099999904632568 0.0 0.0 0.0 0.5099999904632568 0.0 0.0 0.07000000029802322 0.5099999904632568 0.0 0.0 0.07000000029802322 0.5099999904632568 0.0 0.07000000029802322 0.5099999904632568 0.0 0.0 0.07000000029802322 0.5099999904632568 0.0 0.07000000029802322
745 0.5099999904632568 0.0 0.0 0.07000000029802322 0.5099999904632568 0.0 0.0 0.07000000029802322 0.5099999904632568 0.0 0.0 0.07000000029802322 0.5099999904632568 0.0 0.0 0.0 0.5099999904632568 0.0 0.0 0.07000000029802322 0.5099999904632568 0.0 0.0 0.0 0.5099999904632568 0.0 0.0 0.07000000029802322 0.5099999904632568 0.0 0.0 0.07000000029802322 0.5099999904632568 0.0 0.0 0.07000000029802322 0.5099999904632568 0.0 0.0 0.07000000029802322 0.5099999904632568 0.0 0.0 0.07000000029802322 0.5099999904632568 0.0 0.0 0.07000000029802322
749 0.07000000029802322 0.5099999904632568 0.0 0.5099999904632568 0.0 0.0 0.07000000029802322 0.5099999904632568 0.0 0.0 0.0 0.5099999904632568 0.0 0.0 0.07000000029802322 0.5099999904632568 0.0 0.5099999904632568 0.0 0.07000000029802322 0.5099999904632568 0.0 0.0 0.07000000029802322 0.5099999904632568 0.0 0.0 0.07000000029802322 0.5099999904632568 0.0 0.0 0.07000000029802322 0.5099999904632568 0.0 0.0 0.07000000029802322 0.5099999904632568 0.0 0.0 0.07000000029802322 0.5099999904632568 0.0 0.0 0.07000000029802322 0.5099999904632568 0.0 0.0 0.07000000029802322 0.5099999904632568 0.0 0.0 0.07000000029802322 0.5099999904632568 0.0 0.07000000029802322 0.5099999904632568 0.0 0.0 0.07000000029802322 0.5099999904632568 0.0 0.0
751 0.07000000029802322 0.07000000029802322 0.5099999904632568 0.0 0.0 0.07000000029802322 0.5099999904632568 0.0 0.0 0.07000000029802322 0.5099999904632568 0.0 0.0 0.07000000029802322 0.5099999904632568 0.0 0.0 0.07000000029802322 0.5099999904632568 0.0 0.0 0.07000000029802322 0.5099999904632568 0.0 0.0 0.07000000029802322 0.5099999904632568 0.0 0.0 0.07000000029802322 0.5099999904632568 0.0 0.0 0.07000000029802322 0.5099999904632568 0.0 0.0 0.07000000029802322 0.5099999904632568 0.0
752 0.5099999904632568 0.0 0.0 0.07000000029802322 0.5099999904632568 0.0 0.0 0.07000000029802322 0.5099999904632568 0.0 0.0 0.07000000029802322 0.5099999904632568 0.0 0.0 0.07000000029802322 0.5099999904632568 0.0 0.0 0.07000000029802322 0.5099999904632568 0.0 0.0 0.07000000029802322 0.5099999904632568 0.0 0.0 0.07000000029802322 0.5099999904632568 0.0 0.0 0.07000000029802322 0.5099999904632568 0.0 0.07000000029802322
755 0.0 0.07000000029802322 0.5099999904632568 0.0 0.0 0.07000000029802322 0.5099999904632568 0.0 0.0 0.07000000029802322 0.5099999904632568 0.0 0.0 0.07000000029802322 0.5099999904632568 0.0 0.0 0.07000000029802322 0.5099999904632568 0.0 0.0 0.07000000029802322 0.5099999904632568 0.0 0.0 0.07000000029802322 0.5099999904632568 0.0 0.0 0.07000000029802322 0.5099999904632568 0.0 0.0 0.07000000029802322 0.5099999904632568 0.0 0.0 0.07000000029802322 0.5099999904632568 0.0 0.0 0.07000000029802322 0.5099999904632568 0.0 0.0 0.07000000029802322 0.0
757 0.0 0.07000000029802322 0.5099999904632568 0.0 0.0 0.07000000029802322 0.5099999904632568 0.0 0.0 0.07000000029802322 0.5099999904632568 0.0 0.07000000029802322 0.5099999904632568 0.0 0.0 0.07000000029802322 0.5099999904632568 0.0 0.0 0.07000000029802322 0.5099999904632568 0.0 0.0 0.07000000029802322 0.5099999904632568 0.0 0.0 0.07000000029802322 0.5099999904632568 0.0 0.0 0.07000000029802322 0.5099999904632568 0.0 0.0 0.07000000029802322 0.5099999904632568 0.0 0.0 0.07000000029802322 0.5099999904632568 0.0 0.0 0.07000000029802322 0.5099999904632568 0.0 0.0 0.0 0.5099999904632568 0.0 0.0 0.07000000029802322 0.5099999904632568 0.0 0.0 0.07000000029802322 0.5099999904632568 0.0 0.0
758 0.5099999904632568 0.0 0.0 0.07000000029802322 0.5099999904632568 0.0 0.0 0.07000000029802322 0.5099999904632568 0.0 0.0 0.07000000029802322 0.5099999904632568 0.0 0.0 0.07000000029802322 0.5099999904632568 0.0 0.0 0.07000000029802322 0.5099999904632568 0.0 0.0 0.0 0.5099999904632568 0.0 0.0 0.07000000029802322 0.5099999904632568 0.0 0.0 0.07000000029802322 0.5099999904632568 0.0 0.0
768 0.07000000029802322 0.5099999904632568 0.0 0.0 0.07000000029802322 0.5099999904632568 0.0 0.0 0.07000000029802322 0.5099999904632568 0.0 0.0 0.07000000029802322 0.5099999904632568 0.0 0.0 0.07000000029802322 0.5099999904632568 0.0 0.0 0.07000000029802322 0.5099999904632568 0.0 0.0 0.07000000029802322 0.5099999904632568 0.0 0.0 0.07000000029802322 0.5099999904632568 0.0 0.0 0.0 0.5099999904632568 0.0 0.0 0.019999999552965164 0.5099999904632568 0.0 0.0 0.07000000029802322 0.5099999904632568 0.0 0.0 0.07000000029802322 0.5099999904632568 0.0 0.0 0.07000000029802322 0.5099999904632568 0.0 0.0 0.07000000029802322 0.5099999904632568 0.0 0.0 0.07000000029802322 0.5099999904632568 0.0 0.0 0.07000000029802322 0.5099999904632568 0.0 0.0 0.07000000029802322 0.5099999904632568 0.0 0.0 0.07000000029802322 0.0 0.07000000029802322 0.5099999904632568 0.0 0.0 0.5099999904632568 0.0 0.0
786 0.07000000029802322 0.5099999904632568 0.0 0.0 0.07000000029802322 0.5099999904632568 0.0 0.0 0.5099999904632568 0.0 0.0 0.0 0.5099999904632568 0.0 0.0 0.07000000029802322 0.5099999904632568 0.0 0.0 0.07000000029802322 0.5099999904632568 0.0 0.0 0.07000000029802322 0.5099999904632568 0.0 0.0 0.07000000029802322 0.5099999904632568 0.0 0.0 0.07000000029802322 0.5099999904632568 0.0 0.0 0.07000000029802322 0.5099999904632568 0.0 0.0 0.07000000029802322 0.3400000035762787 0.0
79 0.07000000029802322 0.5099999904632568 0.0 0.0 0.07000000029802322 0.5099999904632568 0.0 0.0 0.07000000029802322 0.5099999904632568 0.0 0.0 0.07000000029802322 0.5099999904632568 0.0 0.0 0.07000000029802322 0.5099999904632568 0.0 0.0 0.07000000029802322 0.5099999904632568 0.0 0.0 0.07000000029802322 0.5099999904632568 0.0 0.0 0.07000000029802322 0.5099999904632568 0.0 0.0 0.07000000029802322 0.5099999904632568 0.0 0.0 0.07000000029802322 0.5099999904632568 0.0 0.0 0.07000000029802322 0.5099999904632568 0.0 0.0 0.07000000029802322 0.5099999904632568 0.0 0.0 0.0 0.5099999904632568 0.0 0.5099999904632568 0.0 0.07000000029802322 0.5099999904632568 0.0 0.0 0.07000000029802322 0.5099999904632568 0.0 0.0 0.07000000029802322 0.5099999904632568 0.0 0.0 0.07000000029802322 0.5099999904632568 0.0 0.0 0.0 0.0 0.5099999904632568 0.0 0.0 0.07000000029802322 0.5099999904632568 0.0 0.0 0.07000000029802322 0.5099999904632568 0.0 0.0 0.0 0.5099999904632568 0.0 0.0 0.07000000029802322 0.5099999904632568 0.0 0.0 0.07000000029802322 0.5099999904632568 0.0 0.0 0.07000000029802322 0.5099999904632568 0.0 0.0 0.07000000029802322 0.5099999904632568 0.0 0.0 0.07000000029802322 0.5099999904632568 0.5099999904632568 0.0 0.0 0.019999999552965164 0.5099999904632568 0.0 0.0 0.07000000029802322 0.5099999904632568 0.0 0.0 0.07000000029802322 0.5099999904632568 0.0 0.0 0.019999999552965164 0.5099999904632568 0.0 0.0 0.07000000029802322 0.5099999904632568 0.0 0.07000000029802322
790 0.5099999904632568 0.0 0.0 0.07000000029802322 0.5099999904632568 0.0 0.0 0.07000000029802322 0.5099999904632568 0.0 0.0 0.07000000029802322 0.5099999904632568 0.0 0.0 0.07000000029802322 0.5099999904632568 0.0 0.0 0.07000000029802322 0.3400000035762787 0.0 0.0
87 0.5099999904632568 0.0 0.5099999904632568 0.0 0.0 0.07000000029802322 0.5099999904632568 0.0 0.0 0.07000000029802322 0.5099999904632568 0.0 0.0 0.07000000029802322 0.5099999904632568 0.0 0.0 0.0 0.5099999904632568 0.0 0.0 0.07000000029802322 0.5099999904632568 0.0 0.0 0.0 0.5099999904632568 0.0 0.0 0.07000000029802322 0.5099999904632568 0.0 0.0 0.07000000029802322 0.5099999904632568 0.0 0.0 0.07000000029802322 0.5099999904632568 0.0 0.0 0.07000000029802322 0.5099999904632568 0.0 0.0 0.07000000029802322 0.5099999904632568 0.0 0.0 0.07000000029802322 0.5099999904632568 0.0 0.0 0.07000000029802322 0.5099999904632568 0.0 0.0 0.07000000029802322 0.5099999904632568 0.0 0.0 0.07000000029802322 0.5099999904632568 0.0 0.0 0.07000000029802322 0.5099999904632568 0.0 0.0 0.07000000029802322 0.5099999904632568 0.0 0.0 0.0 0.5099999904632568 0.0 0.0 0.07000000029802322 0.5099999904632568 0.0 0.0 0.019999999552965164 0.5099999904632568 0.0 0.07000000029802322
93 0.07000000029802322 0.5099999904632568 0.0 0.0 0.07000000029802322 0.5099999904632568 0.0 0.0 0.07000000029802322 0.5099999904632568 0.0 0.0 0.07000000029802322 0.5099999904632568 0.0 0.0 0.0 0.5099999904632568 0.0 0.0 0.07000000029802322 0.5099999904632568 0.0 0.0 0.0 0.5099999904632568 0.0 0.0 0.07000000029802322 0.5099999904632568 0.0 0.0 0.0 0.5099999904632568 0.0 0.0 0.07000000029802322 0.0 0.0 0.07000000029802322 0.5099999904632568 0.0 0.0 0.07000000029802322 0.5099999904632568 0.0 0.0 0.07000000029802322 0.5099999904632568 0.0 0.07000000029802322 0.5099999904632568 0.0 0.0 0.07000000029802322 0.5099999904632568 0.0 0.0 0.07000000029802322 0.5099999904632568 0.0 0.0 0.07000000029802322 0.5099999904632568 0.0 0.0 0.07000000029802322 0.5099999904632568 0.0 0.0 0.07000000029802322 0.5099999904632568 0.0 0.0 0.07000000029802322 0.5099999904632568 0.0 0.0 0.07000000029802322 0.5099999904632568 0.0 0.0 0.07000000029802322 0.5099999904632568 0.0 0.0 0.07000000029802322 0.5099999904632568 0.0 0.0 0.07000000029802322 0.5099999904632568 0.0 0.0 0.07000000029802322 0.0
