1 -0.30000001192092896 0.0 0.0 -0.5099999904632568 -0.4699999988079071 0.0 0.0 -0.5099999904632568 -0.4699999988079071 0.0 0.0 -0.5099999904632568 -0.28999999165534973 0.0
10 -0.4699999988079071 -0.019999999552965164 0.0 -0.5099999904632568 -0.4699999988079071 0.0 0.0 -0.5099999904632568 -0.4699999988079071 -0.019999999552965164 0.0 -0.5099999904632568 -0.4699999988079071 0.0 0.0 -0.5099999904632568 -0.4699999988079071 0.0 0.0 -0.5099999904632568 -0.4699999988079071 0.0 0.0 -0.5099999904632568 -0.4699999988079071 0.0 0.0 -0.5099999904632568 -0.4699999988079071
100 0.0 0.0 -0.5099999904632568 -0.4699999988079071 0.0 0.0 -0.5099999904632568 -0.4699999988079071 0.0 0.0 -0.5099999904632568 -0.4699999988079071 0.0 0.0 -0.5099999904632568 -0.4699999988079071 0.0 0.0 -0.5099999904632568 -0.4699999988079071 0.0 0.0 -0.5099999904632568 -0.4699999988079071 0.0 0.0 -0.5099999904632568 -0.4699999988079071 0.0 0.0 -0.5099999904632568 -0.4699999988079071 0.0 0.0 -0.5099999904632568 -0.4699999988079071 0.0 0.0 -0.5099999904632568 -0.4699999988079071 0.0 0.0 -0.5099999904632568 -0.4699999988079071 0.0 0.0 -0.5099999904632568 -0.4699999988079071 0.0 0.0 -0.5099999904632568 -0.4699999988079071 0.0 0.0 -0.5099999904632568 -0.4699999988079071 0.0 0.0 -0.5099999904632568 -0.4699999988079071 0.0 0.0 -0.4699999988079071 0.0
1000 0.0 -0.5099999904632568 -0.28999999165534973 0.0 0.0 -0.5099999904632568 -0.4699999988079071 -0.019999999552965164 0.0 -0.5099999904632568 -0.4699999988079071 0.0 0.0 -0.5099999904632568 -0.4699999988079071 -0.019999999552965164 0.0 -0.5099999904632568 -0.4699999988079071 0.0 0.0 -0.5099999904632568 -0.4699999988079071 0.0 0.0 -0.5099999904632568 -0.4699999988079071 0.0 0.0 -0.5099999904632568 -0.4699999988079071 -0.019999999552965164 0.0 -0.5099999904632568 -0.4699999988079071 0.0
1001 0.0 0.0 -0.5099999904632568 -0.4699999988079071 -0.019999999552965164 0.0 -0.5099999904632568 -0.4699999988079071 0.0 0.0 -0.5099999904632568 -0.4699999988079071 -0.019999999552965164 0.0 -0.5099999904632568 -0.4699999988079071 0.0 0.0 -0.5099999904632568 -0.4699999988079071 0.0 0.0 -0.5099999904632568 -0.4699999988079071 0.0 0.0 -0.5099999904632568 -0.4699999988079071 -0.019999999552965164 0.0 -0.5099999904632568 -0.4699999988079071 0.0 0.0 -0.5099999904632568 -0.4699999988079071 0.0 0.0 -0.4699999988079071 0.0 -0.4699999988079071 -0.019999999552965164 -0.5099999904632568 -0.4699999988079071 0.0 0.0 -0.5099999904632568 -0.28999999165534973 0.0 0.0 -0.5099999904632568 -0.4699999988079071 0.0 0.0 -0.5099999904632568 -0.28999999165534973 0.0
1002 -0.019999999552965164 0.0 -0.5099999904632568 -0.4699999988079071 0.0 0.0 -0.5099999904632568 -0.4699999988079071 -0.019999999552965164 0.0 -0.5099999904632568 -0.4699999988079071 0.0 0.0 -0.5099999904632568 -0.4699999988079071 0.0 0.0 -0.5099999904632568 -0.4699999988079071 0.0 0.0 -0.5099999904632568 -0.4699999988079071 -0.019999999552965164 0.0 -0.5099999904632568 -0.4699999988079071 0.0 0.0 -0.5099999904632568 -0.4699999988079071 0.0 0.0 -0.5099999904632568 -0.4699999988079071 0.0 0.0 -0.4699999988079071 -0.019999999552965164
1003 -0.5099999904632568 -0.4699999988079071 0.0 0.0 -0.5099999904632568 -0.4699999988079071 -0.019999999552965164 0.0 -0.5099999904632568 -0.4699999988079071 0.0 0.0 -0.5099999904632568 -0.4699999988079071 0.0 0.0 -0.5099999904632568 -0.4699999988079071 0.0 0.0 -0.5099999904632568 -0.4699999988079071 -0.019999999552965164 0.0 -0.5099999904632568 -0.4699999988079071 0.0 0.0 -0.5099999904632568 -0.4699999988079071 0.0 0.0 -0.5099999904632568 -0.4699999988079071 0.0 0.0 -0.5099999904632568 -0.4699999988079071 -0.019999999552965164 0.0 -0.5099999904632568 -0.4699999988079071 0.0
1004 0.0 -0.5099999904632568 -0.4699999988079071 -0.019999999552965164 0.0 -0.5099999904632568 -0.4699999988079071 0.0 0.0 -0.5099999904632568 -0.4699999988079071 0.0 0.0 -0.5099999904632568 -0.4699999988079071 0.0 0.0 -0.5099999904632568 -0.4699999988079071 -0.019999999552965164 0.0 -0.5099999904632568 -0.4699999988079071 0.0 0.0 -0.5099999904632568 -0.4699999988079071 0.0 0.0 -0.5099999904632568 -0.4699999988079071 0.0 0.0 -0.5099999904632568 -0.4699999988079071 -0.019999999552965164 0.0 -0.5099999904632568 -0.4699999988079071 0.0 0.0 -0.5099999904632568 -0.4699999988079071 0.0 0.0 -0.5099999904632568 -0.4699999988079071 0.0 0.0 -0.5099999904632568 -0.4699999988079071 -0.019999999552965164
1005 -0.4699999988079071 -0.019999999552965164 0.0 -0.5099999904632568 -0.4699999988079071 0.0 0.0 -0.5099999904632568 -0.4699999988079071 0.0 0.0 -0.5099999904632568 -0.4699999988079071 0.0 0.0 -0.5099999904632568 -0.4699999988079071 -0.019999999552965164 0.0 -0.5099999904632568 -0.4699999988079071 0.0 0.0 -0.5099999904632568 -0.4699999988079071 0.0 0.0 -0.5099999904632568 -0.4699999988079071 0.0 0.0 -0.5099999904632568 -0.4699999988079071 -0.019999999552965164 0.0 -0.5099999904632568 -0.4699999988079071 0.0 0.0 -0.5099999904632568 -0.4699999988079071 0.0 0.0 -0.5099999904632568 -0.4699999988079071 0.0 0.0 -0.5099999904632568 -0.4699999988079071 -0.019999999552965164 0.0 -0.4699999988079071
1006 0.0 0.0 -0.5099999904632568 -0.4699999988079071 0.0 0.0 -0.5099999904632568 -0.4699999988079071 0.0 0.0 -0.5099999904632568 -0.4699999988079071 -0.019999999552965164 0.0 -0.5099999904632568 -0.4699999988079071 0.0 0.0 -0.5099999904632568 -0.4699999988079071 0.0 0.0 -0.5099999904632568 -0.4699999988079071 0.0 0.0 -0.5099999904632568 -0.4699999988079071 -0.019999999552965164 0.0 -0.5099999904632568 -0.4699999988079071 0.0 0.0 -0.5099999904632568 -0.4699999988079071 0.0 0.0 -0.5099999904632568 -0.4699999988079071 0.0 0.0 -0.5099999904632568 -0.4699999988079071 -0.019999999552965164 0.0 -0.4699999988079071
1007 0.0 0.0 -0.5099999904632568 -0.4699999988079071 0.0 0.0 -0.5099999904632568 -0.4699999988079071 0.0 0.0 -0.5099999904632568 -0.4699999988079071 -0.019999999552965164 0.0 -0.5099999904632568 -0.4699999988079071 0.0 0.0 -0.5099999904632568 -0.4699999988079071 0.0 0.0 -0.5099999904632568 -0.4699999988079071 0.0 0.0 -0.5099999904632568 -0.4699999988079071 -0.019999999552965164 0.0 -0.5099999904632568 -0.4699999988079071 0.0 0.0 -0.5099999904632568 -0.4699999988079071 0.0 0.0 -0.5099999904632568 -0.4699999988079071 0.0 0.0 -0.5099999904632568 -0.4699999988079071 -0.019999999552965164 0.0 -0.5099999904632568 -0.4699999988079071 0.0 0.0 -0.5099999904632568 -0.4699999988079071 0.0 0.0 -0.4699999988079071 0.0
1008 0.0 -0.5099999904632568 0.0 0.0 -0.5099999904632568 -0.4699999988079071 0.0 0.0 -0.5099999904632568 -0.4699999988079071 -0.019999999552965164 0.0 -0.5099999904632568 -0.4699999988079071 0.0 0.0 -0.5099999904632568 -0.4699999988079071 0.0 0.0 -0.5099999904632568 -0.4699999988079071 0.0 0.0 -0.5099999904632568 -0.4699999988079071 -0.019999999552965164 0.0 -0.5099999904632568 -0.4699999988079071 0.0 0.0 -0.5099999904632568 -0.4699999988079071 0.0 0.0 -0.5099999904632568 -0.4699999988079071 0.0 0.0 -0.5099999904632568 -0.4699999988079071 -0.019999999552965164 0.0 -0.5099999904632568 -0.4699999988079071 0.0 0.0 -0.5099999904632568 -0.4699999988079071 0.0 0.0 -0.5099999904632568 -0.4699999988079071 0.0 0.0 -0.5099999904632568 -0.4699999988079071 0.0
1009 -0.5099999904632568 0.0 0.0 -0.5099999904632568 -0.4699999988079071 -0.019999999552965164 0.0 -0.5099999904632568 -0.4699999988079071 0.0 0.0 -0.5099999904632568 -0.4699999988079071 0.0 0.0 -0.5099999904632568 -0.4699999988079071 0.0 0.0 -0.5099999904632568 -0.4699999988079071 -0.019999999552965164 0.0 -0.5099999904632568 -0.4699999988079071 0.0 0.0 -0.5099999904632568 -0.4699999988079071 0.0 0.0 -0.5099999904632568 -0.4699999988079071 0.0 0.0 -0.5099999904632568 -0.4699999988079071 -0.019999999552965164 0.0 -0.5099999904632568 -0.4699999988079071 0.0 0.0 -0.5099999904632568 -0.4699999988079071 0.0 0.0 -0.5099999904632568 -0.4699999988079071 0.0 0.0 -0.4699999988079071 0.0 0.0 -0.4699999988079071
101 -0.5099999904632568 0.0 0.0 -0.5099999904632568 -0.4699999988079071 0.0 0.0 -0.5099999904632568 -0.4699999988079071 0.0 0.0 -0.5099999904632568 -0.4699999988079071 0.0 0.0 -0.5099999904632568 -0.4699999988079071 0.0 0.0 -0.5099999904632568 -0.4699999988079071 0.0 0.0 -0.5099999904632568 -0.4699999988079071 0.0 0.0 -0.5099999904632568 -0.4699999988079071 0.0 0.0 -0.5099999904632568 -0.4699999988079071 0.0 0.0 -0.5099999904632568 -0.4699999988079071 0.0 0.0 -0.5099999904632568 -0.4699999988079071 0.0 0.0 -0.5099999904632568 -0.4699999988079071 0.0 0.0 -0.5099999904632568 -0.4699999988079071 0.0 0.0 -0.5099999904632568 -0.4699999988079071 0.0 0.0 -0.5099999904632568 -0.4699999988079071 0.0 0.0 -0.5099999904632568 -0.4699999988079071 0.0 0.0 -0.4699999988079071 0.0
1010 -0.5099999904632568 -0.019999999552965164 0.0 -0.5099999904632568 -0.4699999988079071 0.0 0.0 -0.5099999904632568 -0.4699999988079071 0.0 0.0 -0.5099999904632568 -0.4699999988079071 0.0 0.0 -0.5099999904632568 -0.4699999988079071 -0.019999999552965164 0.0 -0.5099999904632568 -0.4699999988079071 0.0 0.0 -0.5099999904632568 -0.4699999988079071 0.0 0.0 -0.5099999904632568 -0.4699999988079071 0.0 0.0 -0.5099999904632568 -0.4699999988079071 -0.019999999552965164 0.0 -0.5099999904632568 -0.4699999988079071 0.0 0.0 -0.5099999904632568 -0.4699999988079071 0.0 0.0 -0.5099999904632568 -0.4699999988079071 0.0 0.0 -0.5099999904632568 -0.4699999988079071 0.0 0.0 -0.5099999904632568 -0.4699999988079071 0.0 0.0 -0.4699999988079071
1011 0.0 -0.5099999904632568 -0.4699999988079071 -0.019999999552965164 0.0 -0.5099999904632568 -0.4699999988079071 0.0 0.0 -0.5099999904632568 -0.4699999988079071 0.0 0.0 -0.5099999904632568 -0.4699999988079071 0.0 0.0 -0.5099999904632568 -0.4699999988079071 -0.019999999552965164 0.0 -0.5099999904632568 -0.4699999988079071 0.0 0.0 -0.5099999904632568 -0.4699999988079071 0.0 0.0 -0.5099999904632568 -0.4699999988079071 0.0 0.0 -0.5099999904632568 -0.4699999988079071 -0.019999999552965164 0.0 -0.5099999904632568 -0.4699999988079071 0.0 0.0 -0.5099999904632568 -0.4699999988079071 0.0 0.0 -0.5099999904632568 -0.4699999988079071 0.0 0.0 -0.5099999904632568 -0.4699999988079071 0.0 0.0 -0.5099999904632568 -0.4699999988079071 0.0 0.0 -0.5099999904632568 -0.4699999988079071 0.0 0.0 -0.4699999988079071 0.0
1012 0.0 -0.5099999904632568 -0.4699999988079071 0.0 0.0 -0.5099999904632568 -0.4699999988079071 0.0 0.0 -0.5099999904632568 -0.4699999988079071 0.0 0.0 -0.5099999904632568 -0.4699999988079071 -0.019999999552965164 0.0 -0.5099999904632568 -0.4699999988079071 0.0 0.0 -0.5099999904632568 -0.4699999988079071 0.0 0.0 -0.5099999904632568 -0.4699999988079071 0.0 0.0 -0.5099999904632568 -0.4699999988079071 -0.019999999552965164 0.0 -0.5099999904632568 -0.4699999988079071 0.0 0.0 -0.5099999904632568 -0.4699999988079071 0.0 0.0 -0.5099999904632568 -0.4699999988079071 0.0 0.0 -0.5099999904632568 -0.4699999988079071 0.0 0.0 -0.5099999904632568 -0.4699999988079071 0.0 0.0 -0.5099999904632568 -0.4699999988079071 0.0 0.0 -0.5099999904632568 -0.4699999988079071 0.0 0.0 -0.4699999988079071 0.0
1013 -0.5099999904632568 0.0 -0.5099999904632568 -0.4699999988079071 0.0 0.0 -0.5099999904632568 -0.4699999988079071 -0.019999999552965164 0.0 -0.5099999904632568 -0.4699999988079071 0.0 0.0 -0.5099999904632568 -0.4699999988079071 0.0 0.0 -0.5099999904632568 -0.4699999988079071 0.0 0.0 -0.5099999904632568 -0.4699999988079071 -0.019999999552965164 0.0 -0.5099999904632568 -0.4699999988079071 0.0 0.0 -0.5099999904632568 -0.4699999988079071 0.0 0.0 -0.5099999904632568 -0.4699999988079071 0.0 0.0 -0.5099999904632568 -0.4699999988079071 0.0 0.0 -0.5099999904632568 -0.4699999988079071 0.0 0.0 -0.5099999904632568 -0.4699999988079071 0.0 0.0 -0.5099999904632568 -0.4699999988079071 0.0 0.0 -0.5099999904632568 -0.4699999988079071 0.0 0.0 -0.4699999988079071 0.0
1014 -0.5099999904632568 0.0 0.0 -0.5099999904632568 -0.4699999988079071 -0.019999999552965164 0.0 -0.5099999904632568 -0.4699999988079071 0.0 0.0 -0.5099999904632568 -0.4699999988079071 0.0 0.0 -0.5099999904632568 -0.4699999988079071 0.0 0.0 -0.5099999904632568 -0.4699999988079071 -0.019999999552965164 0.0 -0.5099999904632568 -0.4699999988079071 0.0 0.0 -0.5099999904632568 -0.4699999988079071 0.0 0.0 -0.5099999904632568 -0.4699999988079071 0.0 0.0 -0.5099999904632568 -0.4699999988079071 0.0 0.0 -0.5099999904632568 -0.4699999988079071 0.0 0.0 -0.5099999904632568 -0.4699999988079071 0.0 0.0 -0.5099999904632568 -0.4699999988079071 0.0 0.0 -0.5099999904632568 -0.4699999988079071 0.0 0.0 -0.5099999904632568 -0.4699999988079071 0.0 0.0 -0.4699999988079071 0.0
1015 0.0 0.0 -0.5099999904632568 -0.4699999988079071 -0.019999999552965164 0.0 -0.5099999904632568 -0.4699999988079071 0.0 0.0 -0.5099999904632568 -0.4699999988079071 0.0 0.0 -0.5099999904632568 -0.4699999988079071 0.0 0.0 -0.5099999904632568 -0.4699999988079071 -0.019999999552965164 0.0 -0.5099999904632568 -0.4699999988079071 0.0 0.0 -0.5099999904632568 -0.4699999988079071 0.0 0.0 -0.5099999904632568 -0.4699999988079071 0.0 0.0 -0.5099999904632568 -0.4699999988079071 0.0 0.0 -0.5099999904632568 -0.4699999988079071 0.0 0.0 -0.5099999904632568 -0.4699999988079071 0.0 0.0 -0.5099999904632568 -0.4699999988079071 0.0 0.0 -0.5099999904632568 -0.4699999988079071 0.0 0.0 -0.5099999904632568 -0.4699999988079071 0.0 0.0 -0.5099999904632568 -0.4699999988079071 0.0 0.0 -0.4699999988079071 0.0
1016 -0.5099999904632568 -0.019999999552965164 0.0 -0.5099999904632568 -0.4699999988079071 0.0 0.0 -0.5099999904632568 -0.4699999988079071 0.0 0.0 -0.5099999904632568 -0.4699999988079071 0.0 0.0 -0.5099999904632568 -0.4699999988079071 -0.019999999552965164 0.0 -0.5099999904632568 -0.4699999988079071 0.0 0.0 -0.5099999904632568 -0.4699999988079071 0.0 0.0 -0.5099999904632568 -0.4699999988079071 0.0 0.0 -0.5099999904632568 -0.4699999988079071 0.0 0.0 -0.5099999904632568 -0.4699999988079071 0.0 0.0 -0.5099999904632568 -0.4699999988079071 0.0 0.0 -0.5099999904632568 -0.4699999988079071 0.0 0.0 -0.5099999904632568 -0.4699999988079071 0.0 0.0 -0.5099999904632568 -0.4699999988079071 0.0 0.0 -0.5099999904632568 -0.4699999988079071 0.0 0.0 -0.5099999904632568 -0.4699999988079071 0.0 0.0 -0.4699999988079071 0.0
1017 -0.5099999904632568 0.0 -0.5099999904632568 -0.4699999988079071 0.0 0.0 -0.5099999904632568 -0.4699999988079071 0.0 0.0 -0.5099999904632568 -0.4699999988079071 -0.019999999552965164 0.0 -0.5099999904632568 -0.4699999988079071 0.0 0.0 -0.5099999904632568 -0.4699999988079071 0.0 0.0 -0.5099999904632568 -0.4699999988079071 0.0 0.0 -0.5099999904632568 -0.4699999988079071 0.0 0.0 -0.5099999904632568 -0.4699999988079071 0.0 0.0 -0.5099999904632568 -0.4699999988079071 0.0 0.0 -0.5099999904632568 -0.4699999988079071 0.0 0.0 -0.5099999904632568 -0.4699999988079071 0.0 0.0 -0.5099999904632568 -0.4699999988079071 0.0 0.0 -0.5099999904632568 -0.4699999988079071 0.0 0.0 -0.5099999904632568 -0.4699999988079071 0.0 0.0 -0.5099999904632568 -0.4699999988079071 0.0 0.0 -0.4699999988079071 0.0
1018 -0.5099999904632568 0.0 -0.4699999988079071 0.0 0.0 -0.5099999904632568 -0.4699999988079071 0.0 0.0 -0.5099999904632568 -0.4699999988079071 -0.019999999552965164 0.0 -0.5099999904632568 -0.4699999988079071 0.0 0.0 -0.5099999904632568 -0.4699999988079071 0.0 0.0 -0.5099999904632568 -0.4699999988079071 0.0 0.0 -0.5099999904632568 -0.4699999988079071 0.0 0.0 -0.5099999904632568 -0.4699999988079071 0.0 0.0 -0.5099999904632568 -0.4699999988079071 0.0 0.0 -0.5099999904632568 -0.4699999988079071 0.0 0.0 -0.5099999904632568 -0.4699999988079071 0.0 0.0 -0.5099999904632568 -0.4699999988079071 0.0 0.0 -0.5099999904632568 -0.4699999988079071 0.0 0.0 -0.5099999904632568 -0.4699999988079071 0.0 0.0 -0.5099999904632568 -0.4699999988079071 0.0 0.0 -0.5099999904632568 -0.4699999988079071 0.0 0.0 -0.5099999904632568 -0.4699999988079071 -0.019999999552965164 0.0 -0.4699999988079071 0.0 0.0 -0.5099999904632568 -0.4699999988079071 0.0 0.0 -0.4699999988079071 0.0
1019 0.0 0.0 -0.5099999904632568 -0.4699999988079071 -0.019999999552965164 0.0 -0.5099999904632568 -0.4699999988079071 0.0 0.0 -0.5099999904632568 -0.4699999988079071 0.0 0.0 -0.5099999904632568 -0.4699999988079071 0.0 0.0 -0.5099999904632568 -0.4699999988079071 0.0 0.0 -0.5099999904632568 -0.4699999988079071 0.0 0.0 -0.5099999904632568 -0.4699999988079071 0.0 0.0 -0.5099999904632568 -0.4699999988079071 0.0 0.0 -0.5099999904632568 -0.4699999988079071 0.0 0.0 -0.5099999904632568 -0.4699999988079071 0.0 0.0 -0.5099999904632568 -0.4699999988079071 0.0 0.0 -0.5099999904632568 -0.4699999988079071 0.0 0.0 -0.5099999904632568 -0.4699999988079071 0.0 0.0 -0.5099999904632568 -0.4699999988079071 0.0 0.0 -0.5099999904632568 -0.4699999988079071 -0.019999999552965164 0.0 -0.5099999904632568 -0.4699999988079071 0.0 0.0 -0.5099999904632568 -0.4699999988079071 0.0 0.0 -0.5099999904632568 -0.4699999988079071 0.0 0.0 -0.5099999904632568 0.0
102 -0.5099999904632568 0.0 0.0 -0.5099999904632568 -0.4699999988079071 0.0 0.0 -0.5099999904632568 -0.4699999988079071 0.0 0.0 -0.5099999904632568 -0.4699999988079071 0.0 0.0 -0.5099999904632568 -0.4699999988079071 0.0 0.0 -0.5099999904632568 -0.4699999988079071 0.0 0.0 -0.5099999904632568 -0.4699999988079071 0.0 0.0 -0.5099999904632568 -0.4699999988079071 0.0 0.0 -0.5099999904632568 -0.4699999988079071 0.0 0.0 -0.5099999904632568 -0.4699999988079071 0.0 0.0 -0.5099999904632568 -0.4699999988079071 0.0 0.0 -0.5099999904632568 -0.4699999988079071 0.0 0.0 -0.5099999904632568 -0.4699999988079071 0.0 0.0 -0.5099999904632568 -0.4699999988079071 0.0 0.0 -0.5099999904632568 -0.4699999988079071 0.0 0.0 -0.5099999904632568 -0.4699999988079071 0.0 0.0 -0.5099999904632568 -0.4699999988079071 0.0
1020 -0.5099999904632568 0.0 -0.5099999904632568 -0.4699999988079071 0.0 0.0 -0.5099999904632568 -0.4699999988079071 0.0 0.0 -0.5099999904632568 -0.4699999988079071 0.0 0.0 -0.5099999904632568 -0.4699999988079071 0.0 0.0 -0.5099999904632568 -0.4699999988079071 0.0 0.0 -0.5099999904632568 -0.4699999988079071 0.0 0.0 -0.5099999904632568 -0.4699999988079071 0.0 0.0 -0.5099999904632568 -0.4699999988079071 0.0 0.0 -0.5099999904632568 -0.4699999988079071 0.0 0.0 -0.5099999904632568 -0.4699999988079071 0.0 0.0 -0.5099999904632568 -0.4699999988079071 0.0 0.0 -0.5099999904632568 -0.4699999988079071 0.0 0.0 -0.5099999904632568 -0.4699999988079071 0.0 0.0 -0.5099999904632568 -0.4699999988079071 -0.019999999552965164 0.0 -0.5099999904632568 -0.4699999988079071 0.0 0.0 -0.5099999904632568 -0.4699999988079071 0.0
1021 -0.5099999904632568 0.0 0.0 -0.5099999904632568 -0.4699999988079071 0.0 0.0 -0.5099999904632568 -0.4699999988079071 0.0 0.0 -0.5099999904632568 -0.4699999988079071 0.0 0.0 -0.5099999904632568 -0.4699999988079071 0.0 0.0 -0.5099999904632568 -0.4699999988079071 0.0 0.0 -0.5099999904632568 -0.4699999988079071 0.0 0.0 -0.5099999904632568 -0.4699999988079071 0.0 0.0 -0.5099999904632568 -0.4699999988079071 0.0 0.0 -0.5099999904632568 -0.4699999988079071 0.0 0.0 -0.5099999904632568 -0.4699999988079071 0.0 0.0 -0.5099999904632568 -0.4699999988079071 0.0 0.0 -0.5099999904632568 -0.4699999988079071 0.0 0.0 -0.5099999904632568 -0.4699999988079071 -0.019999999552965164 0.0 -0.5099999904632568 -0.4699999988079071 0.0 0.0 -0.5099999904632568 -0.4699999988079071 0.0 0.0 -0.4699999988079071
1022 -0.5099999904632568 0.0 -0.5099999904632568 -0.4699999988079071 0.0 0.0 -0.5099999904632568 -0.4699999988079071 0.0 0.0 -0.5099999904632568 -0.4699999988079071 0.0 0.0 -0.5099999904632568 -0.4699999988079071 0.0 0.0 -0.5099999904632568 -0.4699999988079071 0.0 0.0 -0.5099999904632568 -0.4699999988079071 0.0 0.0 -0.5099999904632568 -0.4699999988079071 0.0 0.0 -0.5099999904632568 -0.4699999988079071 0.0 0.0 -0.5099999904632568 -0.4699999988079071 0.0 0.0 -0.5099999904632568 -0.4699999988079071 0.0 0.0 -0.5099999904632568 -0.4699999988079071 0.0 0.0 -0.5099999904632568 -0.4699999988079071 -0.019999999552965164 0.0 -0.5099999904632568 -0.4699999988079071 0.0 0.0 -0.5099999904632568 -0.4699999988079071 0.0 0.0 -0.5099999904632568 -0.4699999988079071 0.0 0.0 -0.5099999904632568 -0.28999999165534973 0.0 0.0 -0.5099999904632568
1023 0.0 0.0 -0.5099999904632568 0.0 -0.5099999904632568 0.0 -0.5099999904632568 -0.4699999988079071 0.0 0.0 -0.5099999904632568 -0.4699999988079071 0.0 0.0 -0.5099999904632568 -0.4699999988079071 0.0 0.0 -0.5099999904632568 -0.4699999988079071 0.0 0.0 -0.5099999904632568 -0.4699999988079071 0.0 0.0 -0.5099999904632568 -0.4699999988079071 0.0 0.0 -0.5099999904632568 -0.4699999988079071 0.0 0.0 -0.5099999904632568 -0.4699999988079071 0.0 0.0 -0.5099999904632568 -0.4699999988079071 0.0 0.0 -0.5099999904632568 -0.4699999988079071 0.0 0.0 -0.5099999904632568 -0.4699999988079071 0.0 0.0 -0.5099999904632568 -0.4699999988079071 -0.019999999552965164 0.0 -0.5099999904632568 -0.4699999988079071 0.0 0.0 -0.5099999904632568 -0.4699999988079071 0.0 0.0 -0.5099999904632568 -0.4699999988079071 0.0 0.0 -0.5099999904632568 -0.28999999165534973 0.0
1024 -0.5099999904632568 0.0 -0.5099999904632568 -0.4699999988079071 0.0 0.0 -0.5099999904632568 -0.4699999988079071 0.0 0.0 -0.5099999904632568 -0.4699999988079071 0.0 0.0 -0.5099999904632568 -0.4699999988079071 0.0 0.0 -0.5099999904632568 -0.4699999988079071 0.0 0.0 -0.5099999904632568 -0.4699999988079071 0.0 0.0 -0.5099999904632568 -0.4699999988079071 0.0 0.0 -0.5099999904632568 -0.4699999988079071 0.0 0.0 -0.5099999904632568 -0.4699999988079071 0.0 0.0 -0.5099999904632568 -0.4699999988079071 -0.019999999552965164 0.0 -0.5099999904632568 -0.4699999988079071 0.0 0.0 -0.5099999904632568 -0.4699999988079071 0.0 0.0 -0.4699999988079071
1025 0.0 -0.5099999904632568 -0.4699999988079071 0.0 0.0 -0.4699999988079071 -0.5099999904632568 0.0 -0.5099999904632568 -0.4699999988079071 0.0 0.0 -0.5099999904632568 -0.4699999988079071 0.0 0.0 -0.5099999904632568 -0.4699999988079071 0.0 0.0 -0.5099999904632568 -0.4699999988079071 0.0 0.0 -0.5099999904632568 -0.4699999988079071 0.0 0.0 -0.5099999904632568 -0.4699999988079071 0.0 0.0 -0.5099999904632568 -0.4699999988079071 0.0 0.0 -0.5099999904632568 -0.4699999988079071 0.0 0.0 -0.5099999904632568 -0.4699999988079071 -0.019999999552965164 0.0 -0.5099999904632568 -0.4699999988079071 0.0 0.0 -0.5099999904632568 -0.4699999988079071 0.0 0.0 -0.5099999904632568 -0.4699999988079071
1026 -0.5099999904632568 0.0 -0.5099999904632568 -0.4699999988079071 0.0 0.0 -0.5099999904632568 -0.4699999988079071 0.0 0.0 -0.5099999904632568 -0.4699999988079071 0.0 0.0 -0.5099999904632568 -0.4699999988079071 0.0 0.0 -0.5099999904632568 -0.4699999988079071 0.0 0.0 -0.5099999904632568 -0.4699999988079071 0.0 0.0 -0.5099999904632568 -0.4699999988079071 0.0 0.0 -0.5099999904632568 -0.4699999988079071 -0.019999999552965164 0.0 -0.5099999904632568 -0.4699999988079071 0.0 0.0 -0.5099999904632568 -0.4699999988079071 0.0 0.0 -0.5099999904632568 -0.4699999988079071 0.0 0.0 -0.5099999904632568 -0.28999999165534973 0.0
1027 -0.5099999904632568 0.0 0.0 -0.4699999988079071 0.0 0.0 -0.5099999904632568 -0.4699999988079071 0.0 0.0 -0.5099999904632568 -0.4699999988079071 0.0 0.0 -0.5099999904632568 -0.5099999904632568 -0.4699999988079071 0.0 0.0 -0.5099999904632568 -0.4699999988079071 0.0 0.0 -0.5099999904632568 -0.4699999988079071 0.0 0.0 -0.5099999904632568 -0.4699999988079071 0.0 0.0 -0.5099999904632568 -0.4699999988079071 0.0 0.0 -0.5099999904632568 -0.4699999988079071 0.0 0.0 -0.5099999904632568 -0.4699999988079071 0.0 0.0 -0.5099999904632568 -0.4699999988079071 0.0 0.0 -0.5099999904632568 -0.4699999988079071 -0.019999999552965164 0.0 -0.5099999904632568 -0.4699999988079071 0.0 0.0 -0.5099999904632568 -0.4699999988079071 0.0 0.0 -0.5099999904632568 -0.4699999988079071 0.0 0.0 -0.5099999904632568 -0.28999999165534973 0.0 0.0 -0.5099999904632568 -0.28999999165534973
1028 0.0 -0.5099999904632568 -0.4699999988079071 0.0 0.0 -0.5099999904632568 -0.4699999988079071 0.0 0.0 -0.5099999904632568 -0.4699999988079071 0.0 0.0 -0.5099999904632568 -0.4699999988079071 0.0 0.0 -0.5099999904632568 -0.4699999988079071 0.0 0.0 -0.5099999904632568 -0.4699999988079071 0.0 0.0 -0.5099999904632568 -0.4699999988079071 0.0 0.0 -0.5099999904632568 -0.4699999988079071 -0.019999999552965164 0.0 -0.5099999904632568 -0.4699999988079071 0.0 0.0 -0.5099999904632568 -0.4699999988079071 0.0 0.0 -0.5099999904632568 -0.4699999988079071 0.0 0.0 -0.5099999904632568 -0.28999999165534973 0.0 0.0 -0.5099999904632568 -0.28999999165534973 0.0 0.0 -0.5099999904632568 -0.4699999988079071
1029 0.0 0.0 -0.5099999904632568 -0.4699999988079071 0.0 0.0 -0.5099999904632568 -0.4699999988079071 0.0 0.0 -0.5099999904632568 -0.4699999988079071 -0.5099999904632568 0.0 -0.5099999904632568 -0.4699999988079071 0.0 0.0 -0.5099999904632568 -0.4699999988079071 0.0 0.0 -0.5099999904632568 -0.4699999988079071 -0.4699999988079071 0.0 0.0 -0.5099999904632568 -0.4699999988079071 -0.019999999552965164 0.0 -0.5099999904632568 -0.4699999988079071 0.0 0.0 -0.5099999904632568 -0.4699999988079071 0.0 0.0 -0.5099999904632568 -0.4699999988079071 0.0 0.0 -0.5099999904632568 -0.28999999165534973 0.0 0.0 -0.5099999904632568 -0.28999999165534973 0.0 0.0 -0.5099999904632568 -0.4699999988079071 0.0 0.0 -0.5099999904632568 -0.4699999988079071 0.0 0.0 -0.5099999904632568 -0.4699999988079071 0.0
103 -0.5099999904632568 0.0 -0.5099999904632568 -0.4699999988079071 0.0 0.0 -0.5099999904632568 -0.4699999988079071 0.0 0.0 -0.5099999904632568 -0.4699999988079071 0.0 0.0 -0.5099999904632568 -0.4699999988079071 0.0 0.0 -0.5099999904632568 -0.4699999988079071 0.0 0.0 -0.5099999904632568 -0.4699999988079071 0.0 0.0 -0.5099999904632568 -0.4699999988079071 0.0 0.0 -0.5099999904632568 -0.4699999988079071 0.0 0.0 -0.5099999904632568 -0.4699999988079071 0.0 0.0 -0.5099999904632568 -0.4699999988079071 0.0 0.0 -0.5099999904632568 -0.4699999988079071 0.0 0.0 -0.5099999904632568 -0.4699999988079071 0.0 0.0 -0.5099999904632568 -0.4699999988079071 0.0 0.0 -0.5099999904632568 -0.4699999988079071 0.0 0.0 -0.5099999904632568 -0.4699999988079071 0.0 0.0 -0.4699999988079071 -0.5099999904632568
1030 0.0 -0.5099999904632568 -0.4699999988079071 0.0 0.0 -0.5099999904632568 -0.4699999988079071 0.0 0.0 -0.5099999904632568 -0.4699999988079071 0.0 0.0 -0.5099999904632568 -0.28999999165534973 0.0 0.0 -0.5099999904632568 -0.28999999165534973 0.0 0.0 -0.5099999904632568 -0.4699999988079071 0.0 0.0 -0.5099999904632568 -0.4699999988079071 0.0 0.0 -0.5099999904632568 -0.4699999988079071 0.0 0.0 -0.5099999904632568 -0.4699999988079071
1031 0.0 -0.5099999904632568 -0.4699999988079071 0.0 0.0 -0.5099999904632568 -0.4699999988079071 0.0 0.0 -0.5099999904632568 -0.28999999165534973 0.0 0.0 -0.5099999904632568 -0.28999999165534973 0.0 0.0 -0.5099999904632568 -0.4699999988079071 0.0 0.0 -0.5099999904632568 -0.4699999988079071 0.0 0.0 -0.5099999904632568 -0.4699999988079071 0.0 0.0 -0.5099999904632568 -0.4699999988079071 0.0 0.0 -0.5099999904632568 -0.4699999988079071
1032 0.0 0.0 -0.5099999904632568 -0.4699999988079071 0.0 0.0 -0.5099999904632568 -0.28999999165534973 0.0 0.0 -0.5099999904632568 -0.28999999165534973 0.0 0.0 -0.5099999904632568 -0.4699999988079071 0.0 0.0 -0.5099999904632568 -0.4699999988079071 0.0 0.0 -0.5099999904632568 -0.4699999988079071 0.0 0.0 -0.5099999904632568 -0.4699999988079071 0.0 0.0 -0.5099999904632568 -0.4699999988079071 0.0 0.0 -0.5099999904632568
1033 0.0 -0.5099999904632568 -0.4699999988079071 0.0 0.0 -0.5099999904632568 -0.28999999165534973 0.0 0.0 -0.5099999904632568 -0.28999999165534973 0.0 0.0 -0.5099999904632568 -0.4699999988079071 0.0 0.0 -0.5099999904632568 -0.4699999988079071 0.0 0.0 -0.5099999904632568 -0.4699999988079071 0.0 0.0 -0.5099999904632568 -0.4699999988079071 0.0 0.0 -0.5099999904632568 -0.4699999988079071 0.0 0.0 -0.5099999904632568 -0.28999999165534973 0.0
1034 -0.019999999552965164 0.0 -0.5099999904632568 0.0 -0.5099999904632568 -0.4699999988079071 -0.019999999552965164 0.0 -0.5099999904632568 -0.4699999988079071 0.0 0.0 -0.5099999904632568 -0.4699999988079071 0.0 0.0 -0.5099999904632568 0.0 -0.4699999988079071 0.0 0.0 -0.5099999904632568 0.0 -0.4699999988079071 0.0 0.0 -0.5099999904632568 -0.28999999165534973 0.0 0.0 -0.5099999904632568 -0.28999999165534973 0.0 0.0 -0.5099999904632568 -0.4699999988079071 0.0 0.0 -0.5099999904632568 -0.4699999988079071 0.0 0.0 -0.5099999904632568 -0.4699999988079071 0.0 0.0 -0.5099999904632568 -0.4699999988079071 0.0 0.0 -0.5099999904632568 -0.4699999988079071 0.0 0.0 -0.5099999904632568 -0.28999999165534973 0.0 0.0 -0.5099999904632568 -0.4699999988079071
1035 0.0 -0.5099999904632568 -0.28999999165534973 0.0 0.0 -0.5099999904632568 -0.4699999988079071 0.0 0.0 -0.5099999904632568 -0.4699999988079071 0.0 0.0 -0.5099999904632568 -0.4699999988079071 0.0 0.0 -0.5099999904632568 -0.4699999988079071 0.0 0.0 -0.5099999904632568 -0.4699999988079071 0.0 0.0 -0.5099999904632568 -0.28999999165534973 0.0 0.0 -0.5099999904632568 -0.4699999988079071 0.0 0.0 -0.5099999904632568 -0.28999999165534973
1036 -0.5099999904632568 0.0 0.0 -0.5099999904632568 -0.4699999988079071 0.0 0.0 -0.5099999904632568 -0.4699999988079071 0.0 0.0 -0.5099999904632568 -0.4699999988079071 0.0 0.0 -0.5099999904632568 -0.4699999988079071 0.0 0.0 -0.5099999904632568 -0.28999999165534973 0.0 0.0 -0.5099999904632568 -0.4699999988079071 0.0 0.0 -0.5099999904632568 -0.28999999165534973 0.0 0.0 -0.5099999904632568 -0.4699999988079071
1037 0.0 -0.5099999904632568 -0.4699999988079071 0.0 -0.5099999904632568 0.0 0.0 -0.5099999904632568 -0.4699999988079071 0.0 0.0 -0.5099999904632568 -0.4699999988079071 0.0 0.0 -0.5099999904632568 -0.4699999988079071 0.0 0.0 -0.5099999904632568 -0.28999999165534973 0.0 0.0 -0.5099999904632568 -0.4699999988079071 0.0 0.0 -0.5099999904632568 -0.28999999165534973 0.0 0.0 -0.5099999904632568 -0.4699999988079071 0.0 0.0
1038 0.0 -0.5099999904632568 -0.4699999988079071 0.0 0.0 -0.5099999904632568 -0.4699999988079071 0.0 0.0 -0.5099999904632568 -0.28999999165534973 0.0 0.0 -0.5099999904632568 -0.4699999988079071 0.0 0.0 -0.5099999904632568 -0.28999999165534973 0.0 0.0 -0.5099999904632568 -0.4699999988079071 0.0 0.0 -0.5099999904632568 -0.4699999988079071 0.0 0.0 -0.5099999904632568
1039 -0.28999999165534973 0.0 0.0 -0.5099999904632568 -0.4699999988079071 -0.019999999552965164 -0.5099999904632568 -0.4699999988079071 0.0 0.0 -0.5099999904632568 -0.28999999165534973 0.0 0.0 -0.5099999904632568 -0.4699999988079071 0.0 0.0 -0.5099999904632568 -0.28999999165534973 0.0 0.0 -0.5099999904632568 -0.4699999988079071 0.0 0.0 -0.5099999904632568 -0.4699999988079071 0.0 0.0 -0.5099999904632568 -0.4699999988079071 -0.019999999552965164 0.0 -0.5099999904632568
104 -0.5099999904632568 0.0 -0.5099999904632568 -0.4699999988079071 0.0 0.0 -0.5099999904632568 -0.4699999988079071 0.0 0.0 -0.5099999904632568 -0.4699999988079071 0.0 0.0 -0.5099999904632568 -0.4699999988079071 0.0 0.0 -0.5099999904632568 -0.4699999988079071 0.0 0.0 -0.5099999904632568 -0.4699999988079071 0.0 0.0 -0.5099999904632568 -0.4699999988079071 0.0 0.0 -0.5099999904632568 -0.4699999988079071 0.0 0.0 -0.5099999904632568 -0.4699999988079071 0.0 0.0 -0.5099999904632568 -0.4699999988079071 0.0 0.0 -0.5099999904632568 -0.4699999988079071 0.0 0.0 -0.5099999904632568 -0.4699999988079071 0.0 0.0 -0.5099999904632568 -0.4699999988079071 0.0 0.0 -0.5099999904632568 -0.4699999988079071 0.0 0.0 -0.5099999904632568 -0.4699999988079071 0.0 -0.5099999904632568
1040 0.0 -0.5099999904632568 -0.28999999165534973 0.0 0.0 -0.5099999904632568 -0.4699999988079071 0.0 0.0 -0.5099999904632568 -0.28999999165534973 0.0 0.0 -0.5099999904632568 -0.4699999988079071 0.0 0.0 -0.5099999904632568 -0.4699999988079071 0.0 0.0 -0.5099999904632568 -0.4699999988079071 -0.019999999552965164 0.0 -0.5099999904632568 -0.4699999988079071 0.0 0.0 -0.5099999904632568 -0.4699999988079071
1041 -0.4699999988079071 0.0 0.0 -0.5099999904632568 -0.28999999165534973 0.0 0.0 -0.5099999904632568 -0.4699999988079071 0.0 0.0 -0.5099999904632568 -0.4699999988079071 0.0 0.0 -0.5099999904632568 -0.4699999988079071 -0.019999999552965164 0.0 -0.5099999904632568 -0.4699999988079071 0.0 0.0 -0.5099999904632568 -0.4699999988079071 0.0 0.0 -0.5099999904632568
1042 0.0 0.0 -0.5099999904632568 -0.4699999988079071 0.0 0.0 -0.5099999904632568 -0.4699999988079071 0.0 0.0 -0.5099999904632568 -0.4699999988079071 -0.019999999552965164 0.0 -0.5099999904632568 -0.4699999988079071 0.0 0.0 -0.5099999904632568 -0.4699999988079071 0.0 0.0 -0.5099999904632568 -0.4699999988079071 0.0 0.0 -0.5099999904632568
1043 -0.4699999988079071 0.0 0.0 -0.5099999904632568 -0.4699999988079071 0.0 0.0 -0.5099999904632568 -0.4699999988079071 -0.019999999552965164 0.0 -0.5099999904632568 -0.4699999988079071 0.0 0.0 -0.5099999904632568 -0.4699999988079071 0.0 0.0 -0.5099999904632568 -0.4699999988079071 0.0 0.0 -0.5099999904632568 -0.28999999165534973 0.0
1044 -0.4699999988079071 0.0 0.0 -0.5099999904632568 -0.4699999988079071 -0.019999999552965164 0.0 -0.5099999904632568 -0.4699999988079071 0.0 0.0 -0.5099999904632568 -0.4699999988079071 0.0 0.0 -0.5099999904632568 -0.4699999988079071 0.0 0.0 -0.5099999904632568 -0.28999999165534973 0.0 0.0 -0.5099999904632568 -0.4699999988079071 0.0 0.0 -0.5099999904632568
1045 -0.4699999988079071 -0.019999999552965164 0.0 -0.5099999904632568 -0.4699999988079071 0.0 0.0 -0.5099999904632568 -0.4699999988079071 0.0 0.0 -0.5099999904632568 -0.4699999988079071 0.0 0.0 -0.5099999904632568 -0.28999999165534973 0.0 0.0 -0.5099999904632568 -0.4699999988079071 0.0 0.0 -0.5099999904632568 -0.4699999988079071 0.0 0.0 -0.5099999904632568 -0.4699999988079071
1046 0.0 0.0 -0.5099999904632568 -0.4699999988079071 0.0 0.0 -0.5099999904632568 -0.4699999988079071 0.0 0.0 -0.5099999904632568 -0.28999999165534973 0.0 0.0 -0.5099999904632568 -0.4699999988079071 0.0 0.0 -0.5099999904632568 -0.4699999988079071 0.0 0.0 -0.5099999904632568 -0.4699999988079071 0.0 0.0 -0.5099999904632568
1047 -0.4699999988079071 0.0 0.0 -0.5099999904632568 -0.4699999988079071 0.0 0.0 -0.5099999904632568 -0.28999999165534973 0.0 0.0 -0.5099999904632568 -0.4699999988079071 0.0 0.0 -0.5099999904632568 -0.4699999988079071 0.0 0.0 -0.5099999904632568 -0.4699999988079071 0.0 0.0 -0.5099999904632568 -0.4699999988079071 0.0
1048 -0.4699999988079071 0.0 0.0 -0.5099999904632568 -0.28999999165534973 0.0 0.0 -0.5099999904632568 -0.4699999988079071 0.0 0.0 -0.5099999904632568 -0.4699999988079071 0.0 0.0 -0.5099999904632568 -0.4699999988079071 0.0 0.0 -0.5099999904632568 -0.4699999988079071 0.0 0.0 -0.5099999904632568 -0.28999999165534973 0.0 0.0
1049 0.0 0.0 -0.5099999904632568 -0.4699999988079071 0.0 0.0 -0.5099999904632568 -0.4699999988079071 0.0 0.0 -0.5099999904632568 -0.4699999988079071 0.0 0.0 -0.5099999904632568 -0.4699999988079071 0.0 0.0 -0.5099999904632568 -0.28999999165534973 0.0 0.0 -0.5099999904632568 -0.4699999988079071 0.0
105 -0.5099999904632568 0.0 0.0 -0.5099999904632568 -0.4699999988079071 0.0 0.0 -0.5099999904632568 -0.4699999988079071 0.0 0.0 -0.5099999904632568 -0.4699999988079071 0.0 0.0 -0.5099999904632568 -0.4699999988079071 0.0 0.0 -0.5099999904632568 -0.4699999988079071 0.0 0.0 -0.5099999904632568 -0.4699999988079071 0.0 0.0 -0.5099999904632568 -0.4699999988079071 0.0 0.0 -0.5099999904632568 -0.4699999988079071 0.0 0.0 -0.5099999904632568 -0.4699999988079071 0.0 0.0 -0.5099999904632568 -0.4699999988079071 0.0 0.0 -0.5099999904632568 -0.4699999988079071 0.0 0.0 -0.5099999904632568 -0.4699999988079071 0.0 0.0 -0.5099999904632568 -0.4699999988079071 0.0 0.0 -0.5099999904632568 -0.4699999988079071 0.0 0.0 -0.5099999904632568
1050 -0.4699999988079071 0.0 0.0 -0.5099999904632568 -0.4699999988079071 0.0 0.0 -0.5099999904632568 -0.4699999988079071 0.0 0.0 -0.5099999904632568 -0.4699999988079071 0.0 0.0 -0.5099999904632568 -0.28999999165534973 0.0 0.0 -0.5099999904632568 -0.4699999988079071 0.0 0.0 -0.5099999904632568 -0.4699999988079071 0.0 -0.5099999904632568
1051 0.0 0.0 -0.5099999904632568 -0.4699999988079071 0.0 0.0 -0.5099999904632568 -0.4699999988079071 0.0 0.0 -0.5099999904632568 -0.28999999165534973 0.0 0.0 -0.5099999904632568 -0.4699999988079071 0.0 0.0 -0.5099999904632568 -0.4699999988079071 0.0 0.0 -0.5099999904632568 -0.28999999165534973 0.0
1052 0.0 0.0 -0.5099999904632568 -0.4699999988079071 0.0 0.0 -0.5099999904632568 -0.28999999165534973 0.0 0.0 -0.5099999904632568 -0.4699999988079071 0.0 0.0 -0.5099999904632568 -0.4699999988079071 0.0 0.0 -0.5099999904632568 -0.28999999165534973 0.0 0.0 -0.5099999904632568 -0.4699999988079071 0.0 0.0 -0.5099999904632568
1053 -0.4699999988079071 0.0 0.0 -0.5099999904632568 -0.28999999165534973 0.0 0.0 -0.5099999904632568 -0.4699999988079071 0.0 0.0 -0.5099999904632568 -0.4699999988079071 0.0 0.0 -0.5099999904632568 -0.28999999165534973 0.0 0.0 -0.5099999904632568 -0.4699999988079071 0.0 0.0 -0.5099999904632568 -0.28999999165534973 0.0
1054 -0.28999999165534973 0.0 0.0 -0.5099999904632568 -0.4699999988079071 0.0 0.0 -0.5099999904632568 -0.4699999988079071 0.0 0.0 -0.5099999904632568 -0.28999999165534973 0.0 0.0 -0.5099999904632568 -0.4699999988079071 0.0 0.0 -0.5099999904632568 -0.28999999165534973 0.0 0.0 -0.5099999904632568 -0.4699999988079071 0.0
1055 -0.4699999988079071 0.0 0.0 -0.5099999904632568 -0.4699999988079071 0.0 0.0 -0.5099999904632568 -0.28999999165534973 0.0 0.0 -0.5099999904632568 -0.4699999988079071 0.0 0.0 -0.5099999904632568 -0.28999999165534973 0.0 0.0 -0.5099999904632568 -0.4699999988079071 0.0 0.0 -0.5099999904632568 -0.4699999988079071 0.0 -0.5099999904632568
1056 0.0 0.0 -0.5099999904632568 -0.28999999165534973 0.0 0.0 -0.5099999904632568 -0.4699999988079071 0.0 0.0 -0.5099999904632568 -0.28999999165534973 0.0 0.0 -0.5099999904632568 -0.4699999988079071 0.0 0.0 -0.5099999904632568 -0.4699999988079071 0.0 0.0 -0.5099999904632568 -0.4699999988079071 -0.019999999552965164
1057 0.0 0.0 -0.5099999904632568 -0.4699999988079071 0.0 0.0 -0.5099999904632568 -0.28999999165534973 0.0 0.0 -0.5099999904632568 -0.4699999988079071 0.0 0.0 -0.5099999904632568 -0.4699999988079071 0.0 0.0 -0.5099999904632568 -0.4699999988079071 -0.019999999552965164 0.0 -0.5099999904632568 -0.28999999165534973 0.0
1058 0.0 0.0 -0.5099999904632568 -0.28999999165534973 0.0 0.0 -0.5099999904632568 -0.4699999988079071 0.0 0.0 -0.5099999904632568 -0.4699999988079071 0.0 0.0 -0.5099999904632568 -0.4699999988079071 -0.019999999552965164 0.0 -0.5099999904632568 -0.28999999165534973 0.0 0.0 -0.5099999904632568 -0.4699999988079071 0.0
1059 0.0 0.0 -0.5099999904632568 -0.4699999988079071 0.0 0.0 -0.5099999904632568 -0.4699999988079071 0.0 0.0 -0.5099999904632568 -0.4699999988079071 -0.019999999552965164 0.0 -0.5099999904632568 -0.28999999165534973 0.0 0.0 -0.5099999904632568 -0.4699999988079071 0.0 0.0 -0.5099999904632568 -0.4699999988079071 0.0
106 -0.5099999904632568 0.0 0.0 -0.5099999904632568 -0.4699999988079071 0.0 0.0 -0.5099999904632568 -0.4699999988079071 0.0 0.0 -0.5099999904632568 -0.4699999988079071 0.0 0.0 -0.5099999904632568 -0.4699999988079071 0.0 0.0 -0.5099999904632568 -0.4699999988079071 0.0 0.0 -0.5099999904632568 -0.4699999988079071 0.0 0.0 -0.5099999904632568 -0.4699999988079071 0.0 0.0 -0.5099999904632568 -0.4699999988079071 0.0 0.0 -0.5099999904632568 -0.4699999988079071 0.0 0.0 -0.5099999904632568 -0.4699999988079071 0.0 0.0 -0.5099999904632568 -0.4699999988079071 0.0 0.0 -0.5099999904632568 -0.4699999988079071 0.0 0.0 -0.5099999904632568 -0.4699999988079071 0.0 0.0 -0.5099999904632568 -0.28999999165534973
1060 0.0 0.0 -0.5099999904632568 -0.4699999988079071 0.0 0.0 -0.5099999904632568 -0.4699999988079071 -0.019999999552965164 0.0 -0.5099999904632568 -0.28999999165534973 0.0 0.0 -0.5099999904632568 -0.4699999988079071 0.0 0.0 -0.5099999904632568 -0.4699999988079071 0.0 0.0 -0.5099999904632568 -0.4699999988079071 -0.019999999552965164
1061 0.0 0.0 -0.5099999904632568 -0.4699999988079071 -0.019999999552965164 0.0 -0.5099999904632568 -0.28999999165534973 0.0 0.0 -0.5099999904632568 -0.4699999988079071 0.0 0.0 -0.5099999904632568 -0.4699999988079071 0.0 0.0 -0.5099999904632568 -0.4699999988079071 -0.019999999552965164 0.0 -0.5099999904632568 -0.4699999988079071 0.0
1062 -0.019999999552965164 0.0 -0.5099999904632568 -0.28999999165534973 0.0 0.0 -0.5099999904632568 -0.4699999988079071 0.0 0.0 -0.5099999904632568 -0.4699999988079071 0.0 0.0 -0.5099999904632568 -0.4699999988079071 -0.019999999552965164 0.0 -0.5099999904632568 -0.4699999988079071 0.0 0.0 -0.5099999904632568 -0.4699999988079071 0.0
1063 0.0 0.0 -0.5099999904632568 -0.4699999988079071 0.0 0.0 -0.5099999904632568 -0.4699999988079071 0.0 0.0 -0.5099999904632568 -0.4699999988079071 -0.019999999552965164 0.0 -0.5099999904632568 -0.4699999988079071 0.0 0.0 -0.5099999904632568 -0.4699999988079071 0.0 0.0 -0.5099999904632568 -0.4699999988079071 -0.019999999552965164 0.0 -0.5099999904632568
1064 0.0 0.0 -0.5099999904632568 -0.4699999988079071 0.0 0.0 -0.5099999904632568 -0.4699999988079071 -0.019999999552965164 0.0 -0.5099999904632568 -0.4699999988079071 0.0 0.0 -0.5099999904632568 -0.4699999988079071 0.0 0.0 -0.5099999904632568 -0.4699999988079071 -0.019999999552965164 0.0 -0.5099999904632568 -0.28999999165534973 0.0
1065 0.0 0.0 -0.5099999904632568 -0.4699999988079071 -0.019999999552965164 0.0 -0.5099999904632568 -0.4699999988079071 0.0 0.0 -0.5099999904632568 -0.4699999988079071 0.0 0.0 -0.5099999904632568 -0.4699999988079071 -0.019999999552965164 0.0 -0.5099999904632568 -0.28999999165534973 0.0 0.0 -0.5099999904632568 -0.4699999988079071 0.0
1066 -0.4699999988079071 -0.019999999552965164 0.0 -0.5099999904632568 -0.4699999988079071 0.0 0.0 -0.5099999904632568 -0.4699999988079071 0.0 0.0 -0.5099999904632568 -0.4699999988079071 -0.019999999552965164 0.0 -0.5099999904632568 -0.28999999165534973 0.0 0.0 -0.5099999904632568 -0.4699999988079071 0.0 0.0 -0.5099999904632568 -0.4699999988079071 0.0
1067 0.0 0.0 -0.5099999904632568 -0.4699999988079071 0.0 0.0 -0.5099999904632568 -0.4699999988079071 -0.019999999552965164 0.0 -0.5099999904632568 -0.28999999165534973 0.0 0.0 -0.5099999904632568 -0.4699999988079071 0.0 0.0 -0.5099999904632568 -0.4699999988079071 0.0 0.0 -0.5099999904632568 -0.4699999988079071 -0.019999999552965164
1068 0.0 0.0 -0.5099999904632568 -0.4699999988079071 -0.019999999552965164 0.0 -0.5099999904632568 -0.28999999165534973 0.0 0.0 -0.5099999904632568 -0.4699999988079071 0.0 0.0 -0.5099999904632568 -0.4699999988079071 0.0 0.0 -0.5099999904632568 -0.4699999988079071 -0.019999999552965164 0.0 -0.5099999904632568 -0.4699999988079071 0.0 -0.5099999904632568
1069 -0.019999999552965164 0.0 -0.5099999904632568 -0.28999999165534973 0.0 0.0 -0.5099999904632568 -0.4699999988079071 0.0 0.0 -0.5099999904632568 -0.4699999988079071 0.0 0.0 -0.5099999904632568 -0.4699999988079071 -0.019999999552965164 0.0 -0.5099999904632568 -0.4699999988079071 0.0 0.0 -0.5099999904632568 -0.4699999988079071 -0.019999999552965164
107 -0.5099999904632568 0.0 -0.5099999904632568 -0.4699999988079071 0.0 0.0 -0.5099999904632568 -0.4699999988079071 0.0 0.0 -0.5099999904632568 -0.4699999988079071 0.0 0.0 -0.5099999904632568 -0.4699999988079071 0.0 0.0 -0.5099999904632568 -0.4699999988079071 0.0 0.0 -0.5099999904632568 -0.4699999988079071 0.0 0.0 -0.5099999904632568 -0.4699999988079071 0.0 0.0 -0.5099999904632568 -0.4699999988079071 0.0 0.0 -0.5099999904632568 -0.4699999988079071 0.0 0.0 -0.5099999904632568 -0.4699999988079071 0.0 0.0 -0.5099999904632568 -0.4699999988079071 0.0 0.0 -0.5099999904632568 -0.4699999988079071 0.0 0.0 -0.5099999904632568 -0.28999999165534973 0.0 0.0 -0.5099999904632568 -0.4699999988079071
1070 0.0 0.0 -0.5099999904632568 -0.4699999988079071 0.0 0.0 -0.5099999904632568 -0.4699999988079071 0.0 0.0 -0.5099999904632568 -0.4699999988079071 -0.019999999552965164 0.0 -0.5099999904632568 -0.4699999988079071 0.0 0.0 -0.5099999904632568 -0.4699999988079071 -0.019999999552965164 0.0 -0.5099999904632568 -0.4699999988079071 0.0
1071 -0.4699999988079071 0.0 0.0 -0.5099999904632568 -0.4699999988079071 0.0 0.0 -0.5099999904632568 -0.4699999988079071 -0.019999999552965164 0.0 -0.5099999904632568 -0.4699999988079071 0.0 0.0 -0.5099999904632568 -0.4699999988079071 -0.019999999552965164 0.0 -0.5099999904632568 -0.4699999988079071 0.0 0.0 -0.5099999904632568 -0.28999999165534973 0.0
1072 0.0 0.0 -0.5099999904632568 -0.4699999988079071 -0.019999999552965164 0.0 -0.5099999904632568 -0.4699999988079071 0.0 0.0 -0.5099999904632568 -0.4699999988079071 -0.019999999552965164 0.0 -0.5099999904632568 -0.4699999988079071 0.0 0.0 -0.5099999904632568 -0.28999999165534973 0.0 0.0 -0.5099999904632568 -0.4699999988079071 -0.019999999552965164
1073 -0.019999999552965164 0.0 -0.5099999904632568 -0.4699999988079071 0.0 0.0 -0.5099999904632568 -0.4699999988079071 -0.019999999552965164 0.0 -0.5099999904632568 -0.4699999988079071 0.0 0.0 -0.5099999904632568 -0.28999999165534973 0.0 0.0 -0.5099999904632568 -0.4699999988079071 -0.019999999552965164 0.0 -0.5099999904632568 -0.4699999988079071 0.0
1074 0.0 0.0 -0.5099999904632568 -0.4699999988079071 -0.019999999552965164 0.0 -0.5099999904632568 -0.4699999988079071 0.0 0.0 -0.5099999904632568 -0.28999999165534973 0.0 0.0 -0.5099999904632568 -0.4699999988079071 -0.019999999552965164 0.0 -0.5099999904632568 -0.4699999988079071 0.0 0.0 -0.5099999904632568 -0.28999999165534973 0.0
1075 -0.019999999552965164 0.0 -0.5099999904632568 -0.4699999988079071 0.0 0.0 -0.5099999904632568 -0.28999999165534973 0.0 0.0 -0.5099999904632568 -0.4699999988079071 -0.019999999552965164 0.0 -0.5099999904632568 -0.4699999988079071 0.0 0.0 -0.5099999904632568 -0.28999999165534973 0.0 0.0 -0.5099999904632568 -0.4699999988079071 0.0
1076 0.0 0.0 -0.5099999904632568 -0.28999999165534973 0.0 0.0 -0.5099999904632568 -0.4699999988079071 -0.019999999552965164 0.0 -0.5099999904632568 -0.4699999988079071 0.0 0.0 -0.5099999904632568 -0.28999999165534973 0.0 0.0 -0.5099999904632568 -0.4699999988079071 0.0 0.0 -0.5099999904632568 -0.4699999988079071 0.0 -0.5099999904632568
1077 0.0 0.0 -0.5099999904632568 -0.4699999988079071 -0.019999999552965164 0.0 -0.5099999904632568 -0.4699999988079071 0.0 0.0 -0.5099999904632568 -0.28999999165534973 0.0 0.0 -0.5099999904632568 -0.4699999988079071 0.0 0.0 -0.5099999904632568 -0.4699999988079071 0.0 0.0 -0.5099999904632568 -0.4699999988079071 0.0
1078 -0.019999999552965164 0.0 -0.5099999904632568 -0.4699999988079071 0.0 0.0 -0.5099999904632568 -0.28999999165534973 0.0 0.0 -0.5099999904632568 -0.4699999988079071 0.0 0.0 -0.5099999904632568 -0.4699999988079071 0.0 0.0 -0.5099999904632568 -0.4699999988079071 0.0 0.0 -0.5099999904632568 -0.28999999165534973 0.0
1079 0.0 0.0 -0.5099999904632568 -0.28999999165534973 0.0 0.0 -0.5099999904632568 -0.4699999988079071 0.0 0.0 -0.5099999904632568 -0.4699999988079071 0.0 0.0 -0.5099999904632568 -0.4699999988079071 0.0 0.0 -0.5099999904632568 -0.28999999165534973 0.0 0.0 -0.5099999904632568 -0.4699999988079071 -0.019999999552965164
108 0.0 -0.5099999904632568 -0.4699999988079071 0.0 0.0 -0.5099999904632568 -0.4699999988079071 0.0 0.0 -0.5099999904632568 -0.4699999988079071 0.0 0.0 -0.5099999904632568 -0.4699999988079071 0.0 0.0 -0.5099999904632568 -0.4699999988079071 0.0 0.0 -0.5099999904632568 -0.4699999988079071 0.0 0.0 -0.5099999904632568 -0.4699999988079071 0.0 0.0 -0.5099999904632568 -0.4699999988079071 0.0 0.0 -0.5099999904632568 -0.4699999988079071 0.0 0.0 -0.5099999904632568 -0.4699999988079071 0.0 0.0 -0.5099999904632568 -0.4699999988079071 0.0 0.0 -0.5099999904632568 -0.28999999165534973 0.0 0.0 -0.5099999904632568 -0.4699999988079071 0.0 0.0 -0.5099999904632568 -0.4699999988079071
1080 0.0 0.0 -0.5099999904632568 -0.4699999988079071 0.0 0.0 -0.5099999904632568 -0.4699999988079071 0.0 0.0 -0.5099999904632568 -0.4699999988079071 0.0 0.0 -0.5099999904632568 -0.28999999165534973 0.0 0.0 -0.5099999904632568 -0.4699999988079071 -0.019999999552965164 0.0 -0.5099999904632568 -0.4699999988079071 0.0
1081 -0.4699999988079071 0.0 0.0 -0.5099999904632568 -0.4699999988079071 0.0 0.0 -0.5099999904632568 -0.4699999988079071 0.0 0.0 -0.5099999904632568 -0.28999999165534973 0.0 0.0 -0.5099999904632568 -0.4699999988079071 -0.019999999552965164 0.0 -0.5099999904632568 -0.4699999988079071 0.0 0.0 -0.5099999904632568 -0.4699999988079071 0.0 -0.5099999904632568
1082 0.0 0.0 -0.5099999904632568 -0.4699999988079071 0.0 0.0 -0.5099999904632568 -0.28999999165534973 0.0 0.0 -0.5099999904632568 -0.4699999988079071 -0.019999999552965164 0.0 -0.5099999904632568 -0.4699999988079071 0.0 0.0 -0.5099999904632568 -0.4699999988079071 0.0 0.0 -0.5099999904632568 -0.4699999988079071 0.0
1083 0.0 0.0 -0.5099999904632568 -0.28999999165534973 0.0 0.0 -0.5099999904632568 -0.4699999988079071 -0.019999999552965164 0.0 -0.5099999904632568 -0.4699999988079071 0.0 0.0 -0.5099999904632568 -0.4699999988079071 0.0 0.0 -0.5099999904632568 -0.4699999988079071 0.0 0.0 -0.5099999904632568 -0.4699999988079071 0.0 0.0 -0.5099999904632568
1084 0.0 0.0 -0.5099999904632568 -0.4699999988079071 -0.019999999552965164 0.0 -0.5099999904632568 -0.4699999988079071 0.0 0.0 -0.5099999904632568 -0.4699999988079071 0.0 0.0 -0.5099999904632568 -0.4699999988079071 0.0 0.0 -0.5099999904632568 -0.4699999988079071 0.0 0.0 -0.5099999904632568 -0.4699999988079071 0.0 0.0 -0.5099999904632568
1085 -0.019999999552965164 0.0 -0.5099999904632568 -0.4699999988079071 0.0 0.0 -0.5099999904632568 -0.4699999988079071 0.0 0.0 -0.5099999904632568 -0.4699999988079071 0.0 0.0 -0.5099999904632568 -0.4699999988079071 0.0 0.0 -0.5099999904632568 -0.4699999988079071 0.0 0.0 -0.5099999904632568 -0.28999999165534973 0.0
1086 -0.4699999988079071 0.0 0.0 -0.5099999904632568 -0.4699999988079071 0.0 0.0 -0.5099999904632568 -0.4699999988079071 0.0 0.0 -0.5099999904632568 -0.4699999988079071 0.0 0.0 -0.5099999904632568 -0.4699999988079071 0.0 0.0 -0.5099999904632568 -0.28999999165534973 0.0 0.0 -0.5099999904632568 -0.4699999988079071 0.0
1087 -0.4699999988079071 0.0 0.0 -0.5099999904632568 -0.4699999988079071 0.0 0.0 -0.5099999904632568 -0.4699999988079071 0.0 0.0 -0.5099999904632568 -0.4699999988079071 0.0 0.0 -0.5099999904632568 -0.28999999165534973 0.0 0.0 -0.5099999904632568 -0.4699999988079071 0.0 0.0 -0.5099999904632568 -0.4699999988079071 0.0 0.0 -0.5099999904632568
1088 -0.4699999988079071 0.0 0.0 -0.5099999904632568 -0.4699999988079071 0.0 0.0 -0.5099999904632568 -0.4699999988079071 0.0 0.0 -0.5099999904632568 -0.28999999165534973 0.0 0.0 -0.5099999904632568 -0.4699999988079071 0.0 0.0 -0.5099999904632568 -0.4699999988079071 0.0 0.0 -0.5099999904632568 -0.4699999988079071 0.0
1089 0.0 0.0 -0.5099999904632568 -0.4699999988079071 0.0 0.0 -0.5099999904632568 -0.28999999165534973 0.0 0.0 -0.5099999904632568 -0.4699999988079071 0.0 0.0 -0.5099999904632568 -0.4699999988079071 0.0 0.0 -0.5099999904632568 -0.4699999988079071 0.0 0.0 -0.5099999904632568 -0.4699999988079071 0.0 0.0
109 -0.5099999904632568 0.0 0.0 -0.5099999904632568 -0.4699999988079071 0.0 0.0 -0.5099999904632568 -0.4699999988079071 0.0 0.0 -0.5099999904632568 -0.4699999988079071 0.0 0.0 -0.5099999904632568 -0.4699999988079071 0.0 0.0 -0.5099999904632568 -0.4699999988079071 0.0 0.0 -0.5099999904632568 -0.4699999988079071 0.0 0.0 -0.5099999904632568 -0.4699999988079071 0.0 0.0 -0.5099999904632568 -0.4699999988079071 0.0 0.0 -0.5099999904632568 -0.4699999988079071 0.0 0.0 -0.5099999904632568 -0.4699999988079071 0.0 0.0 -0.5099999904632568 -0.28999999165534973 0.0 0.0 -0.5099999904632568 -0.4699999988079071 0.0
1090 -0.4699999988079071 0.0 0.0 -0.5099999904632568 -0.28999999165534973 0.0 0.0 -0.5099999904632568 -0.4699999988079071 0.0 0.0 -0.5099999904632568 -0.4699999988079071 0.0 0.0 -0.5099999904632568 -0.4699999988079071 0.0 0.0 -0.5099999904632568 -0.4699999988079071 0.0 0.0 -0.5099999904632568 -0.4699999988079071 0.0
1091 0.0 0.0 -0.5099999904632568 -0.4699999988079071 0.0 0.0 -0.5099999904632568 -0.4699999988079071 0.0 0.0 -0.5099999904632568 -0.4699999988079071 0.0 0.0 -0.5099999904632568 -0.4699999988079071 0.0 0.0 -0.5099999904632568 -0.4699999988079071 0.0 0.0 -0.5099999904632568 -0.4699999988079071 0.0 0.0 -0.5099999904632568
1092 0.0 0.0 -0.5099999904632568 -0.4699999988079071 0.0 0.0 -0.5099999904632568 -0.4699999988079071 0.0 0.0 -0.5099999904632568 -0.4699999988079071 0.0 0.0 -0.5099999904632568 -0.4699999988079071 0.0 0.0 -0.5099999904632568 -0.4699999988079071 0.0 0.0 -0.5099999904632568 -0.4699999988079071 0.0 -0.5099999904632568
1093 0.0 0.0 -0.5099999904632568 -0.4699999988079071 0.0 0.0 -0.5099999904632568 -0.4699999988079071 0.0 0.0 -0.5099999904632568 -0.4699999988079071 0.0 0.0 -0.5099999904632568 -0.4699999988079071 0.0 0.0 -0.5099999904632568 -0.4699999988079071 0.0 0.0 -0.5099999904632568 -0.28999999165534973 0.0
1094 0.0 0.0 -0.5099999904632568 -0.4699999988079071 0.0 0.0 -0.5099999904632568 -0.4699999988079071 0.0 0.0 -0.5099999904632568 -0.4699999988079071 0.0 0.0 -0.5099999904632568 -0.4699999988079071 0.0 0.0 -0.5099999904632568 -0.28999999165534973 0.0 0.0 -0.5099999904632568 -0.4699999988079071 0.0 0.0 -0.5099999904632568
1095 -0.4699999988079071 0.0 0.0 -0.5099999904632568 -0.4699999988079071 0.0 0.0 -0.5099999904632568 -0.4699999988079071 0.0 0.0 -0.5099999904632568 -0.4699999988079071 0.0 0.0 -0.5099999904632568 -0.28999999165534973 0.0 0.0 -0.5099999904632568 -0.4699999988079071 0.0 0.0 -0.5099999904632568 -0.4699999988079071 0.0 0.0 -0.4699999988079071
1096 0.0 0.0 -0.5099999904632568 -0.4699999988079071 0.0 0.0 -0.5099999904632568 -0.4699999988079071 0.0 0.0 -0.5099999904632568 -0.28999999165534973 0.0 0.0 -0.5099999904632568 -0.4699999988079071 0.0 0.0 -0.5099999904632568 -0.4699999988079071 0.0 0.0 -0.5099999904632568 -0.4699999988079071 0.0 0.0 -0.5099999904632568
1097 0.0 0.0 -0.5099999904632568 -0.4699999988079071 0.0 0.0 -0.5099999904632568 -0.28999999165534973 0.0 0.0 -0.5099999904632568 -0.4699999988079071 0.0 0.0 -0.5099999904632568 -0.4699999988079071 0.0 0.0 -0.5099999904632568 -0.4699999988079071 0.0 0.0 -0.5099999904632568 -0.4699999988079071 0.0 0.0
1098 0.0 0.0 -0.5099999904632568 -0.28999999165534973 0.0 0.0 -0.5099999904632568 -0.4699999988079071 0.0 0.0 -0.5099999904632568 -0.4699999988079071 0.0 0.0 -0.5099999904632568 -0.4699999988079071 0.0 0.0 -0.5099999904632568 -0.4699999988079071 0.0 0.0 -0.5099999904632568 -0.4699999988079071 0.0 0.0 -0.5099999904632568
1099 -0.28999999165534973 0.0 0.0 -0.5099999904632568 -0.4699999988079071 0.0 0.0 -0.5099999904632568 -0.4699999988079071 0.0 0.0 -0.5099999904632568 -0.4699999988079071 0.0 0.0 -0.5099999904632568 -0.4699999988079071 0.0 0.0 -0.5099999904632568 -0.4699999988079071 0.0 0.0 -0.5099999904632568 -0.4699999988079071 0.0 0.0 -0.5099999904632568
11 0.0 -0.5099999904632568 -0.4699999988079071 0.0 0.0 -0.5099999904632568 -0.4699999988079071 -0.019999999552965164 0.0 -0.5099999904632568 -0.4699999988079071 0.0 0.0 -0.5099999904632568 -0.4699999988079071 0.0 0.0 -0.5099999904632568 -0.4699999988079071 0.0 0.0 -0.5099999904632568 -0.4699999988079071 0.0 0.0 -0.5099999904632568 -0.4699999988079071 0.0 0.0 -0.5099999904632568 -0.4699999988079071 0.0 0.0 -0.5099999904632568
110 -0.5099999904632568 0.0 -0.5099999904632568 0.0 0.0 -0.5099999904632568 -0.4699999988079071 0.0 0.0 -0.5099999904632568 -0.4699999988079071 0.0 0.0 -0.5099999904632568 -0.4699999988079071 0.0 0.0 -0.5099999904632568 -0.4699999988079071 0.0 0.0 -0.5099999904632568 -0.4699999988079071 0.0 0.0 -0.5099999904632568 -0.4699999988079071 0.0 0.0 -0.5099999904632568 -0.4699999988079071 0.0 0.0 -0.5099999904632568 -0.4699999988079071 0.0 0.0 -0.5099999904632568 -0.28999999165534973 0.0 0.0 -0.5099999904632568 -0.4699999988079071 0.0 0.0 -0.5099999904632568 -0.4699999988079071
1100 -0.4699999988079071 0.0 0.0 -0.5099999904632568 -0.4699999988079071 0.0 0.0 -0.5099999904632568 -0.4699999988079071 0.0 0.0 -0.5099999904632568 -0.4699999988079071 0.0 0.0 -0.5099999904632568 -0.4699999988079071 0.0 0.0 -0.5099999904632568 -0.4699999988079071 0.0 0.0 -0.5099999904632568 -0.4699999988079071 0.0 0.0 -0.5099999904632568
1101 0.0 0.0 -0.5099999904632568 -0.4699999988079071 0.0 0.0 -0.5099999904632568 -0.4699999988079071 0.0 0.0 -0.5099999904632568 -0.4699999988079071 0.0 0.0 -0.5099999904632568 -0.4699999988079071 0.0 0.0 -0.5099999904632568 -0.4699999988079071 0.0 0.0 -0.5099999904632568 -0.4699999988079071 0.0 0.0 -0.5099999904632568
1102 0.0 0.0 -0.5099999904632568 -0.4699999988079071 0.0 0.0 -0.4699999988079071 0.0 0.0 -0.5099999904632568 -0.4699999988079071 0.0 0.0 -0.5099999904632568 -0.4699999988079071 0.0 0.0 -0.5099999904632568 -0.4699999988079071 0.0 0.0 -0.5099999904632568 -0.4699999988079071 0.0 0.0 -0.5099999904632568 -0.4699999988079071 0.0 0.0 -0.5099999904632568 -0.4699999988079071 0.0
1103 0.0 0.0 -0.5099999904632568 -0.4699999988079071 0.0 0.0 -0.5099999904632568 -0.4699999988079071 0.0 0.0 -0.5099999904632568 -0.4699999988079071 0.0 0.0 -0.5099999904632568 -0.4699999988079071 0.0 0.0 -0.5099999904632568 -0.4699999988079071 0.0 0.0 -0.5099999904632568 -0.4699999988079071 -0.019999999552965164
1104 0.0 0.0 -0.5099999904632568 -0.4699999988079071 0.0 0.0 -0.5099999904632568 -0.4699999988079071 0.0 0.0 -0.5099999904632568 -0.4699999988079071 0.0 0.0 -0.5099999904632568 -0.4699999988079071 0.0 0.0 -0.5099999904632568 -0.4699999988079071 -0.019999999552965164 0.0 -0.5099999904632568 -0.4699999988079071 0.0 0.0 -0.5099999904632568 -0.4699999988079071 0.0
1105 0.0 0.0 -0.5099999904632568 -0.4699999988079071 0.0 0.0 -0.5099999904632568 -0.4699999988079071 0.0 0.0 -0.5099999904632568 -0.4699999988079071 0.0 0.0 -0.5099999904632568 -0.4699999988079071 -0.019999999552965164 0.0 -0.5099999904632568 -0.4699999988079071 0.0 0.0 -0.5099999904632568 -0.4699999988079071 0.0 0.0 -0.5099999904632568 -0.4699999988079071 0.0 0.0 -0.5099999904632568 -0.4699999988079071 0.0 0.0 -0.5099999904632568
1106 0.0 0.0 -0.5099999904632568 -0.4699999988079071 0.0 0.0 -0.5099999904632568 -0.4699999988079071 0.0 0.0 -0.5099999904632568 -0.4699999988079071 -0.019999999552965164 0.0 -0.5099999904632568 -0.4699999988079071 0.0 0.0 -0.5099999904632568 -0.4699999988079071 0.0 0.0 -0.5099999904632568 -0.4699999988079071 0.0 0.0 -0.5099999904632568 -0.4699999988079071
1107 -0.4699999988079071 0.0 0.0 -0.5099999904632568 -0.4699999988079071 0.0 0.0 -0.5099999904632568 -0.4699999988079071 -0.019999999552965164 0.0 -0.5099999904632568 -0.4699999988079071 0.0 0.0 -0.5099999904632568 -0.4699999988079071 0.0 0.0 -0.5099999904632568 -0.4699999988079071 0.0 0.0 -0.5099999904632568 -0.4699999988079071 0.0 0.0 -0.5099999904632568 -0.4699999988079071
1108 -0.4699999988079071 0.0 0.0 -0.5099999904632568 -0.4699999988079071 0.0 0.0 -0.5099999904632568 -0.4699999988079071 -0.019999999552965164 0.0 -0.5099999904632568 -0.4699999988079071 0.0 0.0 -0.5099999904632568 -0.4699999988079071 0.0 0.0 -0.5099999904632568 -0.4699999988079071 0.0 0.0 -0.5099999904632568 -0.4699999988079071 0.0 0.0 -0.5099999904632568 -0.4699999988079071 0.0 0.0 -0.5099999904632568 -0.4699999988079071 0.0 0.0 -0.5099999904632568 -0.4699999988079071 0.0 0.0 -0.5099999904632568 -0.4699999988079071 0.0 0.0 -0.5099999904632568 -0.4699999988079071 -0.5099999904632568
1109 0.0 0.0 -0.5099999904632568 -0.4699999988079071 -0.019999999552965164 0.0 -0.5099999904632568 -0.4699999988079071 0.0 0.0 -0.5099999904632568 -0.4699999988079071 0.0 0.0 -0.5099999904632568 -0.4699999988079071 0.0 0.0 -0.5099999904632568 -0.4699999988079071 0.0 0.0 -0.5099999904632568 -0.4699999988079071 0.0 0.0 -0.5099999904632568 -0.4699999988079071 0.0 0.0 -0.5099999904632568
111 -0.5099999904632568 0.0 0.0 -0.5099999904632568 -0.4699999988079071 0.0 0.0 -0.5099999904632568 -0.4699999988079071 0.0 0.0 -0.5099999904632568 -0.4699999988079071 0.0 0.0 -0.5099999904632568 -0.4699999988079071 0.0 0.0 -0.5099999904632568 -0.4699999988079071 0.0 0.0 -0.5099999904632568 -0.4699999988079071 0.0 0.0 -0.5099999904632568 -0.4699999988079071 0.0 0.0 -0.5099999904632568 -0.28999999165534973 0.0 0.0 -0.5099999904632568 -0.4699999988079071 0.0 0.0 -0.5099999904632568 -0.4699999988079071 0.0 0.0 -0.5099999904632568 -0.28999999165534973 0.0 0.0 -0.4699999988079071
1110 -0.5099999904632568 -0.4699999988079071 0.0 0.0 0.0 -0.4699999988079071 -0.019999999552965164 0.0 -0.5099999904632568 -0.4699999988079071 0.0 0.0 -0.5099999904632568 -0.4699999988079071 0.0 0.0 -0.5099999904632568 -0.4699999988079071 0.0 0.0 -0.5099999904632568 -0.4699999988079071 0.0 0.0 -0.5099999904632568 -0.4699999988079071 0.0 0.0 -0.5099999904632568 -0.4699999988079071 0.0 0.0 -0.5099999904632568 -0.4699999988079071 0.0 0.0 -0.5099999904632568 -0.4699999988079071
1111 0.0 -0.5099999904632568 -0.4699999988079071 0.0 0.0 -0.5099999904632568 -0.4699999988079071 0.0 0.0 -0.5099999904632568 -0.4699999988079071 0.0 0.0 -0.5099999904632568 -0.4699999988079071 0.0 0.0 -0.5099999904632568 -0.4699999988079071 0.0 0.0 -0.5099999904632568 -0.4699999988079071 0.0 0.0 -0.5099999904632568 -0.4699999988079071 0.0 0.0 -0.5099999904632568 -0.4699999988079071
1112 -0.5099999904632568 0.0 -0.5099999904632568 -0.4699999988079071 0.0 0.0 -0.5099999904632568 -0.4699999988079071 0.0 0.0 -0.5099999904632568 -0.4699999988079071 0.0 0.0 -0.5099999904632568 -0.4699999988079071 0.0 0.0 -0.5099999904632568 -0.4699999988079071 0.0 0.0 -0.5099999904632568 -0.4699999988079071 0.0 0.0 -0.5099999904632568 -0.4699999988079071 -0.019999999552965164 0.0 -0.5099999904632568
1113 -0.4699999988079071 0.0 0.0 -0.5099999904632568 -0.28999999165534973 0.0 0.0 -0.5099999904632568 -0.4699999988079071 0.0 0.0 -0.5099999904632568 -0.4699999988079071 -0.4699999988079071 0.0 0.0 -0.5099999904632568 -0.4699999988079071 0.0 0.0 -0.5099999904632568 -0.4699999988079071 0.0 0.0 -0.5099999904632568 -0.4699999988079071 0.0 0.0 -0.5099999904632568 -0.4699999988079071 0.0 0.0 -0.5099999904632568 -0.4699999988079071 -0.019999999552965164 0.0 -0.5099999904632568 -0.4699999988079071 0.0 0.0 -0.5099999904632568 -0.4699999988079071
1114 0.0 0.0 -0.4699999988079071 0.0 0.0 -0.5099999904632568 -0.28999999165534973 0.0 0.0 -0.5099999904632568 -0.4699999988079071 0.0 -0.5099999904632568 0.0 0.0 -0.5099999904632568 -0.4699999988079071 0.0 0.0 -0.5099999904632568 -0.4699999988079071 0.0 0.0 -0.5099999904632568 -0.4699999988079071 0.0 0.0 -0.5099999904632568 -0.4699999988079071 -0.019999999552965164 0.0 -0.5099999904632568 -0.4699999988079071 0.0 0.0 -0.5099999904632568 -0.4699999988079071 -0.019999999552965164 0.0
1115 -0.5099999904632568 -0.4699999988079071 0.0 0.0 -0.5099999904632568 -0.4699999988079071 0.0 0.0 -0.5099999904632568 -0.4699999988079071 0.0 0.0 -0.5099999904632568 -0.4699999988079071 -0.019999999552965164 0.0 -0.5099999904632568 -0.4699999988079071 0.0 0.0 -0.5099999904632568 -0.4699999988079071 -0.019999999552965164 0.0 -0.5099999904632568 -0.4699999988079071 0.0 0.0 -0.5099999904632568 -0.4699999988079071
1116 -0.4699999988079071 0.0 0.0 -0.5099999904632568 -0.4699999988079071 0.0 0.0 -0.5099999904632568 -0.4699999988079071 -0.019999999552965164 0.0 -0.5099999904632568 -0.4699999988079071 0.0 0.0 -0.5099999904632568 -0.4699999988079071 -0.019999999552965164 0.0 -0.5099999904632568 -0.4699999988079071 0.0 0.0 -0.5099999904632568 -0.4699999988079071 0.0 0.0 -0.5099999904632568 -0.28999999165534973
1117 0.0 -0.4699999988079071 0.0 0.0 -0.5099999904632568 -0.4699999988079071 -0.019999999552965164 0.0 -0.5099999904632568 -0.4699999988079071 0.0 0.0 -0.5099999904632568 -0.4699999988079071 -0.019999999552965164 0.0 -0.5099999904632568 -0.4699999988079071 0.0 0.0 -0.5099999904632568 -0.4699999988079071 0.0 0.0 -0.5099999904632568 -0.28999999165534973 0.0 0.0 -0.5099999904632568 -0.28999999165534973 0.0
1118 0.0 -0.4699999988079071 -0.019999999552965164 0.0 -0.5099999904632568 -0.4699999988079071 0.0 0.0 -0.5099999904632568 -0.4699999988079071 -0.019999999552965164 0.0 -0.5099999904632568 -0.4699999988079071 0.0 0.0 -0.5099999904632568 -0.4699999988079071 0.0 0.0 -0.5099999904632568 -0.28999999165534973 0.0 0.0 -0.5099999904632568 -0.28999999165534973 0.0 0.0 -0.5099999904632568 -0.28999999165534973
1119 0.0 -0.5099999904632568 -0.4699999988079071 0.0 0.0 -0.5099999904632568 -0.4699999988079071 -0.019999999552965164 0.0 -0.5099999904632568 -0.4699999988079071 0.0 0.0 -0.5099999904632568 -0.4699999988079071 0.0 0.0 -0.5099999904632568 -0.28999999165534973 0.0 0.0 -0.5099999904632568 -0.28999999165534973 0.0 0.0 -0.5099999904632568 -0.28999999165534973 0.0 0.0 -0.5099999904632568 -0.4699999988079071 0.0
112 -0.5099999904632568 0.0 0.0 -0.5099999904632568 -0.4699999988079071 0.0 0.0 -0.5099999904632568 -0.4699999988079071 0.0 0.0 -0.5099999904632568 -0.4699999988079071 0.0 0.0 -0.5099999904632568 -0.4699999988079071 0.0 0.0 -0.5099999904632568 -0.28999999165534973 0.0 0.0 -0.5099999904632568 -0.4699999988079071 0.0 0.0 -0.5099999904632568 -0.4699999988079071 0.0 0.0 -0.5099999904632568 -0.28999999165534973 0.0 0.0 -0.5099999904632568 -0.4699999988079071
1120 -0.4699999988079071 -0.019999999552965164 0.0 -0.5099999904632568 -0.4699999988079071 0.0 0.0 -0.5099999904632568 -0.4699999988079071 0.0 0.0 -0.5099999904632568 -0.28999999165534973 0.0 0.0 -0.5099999904632568 -0.28999999165534973 0.0 0.0 -0.5099999904632568 -0.28999999165534973 0.0 0.0 -0.5099999904632568 -0.4699999988079071 0.0 0.0 -0.5099999904632568 -0.4699999988079071 0.0 -0.4699999988079071
1121 -0.4699999988079071 -0.019999999552965164 0.0 -0.5099999904632568 -0.4699999988079071 0.0 0.0 -0.5099999904632568 -0.4699999988079071 0.0 0.0 -0.5099999904632568 -0.28999999165534973 0.0 0.0 -0.5099999904632568 -0.28999999165534973 0.0 0.0 -0.5099999904632568 -0.28999999165534973 0.0 0.0 -0.5099999904632568 -0.4699999988079071 0.0 0.0 -0.5099999904632568 -0.4699999988079071 0.0 0.0 -0.5099999904632568 -0.4699999988079071 0.0 0.0 -0.5099999904632568 -0.4699999988079071
1122 0.0 -0.5099999904632568 -0.4699999988079071 0.0 0.0 -0.5099999904632568 -0.28999999165534973 0.0 0.0 -0.5099999904632568 -0.28999999165534973 0.0 0.0 -0.5099999904632568 -0.28999999165534973 0.0 0.0 -0.5099999904632568 -0.4699999988079071 0.0 0.0 -0.5099999904632568 -0.4699999988079071 0.0 0.0 -0.5099999904632568 -0.4699999988079071 0.0 0.0 -0.5099999904632568 -0.4699999988079071 0.0
1123 -0.5099999904632568 0.0 0.0 -0.5099999904632568 -0.28999999165534973 0.0 0.0 -0.5099999904632568 -0.28999999165534973 0.0 0.0 -0.5099999904632568 -0.28999999165534973 0.0 0.0 -0.5099999904632568 -0.4699999988079071 0.0 0.0 -0.5099999904632568 -0.4699999988079071 0.0 0.0 -0.5099999904632568 -0.4699999988079071 0.0 0.0 -0.5099999904632568 -0.4699999988079071 0.0 0.0 -0.5099999904632568 -0.4699999988079071 0.0 0.0 -0.5099999904632568
1124 -0.28999999165534973 0.0 0.0 -0.5099999904632568 -0.28999999165534973 0.0 0.0 -0.5099999904632568 -0.28999999165534973 0.0 0.0 -0.5099999904632568 -0.4699999988079071 0.0 0.0 -0.5099999904632568 -0.4699999988079071 0.0 0.0 -0.5099999904632568 -0.4699999988079071 0.0 0.0 -0.5099999904632568 -0.4699999988079071 0.0 0.0 -0.5099999904632568 -0.4699999988079071 0.0 0.0 -0.5099999904632568
1125 0.0 0.0 -0.5099999904632568 -0.28999999165534973 0.0 0.0 -0.5099999904632568 -0.28999999165534973 0.0 0.0 -0.5099999904632568 -0.4699999988079071 0.0 0.0 -0.5099999904632568 -0.4699999988079071 0.0 0.0 -0.5099999904632568 -0.4699999988079071 0.0 0.0 -0.5099999904632568 -0.4699999988079071 0.0 0.0 -0.5099999904632568 -0.4699999988079071 0.0 0.0 -0.5099999904632568 -0.4699999988079071 -0.019999999552965164 0.0 -0.5099999904632568
1126 0.0 0.0 0.0 -0.5099999904632568 -0.4699999988079071 0.0 0.0 -0.5099999904632568 -0.4699999988079071 0.0 0.0 -0.5099999904632568 -0.4699999988079071 0.0 0.0 -0.5099999904632568 -0.4699999988079071 0.0 0.0 -0.5099999904632568 -0.4699999988079071 0.0 0.0 -0.5099999904632568 -0.4699999988079071 -0.019999999552965164 0.0 -0.5099999904632568 -0.4699999988079071 0.0 0.0 -0.5099999904632568
1127 0.0 0.0 0.0 -0.5099999904632568 -0.4699999988079071 0.0 0.0 -0.019999999552965164 0.0 -0.5099999904632568 0.0 0.0 -0.5099999904632568 -0.4699999988079071 0.0 0.0 -0.5099999904632568 -0.4699999988079071 0.0 0.0 -0.5099999904632568 -0.4699999988079071 0.0 0.0 -0.5099999904632568 -0.4699999988079071 0.0 0.0 -0.5099999904632568 -0.4699999988079071 -0.019999999552965164 0.0 -0.5099999904632568 -0.4699999988079071 0.0 0.0 -0.5099999904632568 -0.28999999165534973 0.0
1128 0.0 -0.4699999988079071 0.0 0.0 -0.5099999904632568 -0.4699999988079071 0.0 0.0 -0.4699999988079071 0.0 0.0 -0.5099999904632568 -0.4699999988079071 0.0 0.0 -0.019999999552965164 -0.5099999904632568 -0.4699999988079071 0.0 0.0 -0.5099999904632568 -0.4699999988079071 0.0 0.0 -0.5099999904632568 -0.4699999988079071 0.0 0.0 -0.5099999904632568 -0.4699999988079071 -0.019999999552965164 0.0 -0.5099999904632568 -0.4699999988079071 0.0 0.0 -0.5099999904632568 -0.28999999165534973 0.0 0.0 -0.5099999904632568 -0.4699999988079071 0.0 0.0 -0.5099999904632568
1129 -0.28999999165534973 0.0 0.0 -0.5099999904632568 -0.4699999988079071 0.0 0.0 -0.5099999904632568 -0.4699999988079071 0.0 0.0 -0.5099999904632568 -0.4699999988079071 0.0 0.0 -0.5099999904632568 -0.4699999988079071 0.0 0.0 -0.5099999904632568 -0.4699999988079071 -0.019999999552965164 0.0 -0.5099999904632568 -0.4699999988079071 -0.4699999988079071 0.0 0.0 -0.5099999904632568 -0.4699999988079071 0.0 0.0 -0.5099999904632568 -0.4699999988079071 -0.019999999552965164 0.0 -0.5099999904632568 -0.4699999988079071 0.0 0.0 -0.5099999904632568 -0.28999999165534973 0.0 0.0 -0.5099999904632568 -0.4699999988079071 0.0 0.0 -0.5099999904632568 -0.4699999988079071 0.0
113 -0.5099999904632568 -0.4699999988079071 0.0 0.0 -0.5099999904632568 -0.4699999988079071 0.0 0.0 -0.5099999904632568 -0.4699999988079071 0.0 0.0 -0.5099999904632568 -0.4699999988079071 0.0 0.0 -0.5099999904632568 -0.28999999165534973 0.0 0.0 -0.5099999904632568 -0.4699999988079071 0.0 0.0 -0.5099999904632568 -0.4699999988079071 0.0 0.0 -0.5099999904632568 -0.28999999165534973 0.0 0.0 -0.5099999904632568 -0.4699999988079071 0.0 0.0 -0.5099999904632568 -0.4699999988079071
1130 -0.019999999552965164 0.0 -0.5099999904632568 -0.28999999165534973 0.0 0.0 -0.5099999904632568 -0.28999999165534973 0.0 0.0 -0.5099999904632568 -0.4699999988079071 0.0 0.0 -0.5099999904632568 -0.4699999988079071 0.0 0.0 -0.5099999904632568 -0.4699999988079071 0.0 0.0 -0.5099999904632568 -0.4699999988079071 0.0 0.0 -0.5099999904632568 0.0 0.0 -0.5099999904632568 -0.4699999988079071 -0.019999999552965164 0.0 -0.5099999904632568 -0.4699999988079071 0.0 0.0 -0.5099999904632568 -0.28999999165534973 0.0 0.0 -0.5099999904632568 -0.4699999988079071 0.0 0.0 -0.5099999904632568 -0.4699999988079071 0.0 0.0 -0.5099999904632568 -0.4699999988079071 0.0 -0.5099999904632568
1131 -0.4699999988079071 -0.019999999552965164 0.0 -0.5099999904632568 -0.28999999165534973 0.0 0.0 -0.5099999904632568 -0.28999999165534973 0.0 0.0 -0.5099999904632568 -0.4699999988079071 0.0 0.0 -0.5099999904632568 -0.4699999988079071 0.0 0.0 -0.5099999904632568 -0.4699999988079071 0.0 0.0 -0.5099999904632568 -0.4699999988079071 0.0 -0.5099999904632568 -0.4699999988079071 -0.019999999552965164 0.0 -0.5099999904632568 -0.4699999988079071 0.0 0.0 -0.5099999904632568 -0.28999999165534973 0.0 0.0 -0.5099999904632568 -0.4699999988079071 0.0 0.0 -0.5099999904632568 -0.4699999988079071 0.0 0.0 -0.5099999904632568 -0.4699999988079071 0.0 0.0 -0.5099999904632568 -0.4699999988079071 0.0
1132 -0.019999999552965164 0.0 -0.5099999904632568 -0.28999999165534973 0.0 0.0 -0.5099999904632568 -0.28999999165534973 0.0 0.0 -0.5099999904632568 -0.4699999988079071 0.0 0.0 -0.5099999904632568 -0.4699999988079071 0.0 0.0 -0.5099999904632568 -0.4699999988079071 0.0 0.0 -0.5099999904632568 -0.4699999988079071 0.0 0.0 -0.5099999904632568 -0.4699999988079071 -0.4699999988079071 0.0 0.0 -0.5099999904632568 -0.28999999165534973 0.0 0.0 -0.5099999904632568 -0.4699999988079071 0.0 0.0 -0.5099999904632568 -0.4699999988079071 0.0 0.0 -0.5099999904632568 -0.4699999988079071 0.0 0.0 -0.5099999904632568 -0.4699999988079071 0.0 0.0 -0.5099999904632568 -0.28999999165534973 0.0
1133 0.0 -0.5099999904632568 -0.4699999988079071 -0.019999999552965164 0.0 -0.5099999904632568 -0.28999999165534973 0.0 0.0 -0.5099999904632568 -0.28999999165534973 0.0 0.0 -0.5099999904632568 -0.4699999988079071 0.0 0.0 -0.5099999904632568 -0.4699999988079071 0.0 0.0 -0.5099999904632568 0.0 0.0 -0.5099999904632568 -0.4699999988079071 0.0 0.0 -0.5099999904632568 -0.4699999988079071 0.0 0.0 -0.5099999904632568 -0.4699999988079071 0.0 0.0 -0.5099999904632568 -0.4699999988079071 0.0 0.0 -0.5099999904632568 -0.28999999165534973 0.0 0.0 -0.5099999904632568 -0.4699999988079071 0.0
1134 0.0 -0.5099999904632568 -0.28999999165534973 0.0 0.0 -0.5099999904632568 -0.28999999165534973 0.0 0.0 -0.5099999904632568 -0.4699999988079071 0.0 0.0 -0.5099999904632568 -0.4699999988079071 0.0 0.0 -0.5099999904632568 -0.4699999988079071 0.0 0.0 -0.5099999904632568 -0.4699999988079071 0.0 0.0 -0.5099999904632568 -0.4699999988079071 0.0 0.0 -0.5099999904632568 -0.28999999165534973 0.0 0.0 -0.5099999904632568 -0.4699999988079071 0.0 0.0 -0.5099999904632568 -0.4699999988079071 0.0
1135 0.0 -0.5099999904632568 -0.5099999904632568 0.0 0.0 -0.5099999904632568 -0.4699999988079071 0.0 0.0 -0.5099999904632568 -0.4699999988079071 0.0 0.0 -0.5099999904632568 -0.28999999165534973 0.0 0.0 -0.5099999904632568 -0.4699999988079071 0.0 0.0 -0.5099999904632568 -0.4699999988079071 0.0 0.0 -0.5099999904632568 -0.4699999988079071 0.0
1136 0.0 0.0 -0.5099999904632568 -0.4699999988079071 0.0 0.0 -0.5099999904632568 -0.28999999165534973 0.0 0.0 -0.5099999904632568 -0.4699999988079071 0.0 0.0 -0.5099999904632568 -0.4699999988079071 0.0 0.0 -0.5099999904632568 -0.4699999988079071 0.0 0.0 -0.5099999904632568 -0.4699999988079071 0.0
1137 0.0 0.0 -0.5099999904632568 -0.28999999165534973 0.0 0.0 -0.5099999904632568 -0.4699999988079071 0.0 0.0 -0.5099999904632568 -0.4699999988079071 0.0 0.0 -0.5099999904632568 -0.4699999988079071 0.0 0.0 -0.5099999904632568 -0.4699999988079071 0.0 0.0 -0.5099999904632568 -0.4699999988079071 0.0
1138 0.0 0.0 -0.5099999904632568 -0.4699999988079071 0.0 0.0 -0.5099999904632568 -0.4699999988079071 0.0 0.0 -0.5099999904632568 -0.4699999988079071 0.0 0.0 -0.5099999904632568 -0.4699999988079071 0.0 0.0 -0.5099999904632568 -0.4699999988079071 0.0 0.0 -0.5099999904632568 -0.4699999988079071 0.0 0.0 -0.5099999904632568
1139 0.0 0.0 -0.5099999904632568 -0.4699999988079071 0.0 0.0 -0.5099999904632568 -0.4699999988079071 0.0 0.0 -0.5099999904632568 -0.4699999988079071 0.0 0.0 -0.5099999904632568 -0.4699999988079071 0.0 0.0 -0.5099999904632568 -0.4699999988079071 0.0 0.0 -0.5099999904632568 -0.4699999988079071 0.0
114 0.0 0.0 -0.5099999904632568 0.0 -0.5099999904632568 -0.4699999988079071 0.0 0.0 -0.5099999904632568 -0.28999999165534973 0.0 0.0 -0.5099999904632568 -0.4699999988079071 0.0 0.0 -0.5099999904632568 -0.4699999988079071 0.0 0.0 -0.5099999904632568 -0.28999999165534973 0.0 0.0 -0.5099999904632568 -0.4699999988079071 0.0 0.0 -0.5099999904632568 -0.4699999988079071 0.0 0.0 -0.5099999904632568 -0.28999999165534973
1140 0.0 0.0 -0.5099999904632568 -0.4699999988079071 0.0 0.0 -0.5099999904632568 -0.4699999988079071 0.0 0.0 -0.5099999904632568 -0.4699999988079071 0.0 0.0 -0.5099999904632568 -0.4699999988079071 0.0 0.0 -0.5099999904632568 -0.4699999988079071 0.0 0.0 -0.5099999904632568 -0.4699999988079071 0.0 0.0 -0.5099999904632568
1141 0.0 0.0 -0.5099999904632568 -0.4699999988079071 0.0 0.0 -0.5099999904632568 -0.4699999988079071 0.0 0.0 -0.5099999904632568 -0.4699999988079071 0.0 0.0 -0.5099999904632568 -0.4699999988079071 0.0 0.0 -0.5099999904632568 -0.4699999988079071 0.0 0.0 -0.5099999904632568 -0.28999999165534973 0.0 0.0 -0.5099999904632568 -0.28999999165534973 0.0 0.0
1142 -0.4699999988079071 0.0 0.0 -0.5099999904632568 -0.4699999988079071 0.0 0.0 -0.5099999904632568 -0.4699999988079071 0.0 0.0 -0.5099999904632568 -0.4699999988079071 0.0 0.0 -0.5099999904632568 -0.4699999988079071 0.0 0.0 -0.5099999904632568 -0.28999999165534973 0.0 0.0 -0.5099999904632568 -0.28999999165534973 0.0
1143 0.0 -0.4699999988079071 0.0 0.0 -0.5099999904632568 -0.4699999988079071 0.0 0.0 -0.5099999904632568 -0.4699999988079071 0.0 0.0 -0.5099999904632568 -0.4699999988079071 0.0 0.0 -0.5099999904632568 -0.28999999165534973 0.0 0.0 -0.5099999904632568 -0.28999999165534973 0.0 0.0 -0.5099999904632568 -0.28999999165534973 0.0
1144 0.0 -0.4699999988079071 0.0 0.0 -0.5099999904632568 -0.4699999988079071 0.0 0.0 -0.5099999904632568 -0.4699999988079071 0.0 0.0 -0.5099999904632568 -0.28999999165534973 0.0 0.0 -0.5099999904632568 -0.28999999165534973 0.0 0.0 -0.5099999904632568 -0.28999999165534973 0.0 0.0 -0.5099999904632568 -0.4699999988079071 -0.019999999552965164 0.0 -0.5099999904632568
1145 -0.4699999988079071 0.0 0.0 -0.5099999904632568 -0.4699999988079071 0.0 0.0 -0.5099999904632568 -0.28999999165534973 0.0 0.0 -0.5099999904632568 -0.28999999165534973 0.0 0.0 -0.5099999904632568 -0.28999999165534973 0.0 0.0 -0.5099999904632568 -0.4699999988079071 -0.019999999552965164 0.0 -0.5099999904632568 -0.4699999988079071 0.0 0.0 -0.5099999904632568
1146 -0.4699999988079071 0.0 0.0 -0.5099999904632568 -0.28999999165534973 0.0 0.0 -0.5099999904632568 -0.28999999165534973 0.0 0.0 -0.5099999904632568 -0.28999999165534973 0.0 0.0 -0.5099999904632568 -0.4699999988079071 -0.019999999552965164 0.0 -0.5099999904632568 -0.4699999988079071 0.0 0.0 -0.5099999904632568 -0.28999999165534973 0.0
1147 -0.28999999165534973 0.0 0.0 -0.5099999904632568 -0.28999999165534973 0.0 0.0 -0.5099999904632568 -0.28999999165534973 0.0 0.0 -0.5099999904632568 -0.4699999988079071 -0.019999999552965164 0.0 -0.5099999904632568 -0.4699999988079071 0.0 0.0 -0.5099999904632568 -0.28999999165534973 0.0 0.0 -0.5099999904632568 -0.28999999165534973 0.0 0.0
1148 0.0 0.0 -0.5099999904632568 -0.28999999165534973 0.0 0.0 -0.5099999904632568 -0.4699999988079071 -0.019999999552965164 0.0 -0.5099999904632568 -0.4699999988079071 0.0 0.0 -0.5099999904632568 -0.28999999165534973 0.0 0.0 -0.5099999904632568 -0.28999999165534973 0.0 0.0 -0.5099999904632568 -0.4699999988079071 0.0
1149 0.0 0.0 -0.5099999904632568 -0.4699999988079071 -0.019999999552965164 0.0 -0.5099999904632568 -0.4699999988079071 0.0 0.0 -0.5099999904632568 -0.28999999165534973 0.0 0.0 -0.5099999904632568 -0.28999999165534973 0.0 0.0 -0.5099999904632568 -0.4699999988079071 0.0 0.0 -0.5099999904632568 -0.4699999988079071 0.0
115 0.0 -0.5099999904632568 -0.28999999165534973 0.0 0.0 -0.5099999904632568 -0.4699999988079071 0.0 0.0 -0.5099999904632568 -0.4699999988079071 0.0 0.0 -0.5099999904632568 -0.28999999165534973 0.0 0.0 -0.5099999904632568 -0.4699999988079071 0.0 0.0 -0.5099999904632568 -0.4699999988079071 0.0 0.0 -0.5099999904632568 -0.28999999165534973 0.0 0.0 -0.5099999904632568 -0.4699999988079071
1150 -0.019999999552965164 0.0 -0.5099999904632568 -0.4699999988079071 0.0 0.0 -0.5099999904632568 -0.28999999165534973 0.0 0.0 -0.5099999904632568 -0.28999999165534973 0.0 0.0 -0.5099999904632568 -0.4699999988079071 0.0 0.0 -0.5099999904632568 -0.4699999988079071 0.0 0.0 -0.5099999904632568 -0.28999999165534973 0.0
1151 0.0 0.0 -0.5099999904632568 -0.28999999165534973 0.0 0.0 -0.5099999904632568 -0.28999999165534973 0.0 0.0 -0.5099999904632568 -0.4699999988079071 0.0 0.0 -0.5099999904632568 -0.4699999988079071 0.0 0.0 -0.5099999904632568 -0.28999999165534973 0.0 0.0 -0.5099999904632568 -0.28999999165534973 0.0
1152 0.0 0.0 -0.5099999904632568 -0.28999999165534973 0.0 0.0 -0.5099999904632568 -0.4699999988079071 0.0 0.0 -0.5099999904632568 -0.4699999988079071 0.0 0.0 -0.5099999904632568 -0.28999999165534973 0.0 0.0 -0.5099999904632568 -0.28999999165534973 0.0 0.0 -0.5099999904632568 -0.4699999988079071 -0.019999999552965164
1153 0.0 0.0 -0.5099999904632568 -0.4699999988079071 0.0 0.0 -0.5099999904632568 -0.4699999988079071 0.0 0.0 -0.5099999904632568 -0.28999999165534973 0.0 0.0 -0.5099999904632568 -0.28999999165534973 0.0 0.0 -0.5099999904632568 -0.4699999988079071 -0.019999999552965164 0.0 -0.5099999904632568 -0.4699999988079071 0.0 0.0
1154 0.0 0.0 -0.5099999904632568 -0.4699999988079071 0.0 0.0 -0.5099999904632568 -0.28999999165534973 0.0 0.0 -0.5099999904632568 -0.28999999165534973 0.0 0.0 -0.5099999904632568 -0.4699999988079071 -0.019999999552965164 0.0 -0.5099999904632568 -0.4699999988079071 0.0 0.0 -0.5099999904632568 -0.4699999988079071 0.0
1155 0.0 0.0 -0.5099999904632568 -0.28999999165534973 0.0 0.0 -0.5099999904632568 -0.28999999165534973 0.0 0.0 -0.5099999904632568 -0.4699999988079071 -0.019999999552965164 0.0 -0.5099999904632568 -0.4699999988079071 0.0 0.0 -0.5099999904632568 -0.4699999988079071 0.0 0.0 -0.5099999904632568 -0.4699999988079071 0.0 0.0 -0.5099999904632568 -0.4699999988079071
1156 0.0 0.0 -0.5099999904632568 -0.28999999165534973 0.0 0.0 -0.5099999904632568 -0.4699999988079071 -0.019999999552965164 0.0 -0.5099999904632568 -0.4699999988079071 0.0 0.0 -0.5099999904632568 -0.4699999988079071 0.0 0.0 -0.5099999904632568 -0.4699999988079071 0.0 0.0 -0.5099999904632568 -0.4699999988079071 0.0
1157 0.0 0.0 -0.5099999904632568 -0.4699999988079071 -0.019999999552965164 0.0 -0.5099999904632568 -0.4699999988079071 0.0 0.0 -0.5099999904632568 -0.4699999988079071 0.0 0.0 -0.5099999904632568 -0.4699999988079071 0.0 0.0 -0.5099999904632568 -0.4699999988079071 0.0 0.0 -0.5099999904632568 -0.28999999165534973 0.0 0.0
1158 -0.4699999988079071 -0.019999999552965164 0.0 -0.5099999904632568 -0.4699999988079071 0.0 0.0 -0.5099999904632568 -0.4699999988079071 0.0 0.0 -0.5099999904632568 -0.4699999988079071 0.0 0.0 -0.5099999904632568 -0.4699999988079071 0.0 0.0 -0.5099999904632568 -0.28999999165534973 0.0 0.0 -0.5099999904632568 -0.4699999988079071 0.0 0.0 -0.5099999904632568
1159 0.0 -0.5099999904632568 -0.4699999988079071 0.0 0.0 -0.5099999904632568 -0.4699999988079071 0.0 0.0 -0.5099999904632568 -0.4699999988079071 0.0 0.0 -0.5099999904632568 -0.4699999988079071 0.0 0.0 -0.5099999904632568 -0.28999999165534973 0.0 0.0 -0.5099999904632568 -0.4699999988079071 0.0 0.0 -0.5099999904632568 -0.4699999988079071 0.0 0.0 -0.5099999904632568 -0.4699999988079071 0.0 0.0 -0.5099999904632568
116 0.0 -0.5099999904632568 -0.4699999988079071 0.0 0.0 -0.5099999904632568 -0.4699999988079071 0.0 0.0 -0.5099999904632568 -0.28999999165534973 0.0 0.0 -0.5099999904632568 -0.4699999988079071 0.0 0.0 -0.5099999904632568 -0.4699999988079071 0.0 0.0 -0.5099999904632568 -0.28999999165534973 0.0 0.0 -0.5099999904632568 -0.4699999988079071 0.0 0.0 -0.5099999904632568 -0.4699999988079071 0.0 -0.5099999904632568 -0.4699999988079071 -0.019999999552965164 0.0 -0.5099999904632568
1160 -0.4699999988079071 0.0 0.0 -0.5099999904632568 -0.4699999988079071 0.0 0.0 -0.5099999904632568 -0.4699999988079071 0.0 0.0 -0.5099999904632568 -0.28999999165534973 0.0 0.0 -0.5099999904632568 -0.4699999988079071 0.0 0.0 -0.5099999904632568 -0.4699999988079071 0.0 0.0 -0.5099999904632568 -0.4699999988079071 0.0 0.0 -0.5099999904632568 -0.4699999988079071
1161 -0.4699999988079071 0.0 0.0 -0.5099999904632568 -0.4699999988079071 0.0 0.0 -0.5099999904632568 -0.28999999165534973 0.0 0.0 -0.5099999904632568 -0.4699999988079071 0.0 0.0 -0.5099999904632568 -0.4699999988079071 0.0 0.0 -0.5099999904632568 -0.4699999988079071 0.0 0.0 -0.5099999904632568 -0.4699999988079071 0.0 0.0 -0.5099999904632568 -0.4699999988079071
1162 -0.4699999988079071 0.0 0.0 -0.5099999904632568 -0.28999999165534973 0.0 0.0 -0.5099999904632568 -0.4699999988079071 0.0 0.0 -0.5099999904632568 -0.4699999988079071 0.0 0.0 -0.5099999904632568 -0.4699999988079071 0.0 0.0 -0.5099999904632568 -0.4699999988079071 0.0 0.0 -0.5099999904632568 -0.4699999988079071 0.0 0.0 -0.5099999904632568 -0.4699999988079071 0.0 -0.5099999904632568 -0.4699999988079071 0.0
1163 0.0 -0.5099999904632568 -0.28999999165534973 0.0 0.0 -0.5099999904632568 -0.4699999988079071 0.0 0.0 -0.5099999904632568 -0.4699999988079071 0.0 0.0 -0.5099999904632568 -0.4699999988079071 0.0 0.0 -0.5099999904632568 -0.4699999988079071 0.0 0.0 -0.5099999904632568 -0.4699999988079071 0.0 0.0 -0.5099999904632568 -0.4699999988079071 0.0 0.0 -0.5099999904632568 -0.4699999988079071 0.0
1164 0.0 0.0 -0.5099999904632568 -0.4699999988079071 0.0 0.0 -0.5099999904632568 -0.4699999988079071 0.0 0.0 -0.5099999904632568 -0.4699999988079071 0.0 0.0 -0.5099999904632568 -0.4699999988079071 0.0 0.0 -0.5099999904632568 -0.4699999988079071 0.0 0.0 -0.5099999904632568 -0.4699999988079071 0.0 0.0 -0.5099999904632568 -0.4699999988079071 0.0 0.0 -0.5099999904632568 -0.4699999988079071 0.0
1165 0.0 -0.5099999904632568 -0.4699999988079071 0.0 0.0 -0.5099999904632568 -0.4699999988079071 0.0 0.0 -0.5099999904632568 -0.4699999988079071 0.0 0.0 -0.5099999904632568 -0.4699999988079071 0.0 0.0 -0.5099999904632568 -0.4699999988079071 0.0 0.0 -0.5099999904632568 -0.4699999988079071 0.0 0.0 -0.5099999904632568 -0.4699999988079071 0.0 0.0 -0.4699999988079071
1166 0.0 -0.5099999904632568 -0.4699999988079071 0.0 0.0 -0.5099999904632568 -0.4699999988079071 0.0 0.0 -0.5099999904632568 -0.4699999988079071 0.0 0.0 -0.5099999904632568 -0.4699999988079071 0.0 0.0 -0.5099999904632568 -0.4699999988079071 0.0 0.0 -0.5099999904632568 -0.4699999988079071 0.0 0.0 -0.5099999904632568 -0.4699999988079071 0.0 0.0 -0.5099999904632568 -0.4699999988079071 0.0 0.0 -0.5099999904632568 -0.28999999165534973
1167 0.0 0.0 0.0 0.0 -0.5099999904632568 -0.4699999988079071 0.0 0.0 -0.5099999904632568 -0.4699999988079071 0.0 0.0 -0.5099999904632568 -0.4699999988079071 0.0 0.0 -0.5099999904632568 -0.4699999988079071 0.0 0.0 -0.5099999904632568 -0.4699999988079071 0.0 0.0 -0.5099999904632568 -0.4699999988079071 0.0 0.0 -0.5099999904632568 -0.4699999988079071 0.0 0.0 -0.5099999904632568 -0.28999999165534973
1168 0.0 0.0 -0.5099999904632568 -0.4699999988079071 0.0 0.0 -0.5099999904632568 -0.4699999988079071 0.0 0.0 -0.5099999904632568 -0.4699999988079071 0.0 0.0 -0.5099999904632568 -0.4699999988079071 0.0 0.0 -0.5099999904632568 -0.4699999988079071 0.0 0.0 -0.5099999904632568 -0.4699999988079071 0.0 0.0 -0.5099999904632568 -0.28999999165534973 0.0 0.0 -0.5099999904632568 -0.4699999988079071 -0.5099999904632568
1169 0.0 -0.5099999904632568 -0.4699999988079071 0.0 0.0 -0.5099999904632568 -0.4699999988079071 0.0 0.0 -0.5099999904632568 -0.4699999988079071 0.0 0.0 -0.5099999904632568 -0.4699999988079071 0.0 0.0 -0.5099999904632568 -0.4699999988079071 0.0 0.0 -0.5099999904632568 -0.28999999165534973 0.0 0.0 -0.5099999904632568 -0.4699999988079071 -0.019999999552965164 0.0 -0.5099999904632568
117 0.0 -0.4699999988079071 0.0 0.0 -0.5099999904632568 -0.28999999165534973 0.0 0.0 -0.5099999904632568 -0.4699999988079071 0.0 0.0 -0.5099999904632568 -0.4699999988079071 0.0 0.0 -0.5099999904632568 -0.28999999165534973 0.0 0.0 -0.5099999904632568 -0.4699999988079071 0.0 0.0 -0.5099999904632568 -0.4699999988079071 0.0 0.0 -0.5099999904632568 -0.28999999165534973 -0.5099999904632568 -0.4699999988079071 0.0 0.0 -0.5099999904632568 -0.4699999988079071 0.0 0.0 -0.5099999904632568 -0.4699999988079071 -0.019999999552965164 0.0 -0.5099999904632568
1170 0.0 -0.5099999904632568 -0.4699999988079071 0.0 0.0 -0.5099999904632568 -0.4699999988079071 0.0 0.0 -0.5099999904632568 -0.4699999988079071 0.0 0.0 -0.5099999904632568 -0.4699999988079071 0.0 0.0 -0.5099999904632568 -0.28999999165534973 0.0 0.0 -0.5099999904632568 -0.4699999988079071 -0.019999999552965164 0.0 -0.5099999904632568 -0.4699999988079071 0.0 0.0
1171 0.0 -0.5099999904632568 -0.4699999988079071 0.0 0.0 -0.5099999904632568 -0.4699999988079071 0.0 0.0 -0.5099999904632568 -0.4699999988079071 0.0 0.0 -0.5099999904632568 -0.28999999165534973 0.0 0.0 -0.5099999904632568 -0.4699999988079071 -0.019999999552965164 0.0 -0.5099999904632568 -0.4699999988079071 0.0 0.0 -0.5099999904632568 -0.4699999988079071 0.0 0.0 -0.5099999904632568
1172 0.0 -0.5099999904632568 -0.4699999988079071 0.0 0.0 -0.5099999904632568 -0.4699999988079071 0.0 0.0 -0.5099999904632568 -0.28999999165534973 0.0 0.0 -0.5099999904632568 -0.4699999988079071 -0.019999999552965164 0.0 -0.5099999904632568 -0.4699999988079071 0.0 0.0 -0.5099999904632568 -0.4699999988079071 0.0 0.0 -0.5099999904632568 -0.4699999988079071 0.0 0.0 -0.5099999904632568 -0.4699999988079071
1173 -0.4699999988079071 0.0 0.0 -0.5099999904632568 -0.28999999165534973 0.0 0.0 -0.5099999904632568 -0.4699999988079071 -0.019999999552965164 0.0 -0.5099999904632568 -0.4699999988079071 0.0 0.0 -0.5099999904632568 -0.4699999988079071 0.0 0.0 -0.5099999904632568 -0.4699999988079071 0.0 0.0 -0.5099999904632568 -0.4699999988079071 0.0 0.0 -0.5099999904632568
1174 0.0 0.0 -0.5099999904632568 -0.4699999988079071 -0.019999999552965164 0.0 -0.5099999904632568 -0.4699999988079071 0.0 0.0 -0.5099999904632568 -0.4699999988079071 0.0 0.0 -0.5099999904632568 -0.4699999988079071 0.0 0.0 -0.5099999904632568 -0.4699999988079071 0.0 0.0 -0.5099999904632568 -0.4699999988079071 0.0 0.0 -0.5099999904632568
1175 -0.019999999552965164 0.0 -0.5099999904632568 -0.4699999988079071 0.0 0.0 -0.5099999904632568 -0.4699999988079071 0.0 0.0 -0.5099999904632568 -0.4699999988079071 0.0 0.0 -0.5099999904632568 -0.4699999988079071 0.0 0.0 -0.5099999904632568 -0.4699999988079071 0.0 0.0 -0.5099999904632568 -0.4699999988079071 0.0 0.0 -0.5099999904632568
1176 0.0 -0.4699999988079071 0.0 0.0 -0.5099999904632568 -0.4699999988079071 0.0 0.0 -0.5099999904632568 -0.4699999988079071 0.0 0.0 -0.5099999904632568 -0.4699999988079071 0.0 0.0 -0.5099999904632568 -0.4699999988079071 0.0 0.0 -0.5099999904632568 -0.4699999988079071 0.0 0.0 -0.5099999904632568 -0.4699999988079071 0.0 0.0 -0.5099999904632568
1177 -0.4699999988079071 0.0 0.0 -0.5099999904632568 -0.4699999988079071 0.0 0.0 -0.5099999904632568 -0.4699999988079071 0.0 0.0 -0.5099999904632568 -0.4699999988079071 0.0 0.0 -0.5099999904632568 -0.4699999988079071 0.0 0.0 -0.5099999904632568 -0.4699999988079071 0.0 0.0 -0.5099999904632568 -0.4699999988079071 -0.019999999552965164
1178 -0.4699999988079071 0.0 0.0 -0.5099999904632568 -0.4699999988079071 0.0 0.0 -0.5099999904632568 -0.4699999988079071 0.0 0.0 -0.5099999904632568 -0.4699999988079071 0.0 0.0 -0.5099999904632568 -0.4699999988079071 0.0 0.0 -0.5099999904632568 -0.4699999988079071 -0.019999999552965164 0.0 -0.5099999904632568 -0.4699999988079071 0.0
1179 -0.4699999988079071 0.0 0.0 -0.5099999904632568 -0.4699999988079071 0.0 0.0 -0.5099999904632568 -0.4699999988079071 0.0 0.0 -0.5099999904632568 -0.4699999988079071 0.0 0.0 -0.5099999904632568 -0.4699999988079071 -0.019999999552965164 0.0 -0.5099999904632568 -0.4699999988079071 0.0 0.0 -0.5099999904632568 -0.4699999988079071 0.0 0.0 -0.5099999904632568
118 0.0 -0.5099999904632568 -0.28999999165534973 0.0 0.0 -0.5099999904632568 -0.4699999988079071 0.0 0.0 -0.5099999904632568 -0.4699999988079071 0.0 0.0 -0.5099999904632568 -0.28999999165534973 0.0 0.0 -0.5099999904632568 -0.4699999988079071 0.0 0.0 -0.5099999904632568 -0.4699999988079071 0.0 0.0 -0.5099999904632568 -0.28999999165534973 0.0 0.0 -0.5099999904632568 -0.28999999165534973 0.0 -0.5099999904632568 -0.4699999988079071 0.0 0.0 -0.5099999904632568 -0.4699999988079071 0.0 0.0 -0.5099999904632568 -0.4699999988079071 -0.019999999552965164 0.0 -0.5099999904632568 -0.4699999988079071 0.0 0.0 -0.5099999904632568 -0.4699999988079071
1180 0.0 0.0 -0.5099999904632568 -0.4699999988079071 0.0 0.0 -0.5099999904632568 -0.4699999988079071 0.0 0.0 -0.5099999904632568 -0.4699999988079071 -0.019999999552965164 0.0 -0.5099999904632568 -0.4699999988079071 0.0 0.0 -0.5099999904632568 -0.4699999988079071 0.0 0.0 -0.5099999904632568 -0.28999999165534973 0.0 0.0 -0.5099999904632568
1181 0.0 0.0 -0.5099999904632568 -0.4699999988079071 0.0 0.0 -0.5099999904632568 -0.4699999988079071 -0.019999999552965164 0.0 -0.5099999904632568 -0.4699999988079071 0.0 0.0 -0.5099999904632568 -0.4699999988079071 0.0 0.0 -0.5099999904632568 -0.28999999165534973 0.0 0.0 -0.5099999904632568 -0.4699999988079071 0.0 0.0
1182 0.0 0.0 -0.5099999904632568 -0.4699999988079071 -0.019999999552965164 0.0 -0.5099999904632568 -0.4699999988079071 0.0 0.0 -0.5099999904632568 -0.4699999988079071 0.0 0.0 -0.5099999904632568 -0.28999999165534973 0.0 0.0 -0.5099999904632568 -0.4699999988079071 0.0 0.0 -0.5099999904632568 -0.4699999988079071 0.0 0.0 -0.5099999904632568
1183 -0.4699999988079071 -0.019999999552965164 0.0 -0.5099999904632568 -0.4699999988079071 0.0 0.0 -0.5099999904632568 -0.4699999988079071 0.0 0.0 -0.5099999904632568 -0.28999999165534973 0.0 0.0 -0.5099999904632568 -0.4699999988079071 0.0 0.0 -0.5099999904632568 -0.4699999988079071 0.0 0.0 -0.5099999904632568 -0.28999999165534973 0.0 0.0
1184 0.0 0.0 -0.5099999904632568 -0.4699999988079071 0.0 0.0 -0.5099999904632568 -0.28999999165534973 0.0 0.0 -0.5099999904632568 -0.4699999988079071 0.0 0.0 -0.5099999904632568 -0.4699999988079071 0.0 0.0 -0.5099999904632568 -0.28999999165534973 0.0 0.0 -0.5099999904632568 -0.4699999988079071 0.0 0.0 -0.5099999904632568
1185 -0.4699999988079071 0.0 0.0 -0.5099999904632568 -0.28999999165534973 0.0 0.0 -0.5099999904632568 -0.4699999988079071 0.0 0.0 -0.5099999904632568 -0.4699999988079071 0.0 0.0 -0.5099999904632568 -0.28999999165534973 0.0 0.0 -0.5099999904632568 -0.4699999988079071 0.0 0.0 -0.5099999904632568 -0.4699999988079071 0.0 0.0 -0.5099999904632568 -0.28999999165534973
1186 0.0 -0.28999999165534973 0.0 0.0 -0.5099999904632568 -0.4699999988079071 0.0 0.0 -0.5099999904632568 -0.4699999988079071 0.0 0.0 -0.5099999904632568 -0.28999999165534973 0.0 0.0 -0.5099999904632568 -0.4699999988079071 0.0 0.0 -0.5099999904632568 -0.4699999988079071 0.0 0.0 -0.5099999904632568 -0.28999999165534973 0.0 0.0 -0.5099999904632568 -0.4699999988079071
1187 -0.4699999988079071 0.0 0.0 -0.5099999904632568 -0.4699999988079071 0.0 0.0 -0.5099999904632568 -0.28999999165534973 0.0 0.0 -0.5099999904632568 -0.4699999988079071 0.0 0.0 -0.5099999904632568 -0.4699999988079071 0.0 0.0 -0.5099999904632568 -0.28999999165534973 0.0 0.0 -0.5099999904632568 -0.4699999988079071 -0.019999999552965164 0.0 -0.5099999904632568
1188 0.0 0.0 -0.5099999904632568 -0.28999999165534973 0.0 0.0 -0.5099999904632568 -0.4699999988079071 0.0 0.0 -0.5099999904632568 -0.4699999988079071 0.0 0.0 -0.5099999904632568 -0.28999999165534973 0.0 0.0 -0.5099999904632568 -0.4699999988079071 -0.019999999552965164 0.0 -0.5099999904632568 -0.4699999988079071 0.0 0.0 -0.4699999988079071
1189 0.0 -0.5099999904632568 -0.28999999165534973 0.0 0.0 -0.5099999904632568 -0.4699999988079071 0.0 0.0 -0.5099999904632568 -0.4699999988079071 0.0 0.0 -0.5099999904632568 -0.28999999165534973 0.0 0.0 -0.5099999904632568 -0.4699999988079071 -0.019999999552965164 0.0 -0.5099999904632568 -0.4699999988079071 0.0 0.0 -0.5099999904632568 -0.4699999988079071 0.0 0.0 -0.5099999904632568 -0.4699999988079071
119 0.0 -0.5099999904632568 -0.4699999988079071 0.0 0.0 -0.5099999904632568 -0.4699999988079071 0.0 0.0 -0.5099999904632568 -0.28999999165534973 0.0 0.0 -0.5099999904632568 -0.4699999988079071 0.0 0.0 -0.5099999904632568 -0.4699999988079071 0.0 0.0 -0.5099999904632568 -0.28999999165534973 0.0 0.0 -0.5099999904632568 -0.28999999165534973 0.0 0.0 -0.5099999904632568 -0.4699999988079071 -0.5099999904632568 -0.5099999904632568 -0.019999999552965164
1190 -0.4699999988079071 0.0 0.0 -0.5099999904632568 -0.4699999988079071 0.0 0.0 -0.5099999904632568 -0.28999999165534973 0.0 0.0 -0.5099999904632568 -0.4699999988079071 -0.019999999552965164 0.0 -0.5099999904632568 -0.4699999988079071 0.0 0.0 -0.5099999904632568 -0.4699999988079071 0.0 0.0 -0.5099999904632568 -0.4699999988079071 0.0 0.0 -0.5099999904632568 -0.4699999988079071 -0.5099999904632568
1191 -0.4699999988079071 0.0 0.0 -0.5099999904632568 -0.28999999165534973 0.0 0.0 -0.5099999904632568 -0.4699999988079071 -0.019999999552965164 0.0 -0.5099999904632568 -0.4699999988079071 0.0 0.0 -0.5099999904632568 -0.4699999988079071 0.0 0.0 -0.5099999904632568 -0.4699999988079071 0.0 0.0 -0.5099999904632568 -0.4699999988079071 0.0 0.0 -0.5099999904632568 -0.28999999165534973 0.0 0.0 -0.5099999904632568 -0.28999999165534973 0.0 0.0 -0.5099999904632568 -0.4699999988079071
1192 -0.28999999165534973 0.0 0.0 -0.5099999904632568 -0.4699999988079071 -0.019999999552965164 0.0 -0.5099999904632568 -0.4699999988079071 0.0 0.0 -0.5099999904632568 -0.4699999988079071 0.0 0.0 -0.5099999904632568 -0.4699999988079071 0.0 0.0 -0.5099999904632568 -0.4699999988079071 0.0 0.0 -0.5099999904632568 -0.28999999165534973 0.0
1193 -0.4699999988079071 -0.019999999552965164 0.0 -0.5099999904632568 -0.4699999988079071 0.0 0.0 -0.5099999904632568 -0.4699999988079071 0.0 0.0 -0.5099999904632568 -0.4699999988079071 0.0 0.0 -0.5099999904632568 -0.4699999988079071 0.0 0.0 -0.5099999904632568 -0.28999999165534973 0.0 0.0 -0.5099999904632568 -0.28999999165534973 0.0 0.0 -0.5099999904632568
1194 0.0 -0.5099999904632568 -0.4699999988079071 0.0 0.0 -0.5099999904632568 -0.4699999988079071 0.0 0.0 -0.5099999904632568 -0.4699999988079071 0.0 0.0 -0.5099999904632568 -0.4699999988079071 0.0 0.0 -0.5099999904632568 -0.28999999165534973 0.0 0.0 -0.5099999904632568 -0.28999999165534973 0.0 0.0 -0.5099999904632568 -0.4699999988079071 -0.019999999552965164
1195 -0.5099999904632568 0.0 0.0 -0.5099999904632568 -0.4699999988079071 0.0 0.0 -0.5099999904632568 -0.4699999988079071 0.0 0.0 -0.5099999904632568 -0.4699999988079071 0.0 0.0 -0.5099999904632568 -0.28999999165534973 0.0 0.0 -0.5099999904632568 -0.28999999165534973 0.0 0.0 -0.5099999904632568 -0.4699999988079071 -0.019999999552965164 0.0 -0.5099999904632568 -0.4699999988079071 0.0 0.0 -0.5099999904632568 -0.4699999988079071
1196 0.0 0.0 -0.5099999904632568 -0.4699999988079071 0.0 0.0 -0.5099999904632568 -0.28999999165534973 0.0 0.0 -0.5099999904632568 -0.28999999165534973 0.0 0.0 -0.5099999904632568 -0.4699999988079071 -0.019999999552965164 0.0 -0.5099999904632568 -0.4699999988079071 0.0 0.0 -0.5099999904632568 -0.4699999988079071 0.0 -0.5099999904632568
1197 0.0 0.0 -0.5099999904632568 -0.28999999165534973 0.0 0.0 -0.5099999904632568 -0.28999999165534973 0.0 0.0 -0.5099999904632568 -0.4699999988079071 -0.019999999552965164 0.0 -0.5099999904632568 -0.4699999988079071 0.0 0.0 -0.5099999904632568 -0.4699999988079071 0.0 0.0 -0.5099999904632568 -0.4699999988079071 0.0 0.0 -0.5099999904632568
1198 -0.28999999165534973 0.0 0.0 -0.5099999904632568 -0.28999999165534973 0.0 0.0 -0.5099999904632568 -0.4699999988079071 -0.019999999552965164 0.0 -0.5099999904632568 -0.4699999988079071 0.0 0.0 -0.5099999904632568 -0.4699999988079071 0.0 0.0 -0.5099999904632568 -0.4699999988079071 0.0 0.0 -0.5099999904632568 -0.4699999988079071 0.0
1199 0.0 0.0 -0.5099999904632568 -0.4699999988079071 -0.019999999552965164 0.0 -0.5099999904632568 -0.4699999988079071 0.0 0.0 -0.5099999904632568 -0.4699999988079071 0.0 0.0 -0.5099999904632568 -0.4699999988079071 0.0 0.0 -0.5099999904632568 -0.4699999988079071 0.0 0.0 -0.5099999904632568 -0.4699999988079071 0.0
12 0.0 -0.5099999904632568 -0.4699999988079071 -0.019999999552965164 0.0 -0.5099999904632568 -0.4699999988079071 0.0 0.0 -0.5099999904632568 -0.4699999988079071 0.0 0.0 -0.5099999904632568 -0.4699999988079071 0.0 0.0 -0.5099999904632568 -0.4699999988079071 0.0 0.0 -0.5099999904632568 -0.4699999988079071 0.0 0.0 -0.5099999904632568 -0.4699999988079071 0.0 0.0 -0.5099999904632568 -0.4699999988079071 -0.019999999552965164
120 0.0 -0.5099999904632568 -0.4699999988079071 0.0 0.0 -0.5099999904632568 -0.28999999165534973 0.0 0.0 -0.5099999904632568 -0.4699999988079071 0.0 0.0 -0.5099999904632568 -0.4699999988079071 0.0 0.0 -0.5099999904632568 -0.28999999165534973 0.0 0.0 -0.5099999904632568 -0.28999999165534973 0.0 0.0 -0.5099999904632568 -0.4699999988079071 0.0 0.0 -0.5099999904632568 -0.4699999988079071 -0.5099999904632568
1200 -0.019999999552965164 0.0 -0.5099999904632568 -0.4699999988079071 0.0 0.0 -0.5099999904632568 -0.4699999988079071 0.0 0.0 -0.5099999904632568 -0.4699999988079071 0.0 0.0 -0.5099999904632568 -0.4699999988079071 0.0 0.0 -0.5099999904632568 -0.4699999988079071 0.0 0.0 -0.5099999904632568 -0.4699999988079071 0.0
1201 0.0 -0.5099999904632568 -0.4699999988079071 0.0 0.0 -0.5099999904632568 -0.4699999988079071 0.0 0.0 -0.5099999904632568 -0.4699999988079071 0.0 0.0 -0.5099999904632568 -0.4699999988079071 0.0 0.0 -0.5099999904632568 -0.4699999988079071 0.0 0.0 -0.5099999904632568 -0.4699999988079071 0.0 0.0 -0.5099999904632568 -0.4699999988079071 0.0 -0.5099999904632568
1202 -0.4699999988079071 0.0 0.0 -0.5099999904632568 -0.4699999988079071 0.0 0.0 -0.5099999904632568 -0.4699999988079071 0.0 0.0 -0.5099999904632568 -0.4699999988079071 0.0 0.0 -0.5099999904632568 -0.4699999988079071 0.0 0.0 -0.5099999904632568 -0.4699999988079071 0.0 0.0 -0.5099999904632568 -0.28999999165534973 0.0
1203 0.0 0.0 -0.5099999904632568 -0.4699999988079071 0.0 0.0 -0.5099999904632568 -0.4699999988079071 0.0 0.0 -0.5099999904632568 -0.4699999988079071 0.0 0.0 -0.5099999904632568 -0.4699999988079071 0.0 0.0 -0.5099999904632568 -0.28999999165534973 0.0 0.0 -0.5099999904632568 -0.4699999988079071 0.0
1204 -0.4699999988079071 0.0 0.0 -0.5099999904632568 -0.4699999988079071 0.0 0.0 -0.5099999904632568 -0.4699999988079071 0.0 0.0 -0.5099999904632568 -0.4699999988079071 0.0 0.0 -0.5099999904632568 -0.28999999165534973 0.0 0.0 -0.5099999904632568 -0.4699999988079071 0.0 0.0 -0.5099999904632568 -0.4699999988079071 0.0 0.0 -0.5099999904632568
1205 0.0 0.0 -0.5099999904632568 -0.4699999988079071 0.0 0.0 -0.5099999904632568 -0.4699999988079071 0.0 0.0 -0.5099999904632568 -0.28999999165534973 0.0 0.0 -0.5099999904632568 -0.4699999988079071 0.0 0.0 -0.5099999904632568 -0.4699999988079071 0.0 0.0 -0.5099999904632568 -0.28999999165534973 0.0
1206 0.0 0.0 -0.5099999904632568 -0.4699999988079071 0.0 0.0 -0.5099999904632568 -0.28999999165534973 0.0 0.0 -0.5099999904632568 -0.4699999988079071 0.0 0.0 -0.5099999904632568 -0.4699999988079071 0.0 0.0 -0.5099999904632568 -0.28999999165534973 0.0 0.0 -0.5099999904632568 -0.4699999988079071 0.0
1207 0.0 0.0 -0.5099999904632568 -0.28999999165534973 0.0 0.0 -0.5099999904632568 -0.4699999988079071 0.0 0.0 -0.5099999904632568 -0.4699999988079071 0.0 0.0 -0.5099999904632568 -0.28999999165534973 0.0 0.0 -0.5099999904632568 -0.4699999988079071 0.0 0.0 -0.5099999904632568 -0.4699999988079071 0.0
1208 0.0 0.0 -0.5099999904632568 -0.4699999988079071 0.0 0.0 -0.5099999904632568 -0.4699999988079071 0.0 0.0 -0.5099999904632568 -0.28999999165534973 0.0 0.0 -0.5099999904632568 -0.4699999988079071 0.0 0.0 -0.5099999904632568 -0.4699999988079071 0.0 0.0 -0.5099999904632568 -0.4699999988079071 0.0
1209 0.0 0.0 -0.5099999904632568 -0.4699999988079071 0.0 0.0 -0.5099999904632568 -0.28999999165534973 0.0 0.0 -0.5099999904632568 -0.4699999988079071 0.0 0.0 -0.5099999904632568 -0.4699999988079071 0.0 0.0 -0.5099999904632568 -0.4699999988079071 0.0 0.0 -0.5099999904632568 -0.28999999165534973 0.0
121 0.0 -0.5099999904632568 -0.28999999165534973 0.0 0.0 -0.5099999904632568 -0.4699999988079071 0.0 0.0 -0.5099999904632568 -0.4699999988079071 0.0 0.0 -0.5099999904632568 -0.28999999165534973 0.0 0.0 -0.5099999904632568 -0.28999999165534973 0.0 0.0 -0.5099999904632568 -0.4699999988079071 0.0 0.0 -0.5099999904632568 -0.4699999988079071 0.0 0.0 -0.5099999904632568
1210 -0.4699999988079071 0.0 0.0 -0.5099999904632568 -0.28999999165534973 0.0 0.0 -0.5099999904632568 -0.4699999988079071 0.0 0.0 -0.5099999904632568 -0.4699999988079071 0.0 0.0 -0.5099999904632568 -0.4699999988079071 0.0 0.0 -0.5099999904632568 -0.28999999165534973 0.0 0.0 -0.5099999904632568 -0.4699999988079071 -0.019999999552965164 0.0
1211 0.0 0.0 -0.5099999904632568 -0.4699999988079071 0.0 0.0 -0.5099999904632568 -0.4699999988079071 0.0 0.0 -0.5099999904632568 -0.4699999988079071 0.0 0.0 -0.5099999904632568 -0.28999999165534973 0.0 0.0 -0.5099999904632568 -0.4699999988079071 -0.019999999552965164 0.0 -0.5099999904632568 -0.28999999165534973 0.0 0.0 -0.5099999904632568 -0.28999999165534973 0.0
1212 0.0 0.0 -0.5099999904632568 -0.4699999988079071 0.0 0.0 -0.5099999904632568 -0.4699999988079071 0.0 0.0 -0.5099999904632568 -0.28999999165534973 0.0 0.0 -0.5099999904632568 -0.4699999988079071 -0.019999999552965164 0.0 -0.5099999904632568 -0.28999999165534973 0.0 0.0 -0.5099999904632568 -0.28999999165534973 0.0 0.0 -0.5099999904632568
1213 -0.4699999988079071 0.0 0.0 -0.5099999904632568 -0.4699999988079071 0.0 0.0 -0.5099999904632568 -0.28999999165534973 0.0 0.0 -0.5099999904632568 -0.4699999988079071 -0.019999999552965164 0.0 -0.5099999904632568 -0.28999999165534973 0.0 0.0 -0.5099999904632568 -0.28999999165534973 0.0 0.0 -0.5099999904632568 -0.28999999165534973 0.0 0.0 -0.5099999904632568
1214 -0.4699999988079071 0.0 0.0 -0.5099999904632568 -0.28999999165534973 0.0 0.0 -0.5099999904632568 -0.4699999988079071 -0.019999999552965164 0.0 -0.5099999904632568 -0.28999999165534973 0.0 0.0 -0.5099999904632568 -0.28999999165534973 0.0 0.0 -0.5099999904632568 -0.28999999165534973 0.0 0.0 -0.5099999904632568 -0.28999999165534973 0.0 0.0 -0.5099999904632568 -0.4699999988079071
1215 -0.28999999165534973 0.0 0.0 -0.5099999904632568 -0.4699999988079071 -0.019999999552965164 0.0 -0.5099999904632568 -0.28999999165534973 0.0 0.0 -0.5099999904632568 -0.28999999165534973 0.0 0.0 -0.5099999904632568 -0.28999999165534973 0.0 0.0 -0.5099999904632568 -0.28999999165534973 0.0 0.0 -0.5099999904632568 -0.4699999988079071 0.0 0.0 -0.5099999904632568 -0.4699999988079071
1216 0.0 -0.4699999988079071 -0.019999999552965164 0.0 -0.5099999904632568 -0.28999999165534973 0.0 0.0 -0.5099999904632568 -0.28999999165534973 0.0 0.0 -0.5099999904632568 -0.28999999165534973 0.0 0.0 -0.5099999904632568 -0.28999999165534973 0.0 0.0 -0.5099999904632568 -0.4699999988079071 0.0 0.0 -0.5099999904632568 -0.4699999988079071 0.0 0.0 -0.5099999904632568 -0.4699999988079071
1217 0.0 -0.28999999165534973 0.0 0.0 -0.5099999904632568 -0.28999999165534973 0.0 0.0 -0.5099999904632568 -0.28999999165534973 0.0 0.0 -0.5099999904632568 -0.28999999165534973 0.0 0.0 -0.5099999904632568 -0.4699999988079071 0.0 0.0 -0.5099999904632568 -0.4699999988079071 0.0 0.0 -0.5099999904632568 -0.4699999988079071 0.0 0.0 -0.4699999988079071
1218 0.0 -0.5099999904632568 -0.28999999165534973 0.0 0.0 -0.5099999904632568 -0.28999999165534973 0.0 0.0 -0.5099999904632568 -0.28999999165534973 0.0 0.0 -0.5099999904632568 -0.4699999988079071 0.0 0.0 -0.5099999904632568 -0.4699999988079071 0.0 0.0 -0.5099999904632568 -0.4699999988079071 0.0 0.0 -0.5099999904632568 -0.4699999988079071 0.0 0.0 -0.5099999904632568 -0.4699999988079071 0.0 0.0
1219 0.0 -0.5099999904632568 -0.28999999165534973 0.0 0.0 -0.5099999904632568 -0.28999999165534973 0.0 0.0 -0.5099999904632568 -0.4699999988079071 0.0 0.0 -0.5099999904632568 -0.4699999988079071 0.0 0.0 -0.5099999904632568 -0.4699999988079071 0.0 0.0 -0.5099999904632568 -0.4699999988079071 0.0 0.0 -0.5099999904632568 -0.4699999988079071 0.0 0.0 -0.5099999904632568 -0.4699999988079071
122 -0.5099999904632568 -0.4699999988079071 0.0 0.0 -0.5099999904632568 -0.4699999988079071 0.0 0.0 -0.5099999904632568 -0.28999999165534973 0.0 0.0 -0.5099999904632568 -0.28999999165534973 0.0 0.0 -0.5099999904632568 -0.4699999988079071 0.0 0.0 -0.5099999904632568 -0.4699999988079071 0.0 0.0 -0.5099999904632568 -0.4699999988079071 0.0 0.0 -0.5099999904632568
1220 0.0 -0.5099999904632568 -0.28999999165534973 0.0 0.0 -0.5099999904632568 -0.4699999988079071 0.0 0.0 -0.5099999904632568 -0.4699999988079071 0.0 0.0 -0.5099999904632568 -0.4699999988079071 0.0 0.0 -0.5099999904632568 -0.4699999988079071 0.0 0.0 -0.5099999904632568 -0.4699999988079071 0.0 0.0 -0.5099999904632568 -0.4699999988079071 0.0 0.0 -0.5099999904632568 -0.4699999988079071 0.0
1221 0.0 -0.5099999904632568 -0.4699999988079071 0.0 0.0 -0.5099999904632568 -0.4699999988079071 0.0 0.0 -0.5099999904632568 -0.4699999988079071 0.0 0.0 -0.5099999904632568 -0.4699999988079071 0.0 0.0 -0.5099999904632568 -0.4699999988079071 0.0 0.0 -0.5099999904632568 -0.4699999988079071 0.0 0.0 -0.5099999904632568 -0.4699999988079071 0.0 0.0 -0.5099999904632568
1222 0.0 -0.5099999904632568 -0.4699999988079071 0.0 0.0 -0.5099999904632568 -0.4699999988079071 0.0 0.0 -0.5099999904632568 -0.4699999988079071 0.0 0.0 -0.5099999904632568 -0.4699999988079071 0.0 0.0 -0.5099999904632568 -0.4699999988079071 0.0 0.0 -0.5099999904632568 -0.4699999988079071 0.0 0.0 -0.5099999904632568 -0.4699999988079071 0.0 0.0 -0.5099999904632568 -0.4699999988079071 0.0 0.0 -0.5099999904632568 -0.4699999988079071
1223 0.0 -0.5099999904632568 -0.4699999988079071 0.0 0.0 -0.5099999904632568 -0.4699999988079071 0.0 0.0 -0.5099999904632568 -0.4699999988079071 0.0 0.0 -0.5099999904632568 -0.4699999988079071 0.0 0.0 -0.5099999904632568 -0.4699999988079071 0.0 0.0 -0.5099999904632568 -0.4699999988079071 0.0 0.0 -0.5099999904632568 -0.4699999988079071 0.0 0.0 -0.5099999904632568 -0.28999999165534973
1224 0.0 0.0 -0.5099999904632568 -0.4699999988079071 0.0 0.0 -0.5099999904632568 -0.4699999988079071 0.0 0.0 -0.5099999904632568 -0.4699999988079071 0.0 0.0 -0.5099999904632568 -0.4699999988079071 0.0 0.0 -0.5099999904632568 -0.4699999988079071 0.0 0.0 -0.5099999904632568 -0.4699999988079071 0.0 0.0 -0.5099999904632568 -0.28999999165534973 0.0 0.0 -0.5099999904632568
1225 -0.4699999988079071 0.0 0.0 -0.5099999904632568 -0.4699999988079071 0.0 0.0 -0.5099999904632568 -0.4699999988079071 0.0 0.0 -0.5099999904632568 -0.4699999988079071 0.0 0.0 -0.5099999904632568 -0.4699999988079071 0.0 0.0 -0.5099999904632568 -0.28999999165534973 0.0 0.0 -0.5099999904632568 -0.4699999988079071 0.0 0.0 -0.5099999904632568 -0.4699999988079071
1226 -0.5099999904632568 0.0 0.0 -0.5099999904632568 -0.4699999988079071 0.0 0.0 -0.5099999904632568 -0.4699999988079071 0.0 0.0 -0.5099999904632568 -0.4699999988079071 0.0 0.0 -0.5099999904632568 -0.4699999988079071 0.0 0.0 -0.5099999904632568 -0.4699999988079071 0.0 0.0 -0.5099999904632568 -0.4699999988079071 0.0 0.0 -0.5099999904632568 -0.4699999988079071 0.0 0.0 -0.5099999904632568 -0.28999999165534973 0.0 0.0 -0.5099999904632568 -0.4699999988079071 0.0 0.0 -0.5099999904632568 -0.4699999988079071 0.0 0.0 -0.5099999904632568 -0.4699999988079071
1227 0.0 -0.5099999904632568 -0.4699999988079071 0.0 0.0 -0.5099999904632568 -0.4699999988079071 0.0 0.0 -0.5099999904632568 -0.4699999988079071 0.0 0.0 -0.5099999904632568 -0.28999999165534973 0.0 0.0 -0.5099999904632568 -0.4699999988079071 0.0 0.0 -0.5099999904632568 -0.4699999988079071 0.0 0.0 -0.5099999904632568 -0.4699999988079071 0.0 0.0
1228 -0.4699999988079071 0.0 0.0 -0.5099999904632568 -0.4699999988079071 0.0 0.0 -0.5099999904632568 -0.28999999165534973 0.0 0.0 -0.5099999904632568 -0.4699999988079071 0.0 0.0 -0.5099999904632568 -0.4699999988079071 0.0 0.0 -0.5099999904632568 -0.4699999988079071 0.0 0.0 -0.5099999904632568 -0.4699999988079071 0.0 0.0 -0.5099999904632568 -0.4699999988079071
1229 0.0 -0.5099999904632568 -0.4699999988079071 0.0 0.0 -0.5099999904632568 -0.28999999165534973 0.0 0.0 -0.5099999904632568 -0.4699999988079071 0.0 0.0 -0.5099999904632568 -0.4699999988079071 0.0 0.0 -0.5099999904632568 -0.4699999988079071 0.0 0.0 -0.5099999904632568 -0.4699999988079071 0.0 0.0 -0.5099999904632568 -0.4699999988079071 0.0 0.0 -0.5099999904632568
123 0.0 0.0 -0.5099999904632568 -0.4699999988079071 0.0 0.0 -0.5099999904632568 -0.28999999165534973 0.0 0.0 -0.5099999904632568 -0.28999999165534973 0.0 0.0 -0.5099999904632568 -0.4699999988079071 0.0 0.0 -0.5099999904632568 -0.4699999988079071 0.0 0.0 -0.5099999904632568 -0.4699999988079071 0.0 0.0 -0.5099999904632568 -0.28999999165534973 0.0 0.0 -0.5099999904632568
1230 0.0 -0.5099999904632568 -0.4699999988079071 0.0 0.0 -0.5099999904632568 -0.4699999988079071 0.0 0.0 -0.5099999904632568 -0.28999999165534973 0.0 0.0 -0.5099999904632568 -0.4699999988079071 0.0 0.0 -0.5099999904632568 -0.4699999988079071 0.0 0.0 -0.5099999904632568 -0.4699999988079071 0.0 0.0 -0.5099999904632568 -0.4699999988079071 0.0 0.0 -0.5099999904632568 -0.4699999988079071 0.0 0.0 -0.5099999904632568 -0.4699999988079071 -0.019999999552965164 0.0
1231 0.0 -0.5099999904632568 -0.4699999988079071 0.0 0.0 -0.5099999904632568 -0.4699999988079071 0.0 0.0 -0.5099999904632568 -0.4699999988079071 0.0 0.0 -0.5099999904632568 -0.4699999988079071 0.0 0.0 -0.5099999904632568 -0.4699999988079071 0.0 0.0 -0.5099999904632568 -0.4699999988079071 -0.019999999552965164 0.0 -0.5099999904632568 -0.4699999988079071 0.0 0.0 -0.5099999904632568
1232 -0.5099999904632568 0.0 -0.5099999904632568 -0.4699999988079071 0.0 0.0 -0.5099999904632568 -0.4699999988079071 0.0 0.0 -0.5099999904632568 -0.4699999988079071 0.0 0.0 -0.5099999904632568 -0.4699999988079071 0.0 0.0 -0.5099999904632568 -0.4699999988079071 -0.019999999552965164 0.0 -0.5099999904632568 -0.4699999988079071 0.0 0.0 -0.5099999904632568 -0.4699999988079071 0.0 -0.5099999904632568
1233 -0.4699999988079071 0.0 0.0 -0.5099999904632568 -0.4699999988079071 0.0 0.0 -0.5099999904632568 -0.4699999988079071 0.0 0.0 -0.5099999904632568 -0.4699999988079071 -0.019999999552965164 0.0 -0.5099999904632568 -0.4699999988079071 0.0 0.0 -0.5099999904632568 -0.4699999988079071 0.0 0.0 -0.5099999904632568 -0.4699999988079071 0.0 0.0 -0.5099999904632568
1234 -0.4699999988079071 0.0 0.0 -0.5099999904632568 -0.4699999988079071 0.0 0.0 -0.5099999904632568 -0.4699999988079071 -0.019999999552965164 0.0 -0.5099999904632568 -0.4699999988079071 0.0 0.0 -0.5099999904632568 -0.4699999988079071 0.0 0.0 -0.5099999904632568 -0.4699999988079071 0.0 0.0 -0.5099999904632568 -0.4699999988079071 0.0 -0.5099999904632568
1235 -0.4699999988079071 0.0 0.0 -0.5099999904632568 -0.4699999988079071 -0.019999999552965164 0.0 -0.5099999904632568 -0.4699999988079071 0.0 0.0 -0.5099999904632568 -0.4699999988079071 0.0 0.0 -0.5099999904632568 -0.4699999988079071 0.0 0.0 -0.5099999904632568 -0.4699999988079071 0.0 0.0 -0.5099999904632568 -0.28999999165534973 0.0 0.0 -0.5099999904632568
1236 -0.019999999552965164 0.0 -0.5099999904632568 -0.4699999988079071 0.0 0.0 -0.5099999904632568 -0.4699999988079071 0.0 0.0 -0.5099999904632568 -0.4699999988079071 0.0 0.0 -0.5099999904632568 -0.4699999988079071 0.0 0.0 -0.5099999904632568 -0.28999999165534973 0.0 0.0 -0.5099999904632568 -0.4699999988079071 0.0 0.0 -0.5099999904632568
1237 0.0 0.0 -0.5099999904632568 -0.4699999988079071 0.0 0.0 -0.5099999904632568 -0.4699999988079071 0.0 0.0 -0.5099999904632568 -0.4699999988079071 0.0 0.0 -0.5099999904632568 -0.28999999165534973 0.0 0.0 -0.5099999904632568 -0.4699999988079071 0.0 0.0 -0.5099999904632568 -0.4699999988079071 0.0 0.0 -0.5099999904632568
1238 0.0 0.0 -0.5099999904632568 -0.4699999988079071 0.0 0.0 -0.5099999904632568 -0.4699999988079071 0.0 0.0 -0.5099999904632568 -0.28999999165534973 0.0 0.0 -0.5099999904632568 -0.4699999988079071 0.0 0.0 -0.5099999904632568 -0.4699999988079071 0.0 0.0 -0.5099999904632568 -0.4699999988079071 0.0
1239 -0.5099999904632568 -0.4699999988079071 0.0 0.0 -0.5099999904632568 -0.4699999988079071 0.0 0.0 -0.5099999904632568 -0.28999999165534973 0.0 0.0 -0.5099999904632568 -0.4699999988079071 0.0 0.0 -0.5099999904632568 -0.4699999988079071 0.0 0.0 -0.5099999904632568 -0.4699999988079071 0.0 0.0 -0.5099999904632568 -0.28999999165534973 0.0
124 -0.5099999904632568 0.0 0.0 -0.5099999904632568 -0.28999999165534973 0.0 0.0 -0.5099999904632568 -0.4699999988079071 0.0 0.0 -0.5099999904632568 -0.4699999988079071 0.0 0.0 -0.5099999904632568 -0.4699999988079071 0.0 0.0 -0.5099999904632568 -0.28999999165534973 0.0 0.0 -0.5099999904632568 -0.4699999988079071 0.0 0.0 -0.5099999904632568
1240 -0.4699999988079071 0.0 0.0 -0.5099999904632568 -0.28999999165534973 0.0 0.0 -0.5099999904632568 -0.4699999988079071 0.0 0.0 -0.5099999904632568 -0.4699999988079071 0.0 0.0 -0.5099999904632568 -0.4699999988079071 0.0 0.0 -0.5099999904632568 -0.28999999165534973 0.0 0.0 -0.5099999904632568 -0.28999999165534973 0.0 0.0 -0.5099999904632568 -0.4699999988079071 0.0
1241 0.0 0.0 -0.5099999904632568 -0.4699999988079071 0.0 0.0 -0.5099999904632568 -0.4699999988079071 0.0 0.0 -0.5099999904632568 -0.4699999988079071 0.0 0.0 -0.5099999904632568 -0.28999999165534973 0.0 0.0 -0.5099999904632568 -0.28999999165534973 0.0 0.0 -0.5099999904632568 -0.4699999988079071 0.0 0.0 -0.5099999904632568 -0.4699999988079071
1242 -0.4699999988079071 0.0 0.0 -0.5099999904632568 -0.4699999988079071 0.0 0.0 -0.5099999904632568 -0.4699999988079071 0.0 0.0 -0.5099999904632568 -0.28999999165534973 0.0 0.0 -0.5099999904632568 -0.28999999165534973 0.0 0.0 -0.5099999904632568 -0.4699999988079071 0.0 0.0 -0.5099999904632568 -0.4699999988079071 0.0 -0.5099999904632568
1243 -0.4699999988079071 0.0 0.0 -0.5099999904632568 -0.4699999988079071 0.0 0.0 -0.5099999904632568 -0.28999999165534973 0.0 0.0 -0.5099999904632568 -0.28999999165534973 0.0 0.0 -0.5099999904632568 -0.4699999988079071 0.0 0.0 -0.5099999904632568 -0.4699999988079071 0.0 0.0 -0.5099999904632568 -0.4699999988079071 0.0 0.0 -0.5099999904632568
1244 0.0 0.0 -0.5099999904632568 -0.4699999988079071 0.0 0.0 -0.5099999904632568 -0.28999999165534973 0.0 0.0 -0.5099999904632568 -0.28999999165534973 0.0 0.0 -0.5099999904632568 -0.4699999988079071 0.0 0.0 -0.5099999904632568 -0.4699999988079071 0.0 0.0 -0.5099999904632568 -0.4699999988079071 0.0 0.0 -0.5099999904632568 -0.4699999988079071 0.0 0.0 -0.5099999904632568 -0.4699999988079071 -0.019999999552965164 0.0 -0.5099999904632568 -0.4699999988079071 0.0 0.0 -0.5099999904632568 -0.28999999165534973 0.0
1245 0.0 -0.5099999904632568 -0.28999999165534973 0.0 0.0 -0.5099999904632568 -0.28999999165534973 0.0 0.0 -0.5099999904632568 -0.4699999988079071 0.0 0.0 -0.5099999904632568 -0.4699999988079071 0.0 0.0 -0.5099999904632568 -0.4699999988079071 0.0 0.0 -0.5099999904632568 -0.4699999988079071 0.0 0.0 -0.5099999904632568 -0.4699999988079071 -0.019999999552965164
1246 0.0 0.0 -0.5099999904632568 -0.4699999988079071 0.0 0.0 -0.5099999904632568 -0.4699999988079071 0.0 0.0 -0.5099999904632568 -0.4699999988079071 0.0 0.0 -0.5099999904632568 -0.4699999988079071 0.0 0.0 -0.5099999904632568 -0.4699999988079071 -0.019999999552965164 0.0 -0.5099999904632568 -0.4699999988079071 0.0 0.0 -0.5099999904632568
1247 -0.4699999988079071 0.0 0.0 -0.5099999904632568 -0.4699999988079071 0.0 0.0 -0.5099999904632568 -0.4699999988079071 0.0 0.0 -0.5099999904632568 -0.4699999988079071 0.0 0.0 -0.5099999904632568 -0.4699999988079071 -0.019999999552965164 0.0 -0.5099999904632568 -0.4699999988079071 0.0 0.0 -0.5099999904632568 -0.28999999165534973 0.0
1248 -0.4699999988079071 0.0 0.0 -0.5099999904632568 -0.4699999988079071 0.0 0.0 -0.5099999904632568 -0.4699999988079071 0.0 0.0 -0.5099999904632568 -0.4699999988079071 -0.019999999552965164 0.0 -0.5099999904632568 -0.4699999988079071 0.0 0.0 -0.5099999904632568 -0.28999999165534973 0.0 0.0 -0.5099999904632568 -0.4699999988079071 0.0
1249 0.0 -0.5099999904632568 -0.4699999988079071 0.0 0.0 -0.5099999904632568 -0.4699999988079071 0.0 0.0 -0.5099999904632568 -0.4699999988079071 -0.019999999552965164 0.0 -0.5099999904632568 -0.4699999988079071 0.0 0.0 -0.5099999904632568 -0.28999999165534973 0.0 0.0 -0.5099999904632568 -0.4699999988079071 0.0 0.0 -0.5099999904632568 -0.4699999988079071 0.0
125 -0.28999999165534973 0.0 0.0 -0.5099999904632568 -0.4699999988079071 0.0 0.0 -0.5099999904632568 -0.4699999988079071 0.0 0.0 -0.5099999904632568 -0.4699999988079071 0.0 0.0 -0.5099999904632568 -0.28999999165534973 0.0 0.0 -0.5099999904632568 -0.4699999988079071 0.0 0.0 -0.5099999904632568 -0.4699999988079071 0.0 0.0
1250 -0.4699999988079071 0.0 0.0 -0.5099999904632568 -0.4699999988079071 -0.019999999552965164 0.0 -0.5099999904632568 -0.4699999988079071 0.0 0.0 -0.5099999904632568 -0.28999999165534973 0.0 0.0 -0.5099999904632568 -0.4699999988079071 0.0 0.0 -0.5099999904632568 -0.4699999988079071 0.0 0.0 -0.5099999904632568 -0.28999999165534973 0.0
1251 -0.4699999988079071 -0.019999999552965164 0.0 -0.5099999904632568 -0.4699999988079071 0.0 0.0 -0.5099999904632568 -0.28999999165534973 0.0 0.0 -0.5099999904632568 -0.4699999988079071 0.0 0.0 -0.5099999904632568 -0.4699999988079071 0.0 0.0 -0.5099999904632568 -0.28999999165534973 0.0 0.0 -0.5099999904632568 -0.4699999988079071 0.0 0.0 -0.5099999904632568
1252 -0.4699999988079071 0.0 0.0 -0.5099999904632568 -0.28999999165534973 0.0 0.0 -0.5099999904632568 -0.4699999988079071 0.0 0.0 -0.5099999904632568 -0.4699999988079071 0.0 0.0 -0.5099999904632568 -0.28999999165534973 0.0 0.0 -0.5099999904632568 -0.4699999988079071 0.0 0.0 -0.5099999904632568 -0.4699999988079071 0.0
1253 0.0 0.0 -0.5099999904632568 -0.4699999988079071 0.0 0.0 -0.5099999904632568 -0.4699999988079071 0.0 0.0 -0.5099999904632568 -0.28999999165534973 0.0 0.0 -0.5099999904632568 -0.4699999988079071 0.0 0.0 -0.5099999904632568 -0.4699999988079071 0.0 0.0 -0.5099999904632568 -0.4699999988079071 0.0 -0.5099999904632568
1254 0.0 0.0 -0.5099999904632568 -0.4699999988079071 0.0 0.0 -0.5099999904632568 -0.28999999165534973 0.0 0.0 -0.5099999904632568 -0.4699999988079071 0.0 0.0 -0.5099999904632568 -0.4699999988079071 0.0 0.0 -0.5099999904632568 -0.4699999988079071 0.0 0.0 -0.5099999904632568 -0.28999999165534973 0.0
1255 0.0 0.0 -0.5099999904632568 -0.28999999165534973 0.0 0.0 -0.5099999904632568 -0.4699999988079071 0.0 0.0 -0.5099999904632568 -0.4699999988079071 0.0 0.0 -0.5099999904632568 -0.4699999988079071 0.0 0.0 -0.5099999904632568 -0.28999999165534973 0.0 0.0 -0.5099999904632568 -0.4699999988079071 0.0 -0.5099999904632568
1256 0.0 0.0 -0.5099999904632568 -0.4699999988079071 0.0 0.0 -0.5099999904632568 -0.4699999988079071 0.0 0.0 -0.5099999904632568 -0.4699999988079071 0.0 0.0 -0.5099999904632568 -0.28999999165534973 0.0 0.0 -0.5099999904632568 -0.4699999988079071 0.0 0.0 -0.5099999904632568 -0.4699999988079071 0.0
1257 0.0 0.0 -0.5099999904632568 -0.4699999988079071 0.0 0.0 -0.5099999904632568 -0.4699999988079071 0.0 0.0 -0.5099999904632568 -0.28999999165534973 0.0 0.0 -0.5099999904632568 -0.4699999988079071 0.0 0.0 -0.5099999904632568 -0.4699999988079071 0.0 0.0 -0.5099999904632568 -0.4699999988079071 0.0
1258 0.0 0.0 -0.5099999904632568 -0.4699999988079071 0.0 0.0 -0.5099999904632568 -0.28999999165534973 0.0 0.0 -0.5099999904632568 -0.4699999988079071 0.0 0.0 -0.5099999904632568 -0.4699999988079071 0.0 0.0 -0.5099999904632568 -0.4699999988079071 0.0 0.0 -0.5099999904632568 -0.4699999988079071 0.0 0.0 -0.5099999904632568
1259 0.0 0.0 -0.5099999904632568 -0.28999999165534973 0.0 0.0 -0.5099999904632568 -0.4699999988079071 0.0 0.0 -0.5099999904632568 -0.4699999988079071 0.0 0.0 -0.5099999904632568 -0.4699999988079071 0.0 0.0 -0.5099999904632568 -0.4699999988079071 0.0 0.0 -0.5099999904632568 -0.4699999988079071 0.0 0.0 -0.5099999904632568
126 0.0 0.0 -0.5099999904632568 -0.4699999988079071 0.0 0.0 -0.5099999904632568 -0.4699999988079071 0.0 0.0 -0.5099999904632568 -0.28999999165534973 0.0 0.0 -0.5099999904632568 -0.4699999988079071 0.0 0.0 -0.5099999904632568 -0.4699999988079071 0.0 0.0 -0.5099999904632568 -0.28999999165534973 0.0
1260 0.0 0.0 -0.5099999904632568 -0.4699999988079071 0.0 0.0 -0.5099999904632568 -0.4699999988079071 0.0 0.0 -0.5099999904632568 -0.4699999988079071 0.0 0.0 -0.5099999904632568 -0.4699999988079071 0.0 0.0 -0.5099999904632568 -0.4699999988079071 0.0 0.0 -0.5099999904632568 -0.4699999988079071 0.0 0.0
1261 -0.4699999988079071 0.0 0.0 -0.5099999904632568 -0.4699999988079071 0.0 0.0 -0.5099999904632568 -0.4699999988079071 0.0 0.0 -0.5099999904632568 -0.4699999988079071 0.0 0.0 -0.5099999904632568 -0.4699999988079071 0.0 0.0 -0.5099999904632568 -0.4699999988079071 0.0 0.0 -0.5099999904632568 -0.4699999988079071 0.0
1262 -0.4699999988079071 0.0 0.0 -0.5099999904632568 -0.4699999988079071 0.0 0.0 -0.5099999904632568 -0.4699999988079071 0.0 0.0 -0.5099999904632568 -0.4699999988079071 0.0 0.0 -0.5099999904632568 -0.4699999988079071 0.0 0.0 -0.5099999904632568 -0.4699999988079071 0.0 0.0 -0.5099999904632568 -0.4699999988079071 0.0
1263 0.0 0.0 -0.5099999904632568 -0.4699999988079071 0.0 0.0 -0.5099999904632568 -0.4699999988079071 0.0 0.0 -0.5099999904632568 -0.4699999988079071 0.0 0.0 -0.5099999904632568 -0.4699999988079071 0.0 0.0 -0.5099999904632568 -0.4699999988079071 0.0 0.0 -0.5099999904632568 -0.28999999165534973 0.0
1264 0.0 0.0 -0.5099999904632568 -0.4699999988079071 0.0 0.0 -0.5099999904632568 -0.4699999988079071 0.0 0.0 -0.5099999904632568 -0.4699999988079071 0.0 0.0 -0.5099999904632568 -0.4699999988079071 0.0 0.0 -0.5099999904632568 -0.28999999165534973 0.0 0.0 -0.5099999904632568 -0.4699999988079071 0.0 0.0 -0.5099999904632568
1265 0.0 0.0 -0.5099999904632568 -0.4699999988079071 0.0 0.0 0.0 0.0 -0.5099999904632568 0.0 -0.5099999904632568 0.0 0.0 -0.5099999904632568 -0.4699999988079071 0.0 0.0 -0.5099999904632568 -0.4699999988079071 0.0 0.0 -0.5099999904632568 -0.4699999988079071 0.0 0.0 -0.5099999904632568 -0.28999999165534973 0.0 0.0 -0.5099999904632568 -0.4699999988079071 0.0 0.0 -0.5099999904632568 -0.4699999988079071 0.0
1266 -0.4699999988079071 0.0 -0.5099999904632568 -0.28999999165534973 0.0 0.0 -0.5099999904632568 -0.4699999988079071 0.0 0.0 -0.5099999904632568 -0.4699999988079071 0.0 0.0 -0.5099999904632568 0.0 0.0 -0.5099999904632568 -0.4699999988079071 0.0 0.0 -0.5099999904632568 -0.4699999988079071 0.0 0.0 -0.5099999904632568 -0.28999999165534973 0.0 0.0 -0.5099999904632568 -0.4699999988079071 0.0 0.0 -0.5099999904632568 -0.4699999988079071 0.0 0.0 -0.5099999904632568 -0.4699999988079071 0.0 0.0 -0.5099999904632568
1267 0.0 -0.5099999904632568 0.0 0.0 -0.5099999904632568 -0.4699999988079071 0.0 0.0 -0.5099999904632568 -0.4699999988079071 0.0 0.0 -0.5099999904632568 -0.28999999165534973 0.0 0.0 -0.5099999904632568 -0.4699999988079071 0.0 0.0 -0.5099999904632568 -0.4699999988079071 0.0 0.0 -0.5099999904632568 -0.4699999988079071 0.0 0.0 -0.5099999904632568 -0.4699999988079071 0.0
1268 0.0 -0.5099999904632568 -0.4699999988079071 0.0 0.0 -0.5099999904632568 -0.4699999988079071 0.0 0.0 -0.5099999904632568 -0.28999999165534973 0.0 0.0 -0.5099999904632568 -0.4699999988079071 0.0 0.0 -0.5099999904632568 -0.4699999988079071 0.0 0.0 -0.5099999904632568 -0.4699999988079071 0.0 0.0 -0.5099999904632568 -0.4699999988079071 0.0 0.0 -0.5099999904632568 -0.4699999988079071 0.0 -0.5099999904632568
1269 -0.5099999904632568 -0.28999999165534973 0.0 -0.5099999904632568 -0.4699999988079071 0.0 0.0 -0.5099999904632568 -0.4699999988079071 0.0 -0.28999999165534973 0.0 0.0 -0.5099999904632568 -0.4699999988079071 0.0 0.0 -0.5099999904632568 -0.4699999988079071 0.0 0.0 -0.5099999904632568 -0.4699999988079071 0.0 0.0 -0.5099999904632568 -0.4699999988079071 0.0 0.0 -0.5099999904632568 -0.4699999988079071 0.0 0.0 -0.5099999904632568 -0.28999999165534973 0.0
127 0.0 0.0 -0.5099999904632568 -0.4699999988079071 0.0 0.0 -0.5099999904632568 -0.28999999165534973 0.0 0.0 -0.5099999904632568 -0.4699999988079071 0.0 0.0 -0.5099999904632568 -0.4699999988079071 0.0 0.0 -0.5099999904632568 -0.28999999165534973 0.0 0.0 -0.5099999904632568 -0.4699999988079071 0.0
1270 0.0 0.0 -0.5099999904632568 -0.4699999988079071 0.0 0.0 -0.5099999904632568 -0.4699999988079071 0.0 0.0 -0.5099999904632568 -0.4699999988079071 0.0 0.0 -0.5099999904632568 -0.4699999988079071 0.0 0.0 -0.5099999904632568 -0.28999999165534973 0.0 0.0 -0.5099999904632568 -0.4699999988079071 0.0 0.0 -0.5099999904632568
1271 0.0 0.0 -0.5099999904632568 -0.4699999988079071 0.0 0.0 -0.5099999904632568 -0.4699999988079071 0.0 0.0 -0.5099999904632568 -0.4699999988079071 0.0 0.0 -0.5099999904632568 -0.4699999988079071 0.0 0.0 -0.5099999904632568 -0.28999999165534973 0.0 0.0 -0.5099999904632568 -0.4699999988079071 0.0 0.0 -0.5099999904632568 -0.4699999988079071 -0.019999999552965164 -0.5099999904632568
1272 -0.5099999904632568 0.0 0.0 -0.5099999904632568 -0.4699999988079071 0.0 0.0 -0.5099999904632568 -0.4699999988079071 0.0 0.0 -0.5099999904632568 -0.28999999165534973 0.0 0.0 -0.5099999904632568 -0.4699999988079071 0.0 0.0 -0.5099999904632568 -0.4699999988079071 -0.019999999552965164 0.0 -0.5099999904632568 -0.28999999165534973 0.0
1273 0.0 0.0 -0.5099999904632568 -0.4699999988079071 0.0 0.0 -0.5099999904632568 -0.28999999165534973 0.0 0.0 -0.5099999904632568 -0.4699999988079071 0.0 0.0 -0.5099999904632568 -0.4699999988079071 -0.019999999552965164 0.0 -0.5099999904632568 -0.28999999165534973 0.0 0.0 -0.5099999904632568 -0.4699999988079071 0.0 0.0 -0.5099999904632568
1274 0.0 0.0 -0.5099999904632568 -0.28999999165534973 0.0 0.0 -0.5099999904632568 -0.4699999988079071 0.0 0.0 -0.5099999904632568 -0.4699999988079071 -0.019999999552965164 0.0 -0.5099999904632568 -0.28999999165534973 0.0 0.0 -0.5099999904632568 -0.4699999988079071 0.0 0.0 -0.5099999904632568 -0.4699999988079071 0.0
1275 0.0 0.0 -0.5099999904632568 -0.4699999988079071 0.0 0.0 -0.5099999904632568 -0.4699999988079071 -0.019999999552965164 0.0 -0.5099999904632568 -0.28999999165534973 0.0 0.0 -0.5099999904632568 -0.4699999988079071 0.0 0.0 -0.5099999904632568 -0.4699999988079071 0.0 0.0 -0.5099999904632568 -0.4699999988079071 -0.019999999552965164 0.0 -0.5099999904632568
1276 0.0 0.0 -0.5099999904632568 -0.4699999988079071 -0.019999999552965164 0.0 -0.5099999904632568 -0.28999999165534973 0.0 0.0 -0.5099999904632568 -0.4699999988079071 0.0 0.0 -0.5099999904632568 -0.4699999988079071 0.0 0.0 -0.5099999904632568 -0.4699999988079071 -0.019999999552965164 0.0 -0.5099999904632568 -0.4699999988079071 -0.019999999552965164
1277 -0.019999999552965164 0.0 -0.5099999904632568 -0.28999999165534973 0.0 0.0 -0.5099999904632568 -0.4699999988079071 0.0 0.0 -0.5099999904632568 -0.4699999988079071 0.0 0.0 -0.5099999904632568 -0.4699999988079071 -0.019999999552965164 0.0 -0.5099999904632568 -0.4699999988079071 -0.019999999552965164 0.0 -0.5099999904632568 -0.4699999988079071 0.0 -0.5099999904632568
1278 0.0 0.0 -0.5099999904632568 -0.4699999988079071 0.0 0.0 -0.5099999904632568 -0.4699999988079071 0.0 0.0 -0.5099999904632568 -0.4699999988079071 -0.019999999552965164 0.0 -0.5099999904632568 -0.4699999988079071 -0.019999999552965164 0.0 -0.5099999904632568 -0.4699999988079071 0.0 0.0 -0.5099999904632568 -0.4699999988079071 0.0
1279 0.0 0.0 -0.5099999904632568 -0.4699999988079071 0.0 0.0 -0.5099999904632568 -0.4699999988079071 -0.019999999552965164 0.0 -0.5099999904632568 -0.4699999988079071 -0.019999999552965164 0.0 -0.5099999904632568 -0.4699999988079071 0.0 0.0 -0.5099999904632568 -0.4699999988079071 0.0 0.0 -0.5099999904632568 -0.4699999988079071 0.0 0.0 -0.5099999904632568
128 0.0 0.0 -0.5099999904632568 -0.28999999165534973 0.0 0.0 -0.5099999904632568 -0.4699999988079071 0.0 0.0 -0.5099999904632568 -0.4699999988079071 0.0 0.0 -0.5099999904632568 -0.28999999165534973 0.0 0.0 -0.5099999904632568 -0.4699999988079071 0.0 0.0 -0.5099999904632568 -0.28999999165534973 0.0
1280 0.0 0.0 -0.5099999904632568 -0.4699999988079071 -0.019999999552965164 0.0 -0.5099999904632568 -0.4699999988079071 -0.019999999552965164 0.0 -0.5099999904632568 -0.4699999988079071 0.0 0.0 -0.5099999904632568 -0.4699999988079071 0.0 0.0 -0.5099999904632568 -0.4699999988079071 0.0 0.0 -0.5099999904632568 -0.28999999165534973 0.0
1281 -0.019999999552965164 0.0 -0.5099999904632568 -0.4699999988079071 -0.019999999552965164 0.0 -0.5099999904632568 -0.4699999988079071 0.0 0.0 -0.5099999904632568 -0.4699999988079071 0.0 0.0 -0.5099999904632568 -0.4699999988079071 0.0 0.0 -0.5099999904632568 -0.28999999165534973 0.0 0.0 -0.5099999904632568 -0.4699999988079071 0.0
1282 -0.4699999988079071 -0.019999999552965164 0.0 -0.5099999904632568 -0.4699999988079071 0.0 0.0 -0.5099999904632568 -0.4699999988079071 0.0 0.0 -0.5099999904632568 -0.4699999988079071 0.0 0.0 -0.5099999904632568 -0.28999999165534973 0.0 0.0 -0.5099999904632568 -0.4699999988079071 0.0 0.0 -0.5099999904632568 -0.4699999988079071 0.0 0.0 -0.5099999904632568
1283 0.0 0.0 -0.5099999904632568 -0.4699999988079071 0.0 0.0 -0.5099999904632568 -0.4699999988079071 0.0 0.0 -0.5099999904632568 -0.28999999165534973 0.0 0.0 -0.5099999904632568 -0.4699999988079071 0.0 0.0 -0.5099999904632568 -0.4699999988079071 0.0 0.0 -0.5099999904632568 -0.4699999988079071 0.0
1284 0.0 0.0 -0.5099999904632568 -0.4699999988079071 0.0 0.0 -0.5099999904632568 -0.28999999165534973 0.0 0.0 -0.5099999904632568 -0.4699999988079071 0.0 0.0 -0.5099999904632568 -0.4699999988079071 0.0 0.0 -0.5099999904632568 -0.4699999988079071 0.0 0.0 -0.5099999904632568 -0.4699999988079071 0.0 -0.5099999904632568
1285 0.0 0.0 -0.5099999904632568 -0.28999999165534973 0.0 0.0 -0.5099999904632568 -0.4699999988079071 0.0 0.0 -0.5099999904632568 -0.4699999988079071 0.0 0.0 -0.5099999904632568 -0.4699999988079071 0.0 0.0 -0.5099999904632568 -0.4699999988079071 0.0 0.0 -0.5099999904632568 -0.4699999988079071 0.0 -0.5099999904632568
1286 0.0 0.0 -0.5099999904632568 -0.4699999988079071 0.0 0.0 -0.5099999904632568 -0.4699999988079071 0.0 0.0 -0.5099999904632568 -0.4699999988079071 0.0 0.0 -0.5099999904632568 -0.4699999988079071 0.0 0.0 -0.5099999904632568 -0.4699999988079071 0.0 0.0 -0.5099999904632568 -0.4699999988079071 -0.019999999552965164 0.0 -0.5099999904632568
1287 0.0 0.0 -0.5099999904632568 -0.4699999988079071 0.0 0.0 -0.5099999904632568 -0.4699999988079071 0.0 0.0 -0.5099999904632568 -0.4699999988079071 0.0 0.0 -0.5099999904632568 -0.4699999988079071 0.0 0.0 -0.5099999904632568 -0.4699999988079071 -0.019999999552965164 0.0 -0.5099999904632568 -0.4699999988079071 0.0
1288 0.0 0.0 -0.5099999904632568 -0.4699999988079071 0.0 0.0 -0.5099999904632568 -0.4699999988079071 0.0 0.0 -0.5099999904632568 -0.4699999988079071 0.0 0.0 -0.5099999904632568 -0.4699999988079071 -0.019999999552965164 0.0 -0.5099999904632568 -0.4699999988079071 0.0 0.0 -0.5099999904632568 -0.4699999988079071 0.0 -0.5099999904632568
1289 0.0 0.0 -0.5099999904632568 -0.4699999988079071 0.0 0.0 -0.5099999904632568 -0.4699999988079071 0.0 0.0 -0.5099999904632568 -0.4699999988079071 -0.019999999552965164 0.0 -0.5099999904632568 -0.4699999988079071 0.0 0.0 -0.5099999904632568 -0.4699999988079071 0.0 0.0 -0.5099999904632568 -0.4699999988079071 -0.019999999552965164 0.0 -0.5099999904632568
129 -0.28999999165534973 0.0 0.0 -0.5099999904632568 -0.4699999988079071 0.0 0.0 -0.5099999904632568 -0.4699999988079071 0.0 0.0 -0.5099999904632568 -0.28999999165534973 0.0 0.0 -0.5099999904632568 -0.4699999988079071 0.0 0.0 -0.5099999904632568 -0.28999999165534973 0.0 0.0 -0.5099999904632568 -0.4699999988079071
1290 0.0 0.0 -0.5099999904632568 -0.4699999988079071 0.0 0.0 -0.5099999904632568 -0.4699999988079071 -0.019999999552965164 0.0 -0.5099999904632568 -0.4699999988079071 0.0 0.0 -0.5099999904632568 -0.4699999988079071 0.0 0.0 -0.5099999904632568 -0.4699999988079071 -0.019999999552965164 0.0 -0.5099999904632568 -0.4699999988079071 0.0 0.0
1291 0.0 0.0 -0.5099999904632568 -0.4699999988079071 -0.019999999552965164 0.0 -0.5099999904632568 -0.4699999988079071 0.0 0.0 -0.5099999904632568 -0.4699999988079071 0.0 0.0 -0.5099999904632568 -0.4699999988079071 -0.019999999552965164 0.0 -0.5099999904632568 -0.4699999988079071 0.0 0.0 -0.5099999904632568 -0.4699999988079071 0.0 0.0 -0.5099999904632568
1292 -0.4699999988079071 -0.019999999552965164 0.0 -0.5099999904632568 -0.4699999988079071 0.0 0.0 -0.5099999904632568 -0.4699999988079071 0.0 0.0 -0.5099999904632568 -0.4699999988079071 -0.019999999552965164 0.0 -0.5099999904632568 -0.4699999988079071 0.0 0.0 -0.5099999904632568 -0.4699999988079071 0.0 0.0 -0.5099999904632568 -0.4699999988079071 0.0
1293 -0.4699999988079071 0.0 0.0 -0.5099999904632568 -0.4699999988079071 0.0 0.0 -0.5099999904632568 -0.4699999988079071 -0.019999999552965164 0.0 -0.5099999904632568 -0.4699999988079071 0.0 0.0 -0.5099999904632568 -0.4699999988079071 0.0 0.0 -0.5099999904632568 -0.4699999988079071 0.0 0.0 -0.5099999904632568 -0.4699999988079071 0.0 0.0 -0.5099999904632568
1294 -0.4699999988079071 0.0 0.0 -0.5099999904632568 -0.4699999988079071 -0.019999999552965164 0.0 -0.5099999904632568 -0.4699999988079071 0.0 0.0 -0.5099999904632568 -0.4699999988079071 0.0 0.0 -0.5099999904632568 -0.4699999988079071 0.0 0.0 -0.5099999904632568 -0.4699999988079071 0.0 0.0 -0.5099999904632568 -0.4699999988079071 -0.019999999552965164
1295 -0.019999999552965164 0.0 -0.5099999904632568 -0.4699999988079071 0.0 0.0 -0.5099999904632568 -0.4699999988079071 0.0 0.0 -0.5099999904632568 -0.4699999988079071 0.0 0.0 -0.5099999904632568 -0.4699999988079071 0.0 0.0 -0.5099999904632568 -0.4699999988079071 -0.019999999552965164 0.0 -0.5099999904632568 -0.4699999988079071 -0.019999999552965164 -0.5099999904632568
1296 0.0 0.0 -0.5099999904632568 -0.4699999988079071 0.0 0.0 -0.5099999904632568 -0.4699999988079071 0.0 0.0 -0.5099999904632568 -0.4699999988079071 0.0 0.0 -0.5099999904632568 -0.4699999988079071 -0.019999999552965164 0.0 -0.5099999904632568 -0.4699999988079071 -0.019999999552965164 0.0 -0.5099999904632568 -0.4699999988079071 0.0
1297 0.0 0.0 -0.5099999904632568 -0.4699999988079071 0.0 0.0 -0.5099999904632568 -0.4699999988079071 0.0 0.0 -0.5099999904632568 -0.4699999988079071 -0.019999999552965164 0.0 -0.5099999904632568 -0.4699999988079071 -0.019999999552965164 0.0 -0.5099999904632568 -0.4699999988079071 0.0 0.0 -0.5099999904632568 -0.28999999165534973 0.0
1298 0.0 0.0 -0.5099999904632568 -0.4699999988079071 0.0 0.0 -0.5099999904632568 -0.4699999988079071 -0.019999999552965164 0.0 -0.5099999904632568 -0.4699999988079071 -0.019999999552965164 0.0 -0.5099999904632568 -0.4699999988079071 0.0 0.0 -0.5099999904632568 -0.28999999165534973 0.0 0.0 -0.5099999904632568 -0.4699999988079071 -0.019999999552965164 0.0 -0.5099999904632568
1299 0.0 0.0 -0.5099999904632568 -0.4699999988079071 -0.019999999552965164 0.0 -0.5099999904632568 -0.4699999988079071 -0.019999999552965164 0.0 -0.5099999904632568 -0.4699999988079071 0.0 0.0 -0.5099999904632568 -0.28999999165534973 0.0 0.0 -0.5099999904632568 -0.4699999988079071 -0.019999999552965164 0.0 -0.5099999904632568 -0.4699999988079071 0.0 -0.5099999904632568
13 0.0 -0.5099999904632568 -0.4699999988079071 0.0 0.0 -0.5099999904632568 -0.4699999988079071 0.0 0.0 -0.5099999904632568 -0.4699999988079071 0.0 0.0 -0.5099999904632568 -0.4699999988079071 0.0 0.0 -0.5099999904632568 -0.4699999988079071 0.0 0.0 -0.5099999904632568 -0.4699999988079071 0.0 0.0 -0.5099999904632568 -0.4699999988079071 -0.019999999552965164 0.0 -0.5099999904632568 -0.4699999988079071 0.0
130 0.0 0.0 -0.5099999904632568 -0.4699999988079071 0.0 0.0 -0.5099999904632568 -0.28999999165534973 0.0 0.0 -0.5099999904632568 -0.4699999988079071 0.0 0.0 -0.5099999904632568 -0.28999999165534973 0.0 0.0 -0.5099999904632568 -0.4699999988079071 0.0 0.0 -0.5099999904632568 -0.4699999988079071 0.0
1300 -0.019999999552965164 0.0 -0.5099999904632568 -0.4699999988079071 -0.019999999552965164 0.0 -0.5099999904632568 -0.4699999988079071 0.0 0.0 -0.5099999904632568 -0.28999999165534973 0.0 0.0 -0.5099999904632568 -0.4699999988079071 -0.019999999552965164 0.0 -0.5099999904632568 -0.4699999988079071 0.0 0.0 -0.5099999904632568 -0.4699999988079071 0.0 0.0 -0.5099999904632568
1301 -0.019999999552965164 0.0 -0.5099999904632568 -0.4699999988079071 0.0 0.0 -0.5099999904632568 -0.28999999165534973 0.0 0.0 -0.5099999904632568 -0.4699999988079071 -0.019999999552965164 0.0 -0.5099999904632568 -0.4699999988079071 0.0 0.0 -0.5099999904632568 -0.4699999988079071 0.0 0.0 -0.5099999904632568 -0.4699999988079071 0.0 0.0 -0.5099999904632568 -0.4699999988079071
1302 0.0 0.0 -0.5099999904632568 -0.28999999165534973 0.0 0.0 -0.5099999904632568 -0.4699999988079071 -0.019999999552965164 0.0 -0.5099999904632568 -0.4699999988079071 0.0 0.0 -0.5099999904632568 -0.4699999988079071 0.0 0.0 -0.5099999904632568 -0.4699999988079071 0.0 0.0 -0.5099999904632568 -0.4699999988079071 0.0 0.0 -0.5099999904632568 -0.4699999988079071 0.0
1303 0.0 0.0 -0.5099999904632568 -0.4699999988079071 -0.019999999552965164 0.0 -0.5099999904632568 -0.4699999988079071 0.0 0.0 -0.5099999904632568 -0.4699999988079071 0.0 0.0 -0.5099999904632568 -0.4699999988079071 0.0 0.0 -0.5099999904632568 -0.4699999988079071 0.0 0.0 -0.5099999904632568 -0.4699999988079071 0.0 0.0 -0.5099999904632568 -0.4699999988079071
1304 -0.4699999988079071 -0.019999999552965164 0.0 -0.5099999904632568 -0.4699999988079071 0.0 0.0 -0.5099999904632568 -0.4699999988079071 0.0 0.0 -0.5099999904632568 -0.4699999988079071 0.0 0.0 -0.5099999904632568 -0.4699999988079071 0.0 0.0 -0.5099999904632568 -0.4699999988079071 0.0 0.0 -0.5099999904632568 -0.4699999988079071 0.0 0.0 -0.5099999904632568 -0.4699999988079071 0.0
1305 0.0 -0.5099999904632568 -0.4699999988079071 0.0 0.0 -0.5099999904632568 -0.4699999988079071 0.0 0.0 -0.5099999904632568 -0.4699999988079071 0.0 0.0 -0.5099999904632568 -0.4699999988079071 0.0 0.0 -0.5099999904632568 -0.4699999988079071 0.0 0.0 -0.5099999904632568 -0.4699999988079071 0.0 0.0 -0.5099999904632568 -0.4699999988079071 0.0 0.0 -0.5099999904632568 -0.4699999988079071 0.0 0.0 -0.5099999904632568 -0.4699999988079071
1306 0.0 0.0 -0.4699999988079071 0.0 0.0 -0.5099999904632568 -0.4699999988079071 0.0 0.0 -0.5099999904632568 -0.4699999988079071 0.0 0.0 -0.5099999904632568 -0.4699999988079071 0.0 0.0 -0.5099999904632568 -0.4699999988079071 0.0 0.0 -0.5099999904632568 -0.4699999988079071 0.0 0.0 -0.5099999904632568 -0.4699999988079071 0.0 0.0 -0.5099999904632568 -0.4699999988079071 0.0
1307 0.0 -0.5099999904632568 -0.4699999988079071 0.0 0.0 -0.5099999904632568 -0.4699999988079071 0.0 0.0 -0.5099999904632568 -0.4699999988079071 0.0 0.0 -0.5099999904632568 -0.4699999988079071 0.0 0.0 -0.5099999904632568 -0.4699999988079071 0.0 0.0 -0.5099999904632568 -0.4699999988079071 0.0 0.0 -0.5099999904632568 -0.4699999988079071 0.0 0.0 -0.5099999904632568 -0.4699999988079071 0.0 0.0 -0.4699999988079071
1308 0.0 0.0 -0.5099999904632568 -0.4699999988079071 0.0 0.0 -0.5099999904632568 -0.4699999988079071 0.0 0.0 -0.5099999904632568 -0.4699999988079071 0.0 0.0 -0.5099999904632568 -0.4699999988079071 0.0 0.0 -0.5099999904632568 -0.4699999988079071 0.0 0.0 -0.5099999904632568 -0.4699999988079071 0.0 0.0 -0.5099999904632568 -0.4699999988079071 0.0 0.0 -0.5099999904632568 -0.4699999988079071 0.0 0.0 -0.5099999904632568 -0.4699999988079071 0.0
1309 -0.4699999988079071 0.0 0.0 -0.5099999904632568 -0.4699999988079071 0.0 0.0 -0.5099999904632568 -0.4699999988079071 0.0 0.0 -0.5099999904632568 -0.4699999988079071 0.0 0.0 -0.5099999904632568 -0.4699999988079071 0.0 0.0 -0.5099999904632568 -0.4699999988079071 0.0 0.0 -0.5099999904632568 -0.4699999988079071 0.0 0.0 -0.5099999904632568 -0.4699999988079071 0.0 0.0 -0.5099999904632568 -0.4699999988079071 0.0 0.0 -0.5099999904632568 -0.4699999988079071 0.0 0.0 -0.4699999988079071
131 0.0 0.0 -0.5099999904632568 -0.28999999165534973 0.0 0.0 -0.5099999904632568 -0.4699999988079071 0.0 0.0 -0.5099999904632568 -0.28999999165534973 0.0 0.0 -0.5099999904632568 -0.4699999988079071 0.0 0.0 -0.5099999904632568 -0.4699999988079071 0.0 0.0 -0.5099999904632568 -0.4699999988079071 0.0
1310 0.0 -0.5099999904632568 -0.4699999988079071 0.0 0.0 -0.5099999904632568 -0.4699999988079071 0.0 0.0 -0.5099999904632568 -0.4699999988079071 0.0 0.0 -0.5099999904632568 -0.4699999988079071 0.0 0.0 -0.5099999904632568 -0.4699999988079071 0.0 0.0 -0.5099999904632568 -0.4699999988079071 0.0 0.0 -0.5099999904632568 -0.4699999988079071 0.0 0.0 -0.5099999904632568 -0.4699999988079071 0.0 0.0 -0.5099999904632568 -0.4699999988079071 0.0 0.0 -0.5099999904632568 -0.4699999988079071 0.0 0.0 -0.4699999988079071
1311 0.0 -0.4699999988079071 0.0 0.0 -0.5099999904632568 -0.4699999988079071 0.0 0.0 -0.5099999904632568 -0.4699999988079071 0.0 0.0 -0.5099999904632568 -0.4699999988079071 0.0 0.0 -0.5099999904632568 -0.4699999988079071 0.0 0.0 -0.5099999904632568 -0.4699999988079071 0.0 0.0 -0.5099999904632568 -0.4699999988079071 0.0 0.0 -0.5099999904632568 -0.4699999988079071 0.0 0.0 -0.5099999904632568 -0.4699999988079071 0.0 0.0 -0.5099999904632568 -0.4699999988079071
1312 0.0 -0.5099999904632568 -0.4699999988079071 0.0 0.0 -0.5099999904632568 -0.4699999988079071 0.0 0.0 -0.5099999904632568 -0.4699999988079071 0.0 0.0 -0.5099999904632568 -0.4699999988079071 0.0 0.0 -0.5099999904632568 -0.4699999988079071 0.0 0.0 -0.5099999904632568 -0.4699999988079071 0.0 0.0 -0.5099999904632568 -0.4699999988079071 0.0 0.0 -0.5099999904632568 -0.4699999988079071 0.0 0.0 -0.5099999904632568 -0.4699999988079071 0.0 0.0 -0.5099999904632568 -0.4699999988079071 0.0
1313 0.0 0.0 -0.5099999904632568 -0.4699999988079071 0.0 0.0 -0.5099999904632568 -0.4699999988079071 0.0 0.0 -0.5099999904632568 -0.4699999988079071 0.0 0.0 -0.5099999904632568 -0.4699999988079071 0.0 0.0 -0.5099999904632568 -0.4699999988079071 0.0 0.0 -0.5099999904632568 -0.4699999988079071 0.0 0.0 -0.5099999904632568 -0.4699999988079071 0.0 0.0 -0.5099999904632568 -0.4699999988079071 0.0 0.0 -0.5099999904632568 -0.4699999988079071 0.0 0.0 -0.5099999904632568 -0.4699999988079071 0.0 0.0 -0.4699999988079071 -0.5099999904632568
1314 -0.4699999988079071 0.0 0.0 -0.5099999904632568 -0.4699999988079071 0.0 0.0 -0.5099999904632568 -0.4699999988079071 0.0 0.0 -0.5099999904632568 -0.4699999988079071 0.0 0.0 -0.5099999904632568 -0.4699999988079071 0.0 0.0 -0.5099999904632568 -0.4699999988079071 0.0 0.0 -0.5099999904632568 -0.4699999988079071 0.0 0.0 -0.5099999904632568 -0.4699999988079071 0.0 0.0 -0.5099999904632568 -0.4699999988079071 0.0 0.0 -0.5099999904632568 -0.4699999988079071 0.0 0.0 -0.5099999904632568 -0.4699999988079071
1315 0.0 -0.5099999904632568 -0.4699999988079071 0.0 0.0 -0.5099999904632568 -0.4699999988079071 0.0 0.0 -0.5099999904632568 -0.4699999988079071 0.0 0.0 -0.5099999904632568 -0.4699999988079071 0.0 0.0 -0.5099999904632568 -0.4699999988079071 0.0 0.0 -0.5099999904632568 -0.4699999988079071 0.0 0.0 -0.5099999904632568 -0.4699999988079071 0.0 0.0 -0.5099999904632568 -0.4699999988079071 0.0 0.0 -0.5099999904632568 -0.4699999988079071 0.0 0.0 -0.5099999904632568 -0.4699999988079071 0.0
1316 -0.5099999904632568 0.0 -0.5099999904632568 -0.4699999988079071 0.0 0.0 -0.5099999904632568 -0.4699999988079071 0.0 0.0 -0.5099999904632568 -0.4699999988079071 0.0 0.0 -0.5099999904632568 -0.4699999988079071 0.0 0.0 -0.5099999904632568 -0.4699999988079071 0.0 0.0 -0.5099999904632568 -0.4699999988079071 0.0 0.0 -0.5099999904632568 -0.4699999988079071 0.0 0.0 -0.5099999904632568 -0.4699999988079071 0.0 0.0 -0.5099999904632568 -0.4699999988079071 0.0 0.0 -0.5099999904632568 -0.4699999988079071 -0.019999999552965164 0.0 -0.5099999904632568 -0.4699999988079071
1317 -0.5099999904632568 0.0 0.0 -0.5099999904632568 0.0 -0.4699999988079071 0.0 0.0 -0.5099999904632568 -0.4699999988079071 0.0 0.0 -0.5099999904632568 -0.4699999988079071 0.0 0.0 -0.5099999904632568 -0.4699999988079071 0.0 0.0 -0.5099999904632568 -0.4699999988079071 0.0 0.0 -0.5099999904632568 -0.4699999988079071 0.0 0.0 -0.5099999904632568 -0.4699999988079071 0.0 0.0 -0.5099999904632568 -0.4699999988079071 0.0 0.0 -0.5099999904632568 -0.4699999988079071 -0.019999999552965164 0.0 -0.5099999904632568 -0.4699999988079071 0.0
1318 0.0 0.0 -0.5099999904632568 -0.4699999988079071 0.0 0.0 -0.5099999904632568 -0.4699999988079071 0.0 0.0 -0.5099999904632568 -0.4699999988079071 0.0 0.0 -0.5099999904632568 -0.4699999988079071 0.0 0.0 -0.5099999904632568 -0.4699999988079071 0.0 0.0 -0.5099999904632568 -0.4699999988079071 0.0 0.0 -0.5099999904632568 -0.4699999988079071 -0.019999999552965164 0.0 -0.5099999904632568 -0.4699999988079071 0.0 0.0 -0.5099999904632568
1319 -0.5099999904632568 0.0 -0.5099999904632568 -0.4699999988079071 0.0 0.0 -0.5099999904632568 -0.4699999988079071 0.0 0.0 -0.5099999904632568 -0.4699999988079071 0.0 0.0 -0.5099999904632568 -0.4699999988079071 0.0 0.0 -0.5099999904632568 -0.4699999988079071 0.0 0.0 -0.5099999904632568 -0.4699999988079071 -0.019999999552965164 0.0 -0.5099999904632568 -0.4699999988079071 0.0 0.0 -0.5099999904632568 -0.4699999988079071 0.0 0.0 -0.4699999988079071
132 0.0 0.0 -0.5099999904632568 -0.4699999988079071 0.0 0.0 -0.5099999904632568 -0.28999999165534973 0.0 0.0 -0.5099999904632568 -0.4699999988079071 0.0 0.0 -0.5099999904632568 -0.4699999988079071 0.0 0.0 -0.5099999904632568 -0.4699999988079071 0.0 0.0 -0.5099999904632568 -0.4699999988079071 0.0 -0.5099999904632568
1320 0.0 0.0 -0.5099999904632568 -0.4699999988079071 0.0 0.0 -0.5099999904632568 -0.4699999988079071 0.0 0.0 -0.5099999904632568 -0.4699999988079071 0.0 0.0 -0.5099999904632568 -0.4699999988079071 -0.019999999552965164 0.0 -0.5099999904632568 -0.4699999988079071 0.0 0.0 -0.5099999904632568 -0.4699999988079071 0.0 0.0 -0.5099999904632568 -0.4699999988079071 -0.019999999552965164 0.0 -0.6700000166893005
1321 -0.5099999904632568 0.0 0.0 -0.5099999904632568 -0.4699999988079071 0.0 0.0 -0.5099999904632568 -0.4699999988079071 0.0 0.0 -0.5099999904632568 -0.4699999988079071 -0.019999999552965164 0.0 -0.5099999904632568 -0.4699999988079071 0.0 0.0 -0.5099999904632568 -0.4699999988079071 0.0 0.0 -0.5099999904632568 -0.4699999988079071 -0.019999999552965164 0.0 -0.6700000166893005 -0.6700000166893005
1322 -0.4699999988079071 0.0 0.0 -0.5099999904632568 -0.4699999988079071 -0.019999999552965164 0.0 -0.5099999904632568 -0.4699999988079071 0.0 0.0 -0.5099999904632568 -0.4699999988079071 0.0 0.0 -0.5099999904632568 -0.4699999988079071 -0.019999999552965164 0.0 -0.6700000166893005 -0.6700000166893005
1323 -0.5099999904632568 0.0 -0.5099999904632568 -0.4699999988079071 -0.019999999552965164 0.0 -0.5099999904632568 -0.4699999988079071 0.0 0.0 -0.5099999904632568 -0.4699999988079071 0.0 0.0 -0.5099999904632568 -0.4699999988079071 -0.019999999552965164 0.0 -0.6700000166893005 -0.6700000166893005
133 0.0 0.0 -0.5099999904632568 -0.28999999165534973 0.0 0.0 -0.5099999904632568 -0.4699999988079071 0.0 0.0 -0.5099999904632568 -0.4699999988079071 0.0 0.0 -0.5099999904632568 -0.4699999988079071 0.0 0.0 -0.5099999904632568 -0.4699999988079071 0.0 0.0 -0.5099999904632568 -0.4699999988079071 -0.019999999552965164
134 0.0 0.0 -0.5099999904632568 -0.4699999988079071 0.0 0.0 -0.5099999904632568 -0.4699999988079071 0.0 0.0 -0.5099999904632568 -0.4699999988079071 0.0 0.0 -0.5099999904632568 -0.4699999988079071 0.0 0.0 -0.5099999904632568 -0.4699999988079071 -0.019999999552965164 0.0 -0.5099999904632568 -0.28999999165534973 0.0
135 0.0 0.0 -0.5099999904632568 -0.4699999988079071 0.0 0.0 -0.5099999904632568 -0.4699999988079071 0.0 0.0 -0.5099999904632568 -0.4699999988079071 0.0 0.0 -0.5099999904632568 -0.4699999988079071 -0.019999999552965164 0.0 -0.5099999904632568 -0.28999999165534973 0.0 0.0 -0.5099999904632568 -0.4699999988079071 0.0 -0.5099999904632568
136 0.0 0.0 -0.5099999904632568 -0.4699999988079071 0.0 0.0 -0.5099999904632568 -0.4699999988079071 0.0 0.0 -0.5099999904632568 -0.4699999988079071 -0.019999999552965164 0.0 -0.5099999904632568 -0.28999999165534973 0.0 0.0 -0.5099999904632568 -0.4699999988079071 0.0 0.0 -0.5099999904632568 -0.4699999988079071 0.0 0.0 -0.5099999904632568
137 -0.4699999988079071 0.0 0.0 -0.5099999904632568 -0.4699999988079071 0.0 0.0 -0.5099999904632568 -0.4699999988079071 -0.019999999552965164 0.0 -0.5099999904632568 -0.28999999165534973 0.0 0.0 -0.5099999904632568 -0.4699999988079071 0.0 0.0 -0.5099999904632568 -0.4699999988079071 0.0 0.0 -0.5099999904632568 -0.4699999988079071 0.0 0.0 -0.5099999904632568
138 -0.4699999988079071 0.0 0.0 -0.5099999904632568 -0.4699999988079071 -0.019999999552965164 0.0 -0.5099999904632568 -0.28999999165534973 0.0 0.0 -0.5099999904632568 -0.4699999988079071 0.0 0.0 -0.5099999904632568 -0.4699999988079071 0.0 0.0 -0.5099999904632568 -0.4699999988079071 0.0 0.0 -0.5099999904632568 -0.4699999988079071 0.0 0.0 -0.5099999904632568 -0.28999999165534973
139 -0.019999999552965164 0.0 -0.5099999904632568 -0.28999999165534973 0.0 0.0 -0.5099999904632568 -0.4699999988079071 0.0 0.0 -0.5099999904632568 -0.4699999988079071 0.0 0.0 -0.5099999904632568 -0.4699999988079071 0.0 0.0 -0.5099999904632568 -0.4699999988079071 0.0 0.0 -0.5099999904632568 -0.28999999165534973 0.0 0.0 -0.5099999904632568
14 -0.4699999988079071 0.0 0.0 -0.5099999904632568 -0.4699999988079071 0.0 0.0 -0.5099999904632568 -0.4699999988079071 0.0 0.0 -0.5099999904632568 -0.4699999988079071 0.0 0.0 -0.5099999904632568 -0.4699999988079071 0.0 0.0 -0.5099999904632568 -0.4699999988079071 -0.019999999552965164 0.0 -0.5099999904632568 -0.4699999988079071 0.0 0.0 -0.5099999904632568 -0.4699999988079071 0.0 0.0 -0.4699999988079071
140 0.0 0.0 -0.5099999904632568 -0.4699999988079071 0.0 0.0 -0.5099999904632568 -0.4699999988079071 0.0 0.0 -0.5099999904632568 -0.4699999988079071 0.0 0.0 -0.5099999904632568 -0.4699999988079071 0.0 0.0 -0.5099999904632568 -0.28999999165534973 0.0 0.0 -0.5099999904632568 -0.4699999988079071 0.0 0.0 -0.5099999904632568
141 -0.4699999988079071 0.0 0.0 -0.5099999904632568 -0.4699999988079071 0.0 0.0 -0.5099999904632568 -0.4699999988079071 0.0 0.0 -0.5099999904632568 -0.4699999988079071 0.0 0.0 -0.5099999904632568 -0.28999999165534973 0.0 0.0 -0.5099999904632568 -0.4699999988079071 0.0 0.0 -0.5099999904632568 -0.4699999988079071 -0.019999999552965164 -0.5099999904632568
142 0.0 0.0 -0.5099999904632568 -0.4699999988079071 0.0 0.0 -0.5099999904632568 -0.4699999988079071 0.0 0.0 -0.5099999904632568 -0.4699999988079071 0.0 0.0 -0.5099999904632568 -0.28999999165534973 0.0 0.0 -0.5099999904632568 -0.4699999988079071 0.0 0.0 -0.5099999904632568 -0.4699999988079071 -0.019999999552965164 0.0 -0.5099999904632568 -0.4699999988079071 0.0 0.0 -0.5099999904632568
143 0.0 0.0 -0.5099999904632568 -0.4699999988079071 0.0 0.0 -0.5099999904632568 -0.28999999165534973 0.0 0.0 -0.5099999904632568 -0.4699999988079071 0.0 0.0 -0.5099999904632568 -0.4699999988079071 -0.019999999552965164 0.0 -0.5099999904632568 -0.4699999988079071 0.0 0.0 -0.5099999904632568 -0.4699999988079071 0.0
144 -0.4699999988079071 0.0 0.0 -0.5099999904632568 -0.28999999165534973 0.0 0.0 -0.5099999904632568 -0.4699999988079071 0.0 0.0 -0.5099999904632568 -0.4699999988079071 -0.019999999552965164 0.0 -0.5099999904632568 -0.4699999988079071 0.0 0.0 -0.5099999904632568 -0.4699999988079071 0.0 0.0 -0.5099999904632568 -0.4699999988079071 0.0 0.0
145 -0.28999999165534973 0.0 0.0 -0.5099999904632568 -0.4699999988079071 0.0 0.0 -0.5099999904632568 -0.4699999988079071 -0.019999999552965164 0.0 -0.5099999904632568 -0.4699999988079071 0.0 0.0 -0.5099999904632568 -0.4699999988079071 0.0 0.0 -0.5099999904632568 -0.4699999988079071 0.0 0.0 -0.5099999904632568 -0.4699999988079071 -0.019999999552965164
146 0.0 0.0 -0.28999999165534973 0.0 0.0 -0.5099999904632568 -0.5099999904632568 0.0 0.0 -0.5099999904632568 -0.4699999988079071 -0.019999999552965164 0.0 -0.5099999904632568 -0.4699999988079071 0.0 0.0 -0.5099999904632568 -0.4699999988079071 0.0 0.0 -0.5099999904632568 -0.4699999988079071 0.0 0.0 -0.5099999904632568 -0.4699999988079071 -0.019999999552965164 0.0 -0.5099999904632568 -0.4699999988079071 0.0
147 0.0 -0.5099999904632568 -0.4699999988079071 0.0 0.0 -0.5099999904632568 -0.28999999165534973 0.0 0.0 -0.5099999904632568 -0.4699999988079071 -0.019999999552965164 0.0 -0.5099999904632568 -0.4699999988079071 0.0 0.0 -0.5099999904632568 -0.4699999988079071 0.0 0.0 -0.5099999904632568 -0.4699999988079071 0.0 0.0 -0.5099999904632568 -0.4699999988079071 -0.019999999552965164 0.0 -0.5099999904632568 -0.4699999988079071 0.0 0.0 -0.5099999904632568 -0.4699999988079071 0.0 0.0 -0.5099999904632568 -0.4699999988079071
148 0.0 -0.5099999904632568 -0.4699999988079071 0.0 0.0 -0.5099999904632568 -0.28999999165534973 0.0 0.0 -0.5099999904632568 -0.4699999988079071 0.0 0.0 -0.5099999904632568 -0.4699999988079071 0.0 0.0 -0.5099999904632568 -0.4699999988079071 0.0 0.0 -0.5099999904632568 -0.4699999988079071 -0.019999999552965164 0.0 -0.5099999904632568 -0.4699999988079071 0.0 0.0 -0.5099999904632568 -0.4699999988079071 0.0 0.0 -0.5099999904632568 -0.4699999988079071 0.0
149 -0.28999999165534973 0.0 0.0 -0.5099999904632568 -0.4699999988079071 0.0 0.0 -0.5099999904632568 -0.4699999988079071 0.0 0.0 -0.5099999904632568 -0.4699999988079071 -0.019999999552965164 0.0 -0.5099999904632568 -0.4699999988079071 0.0 0.0 -0.5099999904632568 -0.4699999988079071 0.0 0.0 -0.5099999904632568 -0.4699999988079071 0.0 0.0 -0.5099999904632568 -0.4699999988079071 0.0 0.0 -0.5099999904632568 -0.4699999988079071 0.0
15 0.0 -0.5099999904632568 -0.4699999988079071 0.0 0.0 -0.5099999904632568 -0.4699999988079071 0.0 0.0 -0.5099999904632568 -0.4699999988079071 0.0 0.0 -0.5099999904632568 -0.4699999988079071 0.0 0.0 -0.5099999904632568 -0.4699999988079071 -0.019999999552965164 0.0 -0.5099999904632568 -0.4699999988079071 0.0 0.0 -0.5099999904632568 -0.4699999988079071 0.0 0.0 -0.5099999904632568 -0.4699999988079071 0.0 0.0 -0.5099999904632568 -0.4699999988079071 0.0 0.0 -0.4699999988079071
150 -0.28999999165534973 0.0 0.0 -0.5099999904632568 -0.4699999988079071 0.0 0.0 -0.5099999904632568 -0.4699999988079071 0.0 -0.28999999165534973 0.0 0.0 -0.5099999904632568 -0.4699999988079071 -0.019999999552965164 0.0 -0.5099999904632568 -0.4699999988079071 0.0 0.0 -0.5099999904632568 -0.4699999988079071 0.0 0.0 -0.5099999904632568 -0.4699999988079071 0.0 0.0 -0.5099999904632568 -0.4699999988079071 0.0 0.0 -0.5099999904632568 -0.4699999988079071 0.0 0.0 -0.5099999904632568
151 -0.4699999988079071 -0.019999999552965164 0.0 -0.5099999904632568 -0.4699999988079071 0.0 0.0 -0.5099999904632568 -0.4699999988079071 0.0 0.0 -0.5099999904632568 -0.4699999988079071 0.0 0.0 -0.5099999904632568 -0.4699999988079071 0.0 0.0 -0.5099999904632568 -0.4699999988079071 0.0 0.0 -0.5099999904632568 -0.4699999988079071 0.0 -0.4699999988079071
152 0.0 0.0 -0.5099999904632568 -0.4699999988079071 0.0 0.0 -0.5099999904632568 -0.4699999988079071 0.0 0.0 -0.5099999904632568 -0.4699999988079071 0.0 0.0 -0.5099999904632568 -0.4699999988079071 0.0 0.0 -0.5099999904632568 -0.4699999988079071 0.0 0.0 -0.5099999904632568 -0.4699999988079071 0.0 0.0 -0.5099999904632568 -0.4699999988079071
153 -0.4699999988079071 0.0 0.0 -0.5099999904632568 -0.4699999988079071 0.0 0.0 -0.5099999904632568 -0.4699999988079071 0.0 0.0 -0.5099999904632568 -0.4699999988079071 0.0 0.0 -0.5099999904632568 -0.4699999988079071 0.0 0.0 -0.5099999904632568 -0.4699999988079071 0.0 0.0 -0.5099999904632568 -0.4699999988079071 0.0 0.0 -0.5099999904632568 -0.4699999988079071 0.0 0.0 -0.5099999904632568
154 -0.4699999988079071 0.0 0.0 -0.5099999904632568 -0.4699999988079071 0.0 0.0 -0.5099999904632568 -0.4699999988079071 0.0 0.0 -0.5099999904632568 -0.4699999988079071 0.0 0.0 -0.5099999904632568 -0.4699999988079071 0.0 0.0 -0.5099999904632568 -0.4699999988079071 0.0 0.0 -0.5099999904632568 -0.4699999988079071 0.0 0.0 -0.5099999904632568 -0.4699999988079071 0.0
155 -0.4699999988079071 0.0 0.0 -0.5099999904632568 -0.4699999988079071 0.0 0.0 -0.5099999904632568 -0.4699999988079071 0.0 0.0 -0.5099999904632568 -0.4699999988079071 0.0 0.0 -0.5099999904632568 -0.4699999988079071 0.0 0.0 -0.5099999904632568 -0.4699999988079071 0.0 0.0 -0.5099999904632568 -0.4699999988079071 0.0 0.0 -0.5099999904632568 -0.4699999988079071
156 0.0 -0.5099999904632568 -0.4699999988079071 0.0 0.0 -0.5099999904632568 -0.4699999988079071 0.0 0.0 -0.5099999904632568 -0.4699999988079071 0.0 0.0 -0.5099999904632568 -0.4699999988079071 0.0 0.0 -0.5099999904632568 -0.4699999988079071 0.0 0.0 -0.5099999904632568 -0.4699999988079071 0.0 0.0 -0.5099999904632568 -0.4699999988079071 0.0 0.0 -0.5099999904632568 -0.28999999165534973
157 0.0 0.0 -0.5099999904632568 -0.4699999988079071 0.0 0.0 -0.5099999904632568 -0.4699999988079071 0.0 0.0 -0.5099999904632568 -0.4699999988079071 0.0 0.0 -0.5099999904632568 -0.4699999988079071 0.0 0.0 -0.5099999904632568 -0.4699999988079071 0.0 0.0 -0.5099999904632568 -0.4699999988079071 0.0 0.0 -0.5099999904632568 -0.28999999165534973 0.0 0.0
158 0.0 -0.5099999904632568 -0.4699999988079071 0.0 0.0 -0.5099999904632568 -0.4699999988079071 0.0 0.0 -0.5099999904632568 -0.4699999988079071 0.0 0.0 -0.5099999904632568 -0.4699999988079071 0.0 0.0 -0.5099999904632568 -0.4699999988079071 0.0 0.0 -0.5099999904632568 -0.28999999165534973 0.0 0.0 -0.5099999904632568 -0.4699999988079071 -0.019999999552965164 0.0 -0.5099999904632568 -0.4699999988079071 -0.019999999552965164 0.0 -0.5099999904632568 -0.4699999988079071 -0.5099999904632568 0.0 0.0 -0.4699999988079071 0.0 0.0 -0.5099999904632568 -0.4699999988079071 0.0 0.0 -0.5099999904632568 -0.28999999165534973 0.0 0.0 -0.5099999904632568 -0.28999999165534973 0.0
159 0.0 -0.5099999904632568 -0.4699999988079071 0.0 0.0 -0.5099999904632568 -0.4699999988079071 0.0 0.0 -0.5099999904632568 -0.4699999988079071 0.0 0.0 -0.5099999904632568 -0.4699999988079071 0.0 0.0 -0.5099999904632568 -0.28999999165534973 0.0 0.0 -0.5099999904632568 -0.4699999988079071 -0.019999999552965164 0.0 -0.5099999904632568 -0.4699999988079071 -0.019999999552965164 0.0 -0.5099999904632568 -0.28999999165534973
16 0.0 -0.5099999904632568 -0.4699999988079071 0.0 0.0 -0.5099999904632568 -0.4699999988079071 0.0 0.0 -0.5099999904632568 -0.4699999988079071 0.0 0.0 -0.5099999904632568 -0.4699999988079071 -0.019999999552965164 0.0 -0.5099999904632568 -0.4699999988079071 0.0 0.0 -0.5099999904632568 -0.4699999988079071 0.0 0.0 -0.5099999904632568 -0.4699999988079071 0.0 0.0 -0.5099999904632568 -0.4699999988079071 0.0 0.0 -0.5099999904632568 -0.4699999988079071 0.0 0.0 -0.5099999904632568 -0.4699999988079071 0.0 0.0 -0.4699999988079071 0.0 -0.4699999988079071
160 0.0 0.0 -0.5099999904632568 -0.4699999988079071 0.0 0.0 -0.5099999904632568 -0.4699999988079071 0.0 0.0 -0.5099999904632568 -0.4699999988079071 0.0 0.0 -0.5099999904632568 -0.28999999165534973 0.0 0.0 -0.5099999904632568 -0.4699999988079071 -0.019999999552965164 0.0 -0.5099999904632568 -0.4699999988079071 -0.019999999552965164 0.0 -0.5099999904632568 -0.28999999165534973 0.0 0.0 -0.4699999988079071
161 -0.4699999988079071 0.0 0.0 -0.5099999904632568 -0.4699999988079071 0.0 0.0 -0.5099999904632568 -0.28999999165534973 0.0 0.0 -0.5099999904632568 -0.4699999988079071 -0.019999999552965164 0.0 -0.5099999904632568 -0.4699999988079071 -0.019999999552965164 0.0 -0.5099999904632568 -0.28999999165534973 0.0 0.0 -0.5099999904632568 -0.4699999988079071 -0.019999999552965164 0.0 -0.5099999904632568 -0.28999999165534973
162 -0.4699999988079071 0.0 0.0 -0.5099999904632568 -0.28999999165534973 0.0 0.0 -0.5099999904632568 -0.4699999988079071 -0.019999999552965164 0.0 -0.5099999904632568 -0.4699999988079071 -0.019999999552965164 0.0 -0.5099999904632568 -0.28999999165534973 0.0 0.0 -0.5099999904632568 -0.4699999988079071 -0.019999999552965164 0.0 -0.5099999904632568 -0.28999999165534973 0.0 0.0 -0.5099999904632568 -0.28999999165534973 0.0 0.0 -0.4699999988079071
163 -0.5099999904632568 0.0 0.0 -0.5099999904632568 -0.4699999988079071 -0.019999999552965164 0.0 -0.5099999904632568 -0.4699999988079071 -0.019999999552965164 0.0 -0.5099999904632568 -0.28999999165534973 0.0 0.0 -0.5099999904632568 -0.4699999988079071 -0.019999999552965164 0.0 -0.5099999904632568 -0.28999999165534973 0.0 0.0 -0.5099999904632568 -0.28999999165534973 0.0 0.0 -0.5099999904632568 -0.4699999988079071
164 -0.5099999904632568 0.0 0.0 -0.4699999988079071 -0.019999999552965164 0.0 -0.5099999904632568 -0.4699999988079071 -0.019999999552965164 0.0 -0.5099999904632568 -0.28999999165534973 0.0 0.0 -0.5099999904632568 -0.4699999988079071 -0.019999999552965164 0.0 -0.5099999904632568 -0.28999999165534973 0.0 0.0 -0.5099999904632568 -0.28999999165534973 0.0 0.0 -0.5099999904632568 -0.4699999988079071 0.0 0.0 -0.5099999904632568 -0.4699999988079071
165 -0.5099999904632568 -0.4699999988079071 -0.019999999552965164 0.0 -0.5099999904632568 -0.28999999165534973 0.0 0.0 -0.5099999904632568 -0.4699999988079071 -0.019999999552965164 0.0 -0.5099999904632568 -0.28999999165534973 0.0 0.0 -0.5099999904632568 -0.28999999165534973 0.0 0.0 -0.5099999904632568 -0.4699999988079071 0.0 0.0 -0.5099999904632568 -0.4699999988079071 0.0 0.0 -0.5099999904632568 -0.28999999165534973
166 0.0 -0.5099999904632568 -0.28999999165534973 0.0 0.0 -0.5099999904632568 -0.4699999988079071 -0.019999999552965164 0.0 -0.5099999904632568 -0.28999999165534973 0.0 0.0 -0.5099999904632568 -0.28999999165534973 0.0 0.0 -0.5099999904632568 -0.4699999988079071 0.0 0.0 -0.5099999904632568 -0.4699999988079071 0.0 0.0 -0.5099999904632568 -0.28999999165534973 0.0 0.0 -0.5099999904632568 -0.28999999165534973
167 -0.5099999904632568 0.0 -0.5099999904632568 0.0 0.0 -0.5099999904632568 -0.4699999988079071 -0.019999999552965164 0.0 -0.5099999904632568 -0.28999999165534973 0.0 0.0 -0.5099999904632568 -0.28999999165534973 0.0 0.0 -0.5099999904632568 -0.4699999988079071 0.0 0.0 -0.5099999904632568 -0.4699999988079071 0.0 0.0 -0.5099999904632568 -0.28999999165534973 0.0 0.0 -0.5099999904632568 -0.28999999165534973 0.0 0.0 -0.5099999904632568 -0.28999999165534973
168 0.0 -0.5099999904632568 -0.28999999165534973 0.0 0.0 -0.5099999904632568 -0.28999999165534973 0.0 0.0 -0.5099999904632568 -0.4699999988079071 0.0 0.0 -0.5099999904632568 -0.4699999988079071 0.0 0.0 -0.5099999904632568 -0.28999999165534973 0.0 0.0 -0.5099999904632568 -0.28999999165534973 0.0 0.0 -0.5099999904632568 -0.28999999165534973 0.0 0.0 -0.5099999904632568 -0.4699999988079071 -0.4699999988079071
169 0.0 -0.5099999904632568 -0.28999999165534973 0.0 0.0 -0.5099999904632568 -0.4699999988079071 0.0 0.0 -0.5099999904632568 -0.4699999988079071 0.0 0.0 -0.5099999904632568 -0.28999999165534973 0.0 0.0 -0.5099999904632568 -0.28999999165534973 0.0 0.0 -0.5099999904632568 -0.28999999165534973 0.0 0.0 -0.5099999904632568 -0.4699999988079071 0.0 0.0 -0.5099999904632568 -0.4699999988079071 0.0 0.0 -0.5099999904632568 -0.4699999988079071 0.0 0.0 -0.5099999904632568 0.0 0.0 -0.5099999904632568 -0.4699999988079071 0.0 0.0 -0.5099999904632568 -0.4699999988079071 0.0 0.0 -0.5099999904632568 -0.4699999988079071
17 0.0 0.0 -0.5099999904632568 -0.4699999988079071 0.0 0.0 -0.5099999904632568 -0.4699999988079071 0.0 0.0 -0.5099999904632568 -0.4699999988079071 -0.019999999552965164 0.0 -0.5099999904632568 -0.4699999988079071 0.0 0.0 -0.5099999904632568 -0.4699999988079071 0.0 0.0 -0.5099999904632568 -0.4699999988079071 0.0 0.0 -0.5099999904632568 -0.4699999988079071 0.0 0.0 -0.5099999904632568 -0.4699999988079071 0.0 0.0 -0.5099999904632568 -0.4699999988079071 0.0 0.0 -0.5099999904632568 -0.4699999988079071 0.0 0.0 -0.5099999904632568 -0.4699999988079071 0.0 0.0 -0.4699999988079071
170 -0.5099999904632568 0.0 -0.5099999904632568 0.0 -0.5099999904632568 -0.4699999988079071 0.0 0.0 -0.5099999904632568 -0.4699999988079071 0.0 0.0 -0.5099999904632568 -0.28999999165534973 0.0 0.0 -0.5099999904632568 -0.28999999165534973 0.0 0.0 -0.5099999904632568 -0.28999999165534973 0.0 0.0 -0.5099999904632568 -0.4699999988079071 0.0 0.0 -0.5099999904632568 -0.4699999988079071 0.0 0.0 -0.5099999904632568 -0.4699999988079071 0.0 0.0 -0.5099999904632568 -0.4699999988079071 0.0 0.0 -0.4699999988079071 0.0 0.0 0.0 -0.5099999904632568 -0.4699999988079071 0.0 0.0
171 0.0 0.0 -0.5099999904632568 -0.4699999988079071 0.0 0.0 -0.5099999904632568 -0.28999999165534973 0.0 0.0 -0.5099999904632568 -0.28999999165534973 0.0 0.0 -0.5099999904632568 -0.28999999165534973 0.0 0.0 -0.5099999904632568 -0.4699999988079071 0.0 0.0 -0.5099999904632568 -0.4699999988079071 0.0 0.0 -0.5099999904632568 -0.4699999988079071 0.0 0.0 -0.5099999904632568 -0.4699999988079071 0.0 0.0 -0.5099999904632568 -0.4699999988079071 0.0 0.0 -0.5099999904632568 0.0
172 0.0 0.0 -0.5099999904632568 0.0 0.0 -0.5099999904632568 -0.28999999165534973 0.0 0.0 -0.5099999904632568 -0.28999999165534973 0.0 0.0 -0.5099999904632568 -0.28999999165534973 0.0 0.0 -0.5099999904632568 -0.4699999988079071 0.0 0.0 -0.5099999904632568 -0.4699999988079071 0.0 0.0 -0.5099999904632568 -0.4699999988079071 0.0 0.0 -0.5099999904632568 -0.4699999988079071 0.0 0.0 -0.5099999904632568 -0.4699999988079071 0.0 0.0 -0.5099999904632568 -0.4699999988079071 0.0 0.0 -0.5099999904632568 0.0 0.0 -0.5099999904632568 -0.4699999988079071 0.0 0.0 -0.5099999904632568 0.0
173 -0.5099999904632568 -0.4699999988079071 0.0 0.0 -0.5099999904632568 -0.28999999165534973 0.0 0.0 -0.5099999904632568 -0.28999999165534973 0.0 0.0 -0.5099999904632568 -0.28999999165534973 0.0 0.0 -0.5099999904632568 -0.4699999988079071 0.0 0.0 -0.5099999904632568 -0.4699999988079071 0.0 0.0 -0.5099999904632568 -0.4699999988079071 0.0 0.0 -0.5099999904632568 -0.4699999988079071 0.0 0.0 -0.5099999904632568 -0.4699999988079071 0.0 0.0 -0.5099999904632568 -0.4699999988079071 0.0 0.0 -0.5099999904632568 -0.28999999165534973 0.0 0.0 -0.5099999904632568 -0.4699999988079071 0.0 0.0 -0.5099999904632568 -0.4699999988079071 0.0 0.0 -0.5099999904632568 -0.4699999988079071 0.0 0.0 -0.5099999904632568 -0.4699999988079071 0.0 0.0 -0.5099999904632568 -0.4699999988079071 0.0 0.0 -0.5099999904632568 -0.4699999988079071 0.0 0.0 -0.5099999904632568 -0.4699999988079071 0.0 0.0 -0.5099999904632568 -0.4699999988079071 0.0 0.0 -0.4699999988079071 0.0 0.0 -0.5099999904632568 -0.4699999988079071 0.0 0.0 -0.5099999904632568 -0.4699999988079071 0.0
174 -0.28999999165534973 0.0 0.0 -0.5099999904632568 -0.28999999165534973 0.0 0.0 -0.5099999904632568 -0.28999999165534973 0.0 0.0 -0.5099999904632568 -0.4699999988079071 0.0 0.0 -0.5099999904632568 -0.4699999988079071 0.0 0.0 -0.5099999904632568 -0.4699999988079071 0.0 0.0 -0.5099999904632568 -0.4699999988079071 0.0 0.0 -0.5099999904632568 -0.4699999988079071 0.0 0.0 -0.5099999904632568 -0.4699999988079071 0.0 0.0 -0.5099999904632568 -0.28999999165534973 0.0 0.0 -0.5099999904632568 -0.4699999988079071 -0.4699999988079071 0.0 0.0 -0.5099999904632568 -0.4699999988079071 0.0 0.0 -0.5099999904632568 -0.4699999988079071 0.0
175 -0.5099999904632568 -0.28999999165534973 0.0 0.0 -0.5099999904632568 -0.28999999165534973 0.0 0.0 -0.5099999904632568 -0.4699999988079071 0.0 0.0 -0.5099999904632568 -0.4699999988079071 0.0 0.0 -0.5099999904632568 -0.4699999988079071 0.0 0.0 -0.5099999904632568 -0.4699999988079071 0.0 0.0 -0.5099999904632568 -0.4699999988079071 0.0 0.0 -0.5099999904632568 -0.4699999988079071 0.0 0.0 -0.5099999904632568 -0.28999999165534973 0.0 0.0 -0.5099999904632568 -0.4699999988079071 0.0 -0.4699999988079071 0.0 0.0 -0.5099999904632568 -0.4699999988079071 0.0 0.0 -0.5099999904632568 -0.4699999988079071
176 -0.28999999165534973 0.0 0.0 -0.5099999904632568 -0.28999999165534973 0.0 0.0 -0.5099999904632568 -0.4699999988079071 0.0 0.0 -0.5099999904632568 -0.4699999988079071 0.0 0.0 -0.5099999904632568 -0.4699999988079071 0.0 0.0 -0.5099999904632568 -0.4699999988079071 0.0 0.0 -0.5099999904632568 -0.4699999988079071 0.0 0.0 -0.5099999904632568 -0.4699999988079071 0.0 0.0 -0.5099999904632568 -0.28999999165534973 0.0 0.0 -0.5099999904632568 -0.4699999988079071 0.0 0.0 -0.5099999904632568 -0.4699999988079071 0.0 0.0 -0.5099999904632568 -0.4699999988079071 0.0 0.0 -0.5099999904632568 -0.4699999988079071 0.0 0.0 -0.5099999904632568 -0.4699999988079071 0.0 0.0 -0.5099999904632568 -0.4699999988079071 0.0 0.0 -0.5099999904632568 -0.4699999988079071 0.0 0.0 -0.5099999904632568 -0.4699999988079071 -0.4699999988079071 -0.4699999988079071
177 0.0 -0.5099999904632568 -0.4699999988079071 0.0 0.0 -0.5099999904632568 -0.4699999988079071 0.0 0.0 -0.5099999904632568 -0.4699999988079071 0.0 0.0 -0.5099999904632568 -0.4699999988079071 0.0 0.0 -0.5099999904632568 -0.4699999988079071 0.0 0.0 -0.5099999904632568 -0.28999999165534973 0.0 0.0 -0.5099999904632568 -0.4699999988079071 0.0 0.0 -0.5099999904632568 -0.4699999988079071 0.0 0.0 -0.5099999904632568 -0.4699999988079071 0.0 0.0 -0.5099999904632568 -0.4699999988079071 0.0 0.0 -0.5099999904632568 -0.4699999988079071 0.0 0.0 -0.5099999904632568 -0.4699999988079071 0.0 0.0 -0.4699999988079071 0.0
178 0.0 0.0 -0.5099999904632568 -0.4699999988079071 0.0 0.0 -0.5099999904632568 -0.4699999988079071 0.0 0.0 -0.5099999904632568 -0.4699999988079071 0.0 0.0 -0.5099999904632568 -0.4699999988079071 0.0 0.0 -0.5099999904632568 -0.28999999165534973 0.0 0.0 -0.5099999904632568 -0.4699999988079071 0.0 0.0 -0.5099999904632568 -0.4699999988079071 0.0 0.0 -0.5099999904632568 -0.4699999988079071 0.0 0.0 -0.5099999904632568 -0.4699999988079071 0.0 0.0 -0.5099999904632568 -0.4699999988079071 0.0 0.0 -0.5099999904632568 -0.4699999988079071 0.0 0.0 -0.5099999904632568 -0.4699999988079071 0.0 0.0 -0.4699999988079071 0.0
179 0.0 -0.5099999904632568 -0.5099999904632568 0.0 -0.5099999904632568 -0.4699999988079071 0.0 0.0 -0.5099999904632568 -0.4699999988079071 0.0 0.0 -0.5099999904632568 -0.28999999165534973 0.0 0.0 -0.5099999904632568 -0.4699999988079071 0.0 0.0 -0.5099999904632568 -0.4699999988079071 0.0 0.0 -0.5099999904632568 -0.4699999988079071 0.0 0.0 -0.5099999904632568 -0.4699999988079071 0.0 0.0 -0.5099999904632568 -0.4699999988079071 0.0 0.0 -0.5099999904632568 -0.4699999988079071 0.0 0.0 -0.5099999904632568 -0.4699999988079071 0.0 0.0 -0.5099999904632568 -0.4699999988079071 0.0 0.0 -0.4699999988079071 0.0
18 -0.4699999988079071 0.0 0.0 -0.5099999904632568 -0.4699999988079071 0.0 0.0 -0.5099999904632568 -0.4699999988079071 -0.019999999552965164 0.0 -0.5099999904632568 -0.4699999988079071 0.0 0.0 -0.5099999904632568 -0.4699999988079071 0.0 0.0 -0.5099999904632568 -0.4699999988079071 0.0 0.0 -0.5099999904632568 -0.4699999988079071 0.0 0.0 -0.5099999904632568 -0.4699999988079071 0.0 0.0 -0.5099999904632568 -0.4699999988079071 0.0 0.0 -0.5099999904632568 -0.4699999988079071 0.0 0.0 -0.5099999904632568 -0.4699999988079071 0.0 0.0 -0.5099999904632568 -0.4699999988079071 0.0 0.0 -0.4699999988079071
180 0.0 -0.5099999904632568 -0.4699999988079071 0.0 0.0 -0.5099999904632568 -0.4699999988079071 0.0 0.0 -0.5099999904632568 -0.4699999988079071 0.0 0.0 -0.5099999904632568 -0.4699999988079071 0.0 0.0 -0.5099999904632568 -0.4699999988079071 0.0 0.0 -0.5099999904632568 -0.28999999165534973 0.0 0.0 -0.5099999904632568 -0.4699999988079071 0.0 0.0 -0.5099999904632568 -0.4699999988079071 0.0 0.0 -0.5099999904632568 -0.4699999988079071 0.0 0.0 -0.5099999904632568 -0.4699999988079071 0.0 0.0 -0.5099999904632568 -0.4699999988079071 0.0 0.0 -0.5099999904632568 -0.4699999988079071 0.0 0.0 -0.5099999904632568 -0.4699999988079071 0.0 0.0 -0.5099999904632568 -0.4699999988079071 0.0 0.0 -0.5099999904632568 -0.4699999988079071 0.0 0.0 -0.4699999988079071 0.0
181 0.0 0.0 -0.5099999904632568 -0.28999999165534973 0.0 0.0 -0.5099999904632568 -0.28999999165534973 0.0 0.0 -0.5099999904632568 -0.4699999988079071 0.0 0.0 -0.5099999904632568 -0.4699999988079071 0.0 0.0 -0.5099999904632568 -0.4699999988079071 0.0 0.0 -0.5099999904632568 -0.4699999988079071 0.0 0.0 -0.5099999904632568 -0.4699999988079071 0.0 0.0 -0.5099999904632568 -0.4699999988079071 0.0 0.0 -0.5099999904632568 -0.28999999165534973 0.0 0.0 -0.5099999904632568 -0.4699999988079071 0.0 0.0 -0.5099999904632568 -0.4699999988079071 0.0 0.0 -0.5099999904632568 -0.4699999988079071 0.0 0.0 -0.5099999904632568 -0.4699999988079071 0.0 0.0 -0.5099999904632568 -0.4699999988079071 0.0 0.0 -0.5099999904632568 -0.4699999988079071 0.0 0.0 -0.5099999904632568 -0.4699999988079071 0.0 0.0 -0.5099999904632568 -0.4699999988079071 0.0 0.0 -0.5099999904632568 -0.4699999988079071 0.0 0.0 -0.5099999904632568 -0.4699999988079071 0.0 0.0 -0.4699999988079071 0.0
182 -0.4699999988079071 0.0 0.0 -0.5099999904632568 -0.4699999988079071 0.0 0.0 -0.5099999904632568 0.0 -0.5099999904632568 -0.4699999988079071 0.0 0.0 -0.5099999904632568 -0.4699999988079071 0.0 0.0 -0.5099999904632568 -0.28999999165534973 0.0 0.0 -0.5099999904632568 -0.4699999988079071 0.0 0.0 -0.5099999904632568 -0.4699999988079071 0.0 0.0 -0.5099999904632568 -0.4699999988079071 0.0 0.0 -0.5099999904632568 -0.4699999988079071 0.0 0.0 -0.5099999904632568 -0.4699999988079071 0.0 0.0 -0.5099999904632568 -0.4699999988079071 0.0 0.0 -0.5099999904632568 -0.4699999988079071 0.0 0.0 -0.5099999904632568 -0.4699999988079071 0.0 0.0 -0.5099999904632568 -0.4699999988079071 0.0 0.0 -0.5099999904632568 -0.4699999988079071 0.0 0.0 -0.5099999904632568 -0.4699999988079071 0.0 0.0 -0.4699999988079071 0.0
183 0.0 0.0 -0.5099999904632568 -0.4699999988079071 0.0 0.0 -0.5099999904632568 -0.4699999988079071 0.0 0.0 -0.5099999904632568 -0.28999999165534973 0.0 0.0 -0.5099999904632568 -0.4699999988079071 0.0 0.0 -0.5099999904632568 -0.4699999988079071 0.0 0.0 -0.5099999904632568 -0.4699999988079071 0.0 0.0 -0.5099999904632568 -0.4699999988079071 0.0 0.0 -0.5099999904632568 -0.4699999988079071 0.0 0.0 -0.5099999904632568 -0.4699999988079071 0.0 0.0 -0.5099999904632568 -0.4699999988079071 0.0 0.0 -0.5099999904632568 -0.4699999988079071 0.0 0.0 -0.5099999904632568 -0.4699999988079071 0.0 0.0 -0.5099999904632568 -0.4699999988079071 0.0 0.0 -0.5099999904632568 -0.4699999988079071 0.0 0.0 -0.5099999904632568 -0.4699999988079071 0.0 0.0 -0.4699999988079071 0.0
184 -0.28999999165534973 0.0 -0.5099999904632568 -0.4699999988079071 0.0 0.0 -0.5099999904632568 -0.4699999988079071 0.0 0.0 -0.5099999904632568 -0.4699999988079071 0.0 0.0 -0.5099999904632568 -0.4699999988079071 0.0 0.0 -0.5099999904632568 -0.4699999988079071 0.0 0.0 -0.5099999904632568 -0.4699999988079071 0.0 0.0 -0.5099999904632568 -0.28999999165534973 0.0 0.0 -0.5099999904632568 -0.4699999988079071 0.0 0.0 -0.5099999904632568 -0.4699999988079071 0.0 0.0 -0.5099999904632568 -0.4699999988079071 0.0 0.0 -0.5099999904632568 -0.4699999988079071 0.0 0.0 -0.5099999904632568 -0.4699999988079071 0.0 0.0 -0.5099999904632568 -0.4699999988079071 0.0 0.0 -0.5099999904632568 -0.4699999988079071 0.0 0.0 -0.5099999904632568 -0.4699999988079071 0.0 0.0 -0.5099999904632568 -0.4699999988079071 0.0 0.0 -0.5099999904632568 -0.4699999988079071 0.0 0.0 -0.5099999904632568 -0.4699999988079071 0.0 0.0 -0.5099999904632568 -0.4699999988079071 0.0 0.0 -0.5099999904632568 -0.4699999988079071 0.0 0.0 -0.4699999988079071 0.0
185 -0.28999999165534973 0.0 0.0 -0.5099999904632568 -0.4699999988079071 0.0 0.0 -0.5099999904632568 -0.4699999988079071 0.0 -0.4699999988079071 0.0 0.0 -0.5099999904632568 -0.4699999988079071 0.0 -0.5099999904632568 -0.28999999165534973 0.0 0.0 -0.5099999904632568 -0.4699999988079071 0.0 0.0 -0.5099999904632568 -0.4699999988079071 0.0 0.0 -0.5099999904632568 -0.4699999988079071 0.0 0.0 -0.5099999904632568 -0.4699999988079071 0.0 0.0 -0.5099999904632568 -0.4699999988079071 0.0 0.0 -0.5099999904632568 -0.4699999988079071 0.0 0.0 -0.5099999904632568 -0.4699999988079071 0.0 0.0 -0.5099999904632568 -0.4699999988079071 0.0 0.0 -0.5099999904632568 -0.4699999988079071 0.0 0.0 -0.5099999904632568 -0.4699999988079071 0.0 0.0 -0.5099999904632568 -0.4699999988079071 0.0 0.0 -0.5099999904632568 -0.4699999988079071 0.0 0.0 -0.5099999904632568 -0.4699999988079071 0.0 0.0 -0.5099999904632568 -0.4699999988079071 0.0 0.0 -0.4699999988079071 0.0
186 -0.5099999904632568 0.0 0.0 -0.5099999904632568 -0.4699999988079071 0.0 0.0 -0.5099999904632568 -0.4699999988079071 0.0 0.0 -0.5099999904632568 -0.4699999988079071 0.0 0.0 -0.5099999904632568 -0.4699999988079071 0.0 0.0 -0.5099999904632568 -0.4699999988079071 0.0 0.0 -0.5099999904632568 -0.4699999988079071 0.0 0.0 -0.5099999904632568 -0.4699999988079071 0.0 0.0 -0.5099999904632568 -0.4699999988079071 0.0 0.0 -0.5099999904632568 -0.4699999988079071 0.0 0.0 -0.5099999904632568 -0.4699999988079071 0.0 0.0 -0.5099999904632568 -0.4699999988079071 0.0 0.0 -0.5099999904632568 -0.4699999988079071 0.0 0.0 -0.5099999904632568 -0.4699999988079071 0.0 0.0 -0.5099999904632568 -0.4699999988079071 0.0 0.0 -0.5099999904632568 -0.4699999988079071 0.0 0.0 -0.4699999988079071 0.0
187 -0.5099999904632568 0.0 -0.5099999904632568 -0.4699999988079071 0.0 0.0 -0.5099999904632568 -0.4699999988079071 0.0 0.0 -0.5099999904632568 -0.4699999988079071 0.0 0.0 -0.5099999904632568 -0.4699999988079071 0.0 0.0 -0.5099999904632568 -0.4699999988079071 0.0 0.0 -0.5099999904632568 -0.4699999988079071 0.0 0.0 -0.5099999904632568 -0.4699999988079071 0.0 0.0 -0.5099999904632568 -0.4699999988079071 0.0 0.0 -0.5099999904632568 -0.4699999988079071 0.0 0.0 -0.5099999904632568 -0.4699999988079071 0.0 0.0 -0.5099999904632568 -0.4699999988079071 0.0 0.0 -0.5099999904632568 -0.4699999988079071 0.0 0.0 -0.5099999904632568 -0.4699999988079071 0.0 0.0 -0.5099999904632568 -0.4699999988079071 0.0 0.0 -0.5099999904632568 -0.4699999988079071 0.0 0.0 -0.4699999988079071 0.0
188 -0.5099999904632568 0.0 -0.5099999904632568 -0.28999999165534973 0.0 0.0 -0.5099999904632568 -0.28999999165534973 0.0 0.0 -0.5099999904632568 -0.4699999988079071 0.0 -0.5099999904632568 0.0 -0.5099999904632568 -0.4699999988079071 0.0 0.0 -0.5099999904632568 -0.4699999988079071 0.0 0.0 -0.5099999904632568 -0.4699999988079071 0.0 0.0 -0.5099999904632568 -0.4699999988079071 0.0 0.0 -0.5099999904632568 -0.4699999988079071 0.0 0.0 -0.5099999904632568 -0.4699999988079071 0.0 0.0 -0.5099999904632568 -0.4699999988079071 0.0 0.0 -0.5099999904632568 -0.4699999988079071 0.0 0.0 -0.5099999904632568 -0.4699999988079071 0.0 0.0 -0.5099999904632568 -0.4699999988079071 0.0 0.0 -0.5099999904632568 -0.4699999988079071 0.0 0.0 -0.5099999904632568 -0.4699999988079071 0.0 0.0 -0.5099999904632568 -0.4699999988079071 0.0 0.0 -0.5099999904632568 -0.4699999988079071 0.0 0.0 -0.5099999904632568 -0.4699999988079071 0.0 0.0 -0.4699999988079071 0.0
189 -0.5099999904632568 0.0 -0.5099999904632568 -0.4699999988079071 0.0 0.0 -0.5099999904632568 -0.4699999988079071 0.0 0.0 -0.5099999904632568 -0.4699999988079071 0.0 0.0 -0.5099999904632568 -0.4699999988079071 0.0 0.0 -0.5099999904632568 -0.4699999988079071 0.0 0.0 -0.5099999904632568 -0.4699999988079071 0.0 0.0 -0.5099999904632568 -0.4699999988079071 0.0 0.0 -0.5099999904632568 -0.4699999988079071 0.0 0.0 -0.5099999904632568 -0.4699999988079071 0.0 0.0 -0.5099999904632568 -0.4699999988079071 0.0 0.0 -0.5099999904632568 -0.4699999988079071 0.0 0.0 -0.5099999904632568 -0.4699999988079071 0.0 0.0 -0.5099999904632568 -0.4699999988079071 0.0 0.0 -0.5099999904632568 -0.4699999988079071 0.0 0.0 -0.5099999904632568 -0.4699999988079071 0.0 0.0 -0.5099999904632568 -0.4699999988079071 0.0
19 -0.4699999988079071 0.0 0.0 -0.5099999904632568 -0.4699999988079071 0.0 0.0 -0.5099999904632568 -0.4699999988079071 -0.019999999552965164 0.0 -0.5099999904632568 -0.4699999988079071 0.0 0.0 -0.5099999904632568 -0.4699999988079071 0.0 0.0 -0.5099999904632568 -0.4699999988079071 0.0 0.0 -0.5099999904632568 -0.4699999988079071 0.0 0.0 -0.5099999904632568 -0.4699999988079071 0.0 0.0 -0.5099999904632568 -0.4699999988079071 0.0 0.0 -0.5099999904632568 -0.4699999988079071 0.0 0.0 -0.5099999904632568 -0.4699999988079071 0.0 0.0 -0.5099999904632568 -0.4699999988079071 0.0 0.0 -0.5099999904632568 -0.4699999988079071 0.0 0.0 -0.4699999988079071 0.0
190 -0.5099999904632568 0.0 -0.5099999904632568 -0.4699999988079071 0.0 0.0 -0.5099999904632568 -0.4699999988079071 0.0 0.0 -0.5099999904632568 -0.4699999988079071 0.0 0.0 -0.5099999904632568 -0.4699999988079071 0.0 0.0 -0.5099999904632568 -0.4699999988079071 0.0 0.0 -0.5099999904632568 -0.4699999988079071 0.0 0.0 -0.5099999904632568 -0.4699999988079071 0.0 0.0 -0.5099999904632568 -0.4699999988079071 0.0 0.0 -0.5099999904632568 -0.4699999988079071 0.0 0.0 -0.5099999904632568 -0.4699999988079071 0.0 0.0 -0.5099999904632568 -0.4699999988079071 0.0 0.0 -0.5099999904632568 -0.4699999988079071 0.0 0.0 -0.5099999904632568 -0.4699999988079071 0.0 0.0 -0.5099999904632568 -0.4699999988079071 0.0 0.0 -0.5099999904632568 -0.4699999988079071 0.0 0.0
191 0.0 -0.28999999165534973 -0.5099999904632568 -0.5099999904632568 0.0 0.0 -0.5099999904632568 -0.4699999988079071 0.0 0.0 -0.5099999904632568 -0.4699999988079071 0.0 0.0 -0.5099999904632568 -0.4699999988079071 0.0 0.0 -0.5099999904632568 -0.4699999988079071 0.0 0.0 -0.5099999904632568 -0.4699999988079071 0.0 0.0 -0.5099999904632568 -0.4699999988079071 0.0 0.0 -0.5099999904632568 -0.4699999988079071 0.0 0.0 -0.5099999904632568 -0.4699999988079071 0.0 0.0 -0.5099999904632568 -0.4699999988079071 0.0 0.0 -0.5099999904632568 -0.4699999988079071 0.0 0.0 -0.5099999904632568 -0.4699999988079071 0.0 0.0 -0.5099999904632568 -0.4699999988079071 0.0 0.0 -0.5099999904632568 -0.4699999988079071 0.0 0.0 -0.5099999904632568 -0.4699999988079071 0.0 0.0 -0.5099999904632568
192 -0.5099999904632568 0.0 -0.5099999904632568 -0.4699999988079071 0.0 0.0 -0.5099999904632568 -0.4699999988079071 0.0 0.0 -0.5099999904632568 -0.4699999988079071 0.0 0.0 -0.5099999904632568 -0.4699999988079071 0.0 0.0 -0.5099999904632568 -0.4699999988079071 0.0 0.0 -0.5099999904632568 -0.4699999988079071 0.0 0.0 -0.5099999904632568 -0.4699999988079071 0.0 0.0 -0.5099999904632568 -0.4699999988079071 0.0 0.0 -0.5099999904632568 -0.4699999988079071 0.0 0.0 -0.5099999904632568 -0.4699999988079071 0.0 0.0 -0.5099999904632568 -0.4699999988079071 0.0 0.0 -0.5099999904632568 -0.4699999988079071 0.0 0.0 -0.5099999904632568 -0.4699999988079071 0.0 0.0 -0.5099999904632568 -0.28999999165534973 0.0
193 -0.5099999904632568 0.0 0.0 -0.5099999904632568 -0.4699999988079071 0.0 0.0 -0.5099999904632568 -0.4699999988079071 0.0 0.0 -0.5099999904632568 -0.4699999988079071 0.0 0.0 -0.5099999904632568 -0.4699999988079071 0.0 0.0 -0.5099999904632568 -0.4699999988079071 0.0 0.0 -0.5099999904632568 -0.4699999988079071 0.0 0.0 -0.5099999904632568 -0.4699999988079071 0.0 0.0 -0.5099999904632568 -0.4699999988079071 0.0 0.0 -0.5099999904632568 -0.4699999988079071 0.0 0.0 -0.5099999904632568 -0.4699999988079071 0.0 0.0 -0.5099999904632568 -0.4699999988079071 0.0 0.0 -0.5099999904632568 -0.4699999988079071 0.0 0.0 -0.5099999904632568 -0.28999999165534973 0.0 0.0 -0.5099999904632568 -0.4699999988079071 0.0 0.0 -0.5099999904632568 -0.4699999988079071 0.0 0.0 -0.5099999904632568 -0.4699999988079071
194 -0.5099999904632568 0.0 -0.5099999904632568 -0.4699999988079071 0.0 0.0 -0.5099999904632568 -0.4699999988079071 0.0 0.0 -0.5099999904632568 -0.4699999988079071 0.0 0.0 -0.5099999904632568 -0.4699999988079071 0.0 0.0 -0.5099999904632568 -0.4699999988079071 0.0 0.0 -0.5099999904632568 -0.4699999988079071 0.0 0.0 -0.5099999904632568 -0.4699999988079071 0.0 0.0 -0.5099999904632568 -0.4699999988079071 0.0 0.0 -0.5099999904632568 -0.4699999988079071 0.0 0.0 -0.5099999904632568 -0.4699999988079071 0.0 0.0 -0.5099999904632568 -0.4699999988079071 0.0 0.0 -0.5099999904632568 -0.28999999165534973 0.0 0.0 -0.5099999904632568 -0.4699999988079071 0.0 0.0 -0.5099999904632568 -0.4699999988079071 0.0 0.0 -0.5099999904632568 -0.4699999988079071 0.0 0.0
195 -0.5099999904632568 0.0 -0.5099999904632568 -0.4699999988079071 0.0 0.0 -0.5099999904632568 -0.4699999988079071 0.0 0.0 -0.5099999904632568 -0.4699999988079071 0.0 0.0 -0.5099999904632568 -0.4699999988079071 0.0 0.0 -0.5099999904632568 -0.4699999988079071 0.0 0.0 -0.5099999904632568 -0.4699999988079071 0.0 0.0 -0.5099999904632568 -0.4699999988079071 0.0 0.0 -0.5099999904632568 -0.4699999988079071 0.0 0.0 -0.5099999904632568 -0.4699999988079071 0.0 0.0 -0.5099999904632568 -0.4699999988079071 0.0 0.0 -0.5099999904632568 -0.28999999165534973 0.0 0.0 -0.5099999904632568 -0.4699999988079071 0.0 0.0 -0.4699999988079071 0.0 0.0 -0.5099999904632568 -0.4699999988079071 0.0 0.0
196 -0.5099999904632568 0.0 -0.5099999904632568 -0.4699999988079071 0.0 0.0 -0.5099999904632568 -0.4699999988079071 0.0 0.0 -0.5099999904632568 -0.4699999988079071 0.0 0.0 -0.5099999904632568 -0.4699999988079071 0.0 0.0 -0.5099999904632568 -0.4699999988079071 0.0 0.0 -0.5099999904632568 -0.4699999988079071 0.0 0.0 -0.5099999904632568 -0.4699999988079071 0.0 0.0 -0.5099999904632568 -0.4699999988079071 0.0 0.0 -0.5099999904632568 -0.4699999988079071 0.0 0.0 -0.5099999904632568 -0.28999999165534973 0.0 0.0 -0.5099999904632568 -0.4699999988079071 0.0 0.0 -0.5099999904632568 -0.4699999988079071 0.0 0.0 -0.5099999904632568 -0.4699999988079071 0.0
197 0.0 -0.5099999904632568 -0.4699999988079071 0.0 0.0 -0.5099999904632568 -0.4699999988079071 0.0 0.0 -0.5099999904632568 -0.4699999988079071 0.0 0.0 -0.5099999904632568 -0.4699999988079071 0.0 0.0 -0.5099999904632568 -0.4699999988079071 0.0 0.0 -0.5099999904632568 -0.4699999988079071 0.0 0.0 -0.5099999904632568 -0.4699999988079071 0.0 0.0 -0.5099999904632568 -0.4699999988079071 0.0 0.0 -0.5099999904632568 -0.28999999165534973 0.0 0.0 -0.5099999904632568 -0.4699999988079071 0.0 0.0 -0.5099999904632568 -0.4699999988079071 0.0 0.0 -0.5099999904632568 -0.4699999988079071 0.0 0.0 -0.5099999904632568 -0.4699999988079071 0.0 0.0 -0.5099999904632568 -0.4699999988079071
198 0.0 0.0 -0.5099999904632568 -0.4699999988079071 0.0 0.0 -0.5099999904632568 -0.4699999988079071 0.0 0.0 -0.5099999904632568 -0.4699999988079071 0.0 0.0 -0.5099999904632568 -0.4699999988079071 0.0 0.0 -0.5099999904632568 -0.4699999988079071 0.0 0.0 -0.5099999904632568 -0.28999999165534973 0.0 0.0 -0.5099999904632568 -0.4699999988079071 0.0 0.0 -0.5099999904632568 -0.4699999988079071 0.0 0.0 -0.5099999904632568 -0.4699999988079071 0.0 0.0 -0.5099999904632568 -0.4699999988079071 0.0 0.0 -0.5099999904632568 -0.4699999988079071 0.0 -0.5099999904632568
199 -0.5099999904632568 0.0 0.0 -0.5099999904632568 -0.4699999988079071 0.0 0.0 -0.5099999904632568 -0.4699999988079071 0.0 0.0 -0.5099999904632568 -0.4699999988079071 0.0 0.0 -0.5099999904632568 -0.4699999988079071 0.0 0.0 -0.5099999904632568 -0.28999999165534973 0.0 0.0 -0.5099999904632568 -0.4699999988079071 0.0 0.0 -0.5099999904632568 -0.4699999988079071 0.0 0.0 -0.5099999904632568 -0.4699999988079071 0.0 0.0 -0.5099999904632568 -0.4699999988079071 0.0 0.0 -0.5099999904632568 -0.4699999988079071 0.0 0.0 -0.5099999904632568 -0.28999999165534973 0.0
2 -0.30000001192092896 0.0 0.0 -0.5099999904632568 -0.4699999988079071 0.0 0.0 -0.5099999904632568 -0.4699999988079071 0.0 0.0 -0.5099999904632568 -0.28999999165534973 0.0 0.0 -0.5099999904632568 -0.4699999988079071 0.0 0.0 -0.5099999904632568
20 0.0 -0.4699999988079071 0.0 0.0 -0.5099999904632568 -0.4699999988079071 -0.019999999552965164 0.0 -0.5099999904632568 -0.4699999988079071 0.0 0.0 -0.5099999904632568 -0.4699999988079071 0.0 0.0 -0.5099999904632568 -0.4699999988079071 0.0 0.0 -0.5099999904632568 -0.4699999988079071 0.0 0.0 -0.5099999904632568 -0.4699999988079071 0.0 0.0 -0.5099999904632568 -0.4699999988079071 0.0 0.0 -0.5099999904632568 -0.4699999988079071 0.0 0.0 -0.5099999904632568 -0.4699999988079071 0.0 0.0 -0.5099999904632568 -0.4699999988079071 0.0 0.0 -0.5099999904632568 -0.4699999988079071 0.0 0.0 -0.5099999904632568 -0.4699999988079071 0.0 0.0 -0.4699999988079071
200 0.0 0.0 -0.5099999904632568 -0.4699999988079071 0.0 0.0 -0.5099999904632568 -0.4699999988079071 0.0 0.0 -0.5099999904632568 -0.4699999988079071 0.0 0.0 -0.5099999904632568 -0.4699999988079071 0.0 0.0 -0.5099999904632568 -0.4699999988079071 0.0 0.0 -0.5099999904632568 -0.4699999988079071 0.0 0.0 -0.5099999904632568 -0.4699999988079071 0.0 0.0 -0.5099999904632568 -0.28999999165534973 0.0 0.0 -0.5099999904632568 -0.4699999988079071 0.0 0.0 -0.5099999904632568 -0.4699999988079071 0.0 0.0 -0.5099999904632568 -0.4699999988079071 0.0 0.0 -0.5099999904632568 -0.4699999988079071 0.0 0.0 -0.5099999904632568 -0.4699999988079071 0.0 0.0 -0.5099999904632568 -0.28999999165534973 0.0 0.0 -0.5099999904632568
201 0.0 -0.5099999904632568 0.0 0.0 -0.5099999904632568 -0.4699999988079071 0.0 0.0 -0.5099999904632568 -0.4699999988079071 0.0 0.0 -0.5099999904632568 -0.4699999988079071 0.0 0.0 -0.5099999904632568 -0.28999999165534973 0.0 0.0 -0.5099999904632568 -0.4699999988079071 0.0 0.0 -0.5099999904632568 -0.4699999988079071 0.0 0.0 -0.5099999904632568 -0.4699999988079071 0.0 0.0 -0.5099999904632568 -0.4699999988079071 0.0 0.0 -0.5099999904632568 -0.4699999988079071 0.0 0.0 -0.5099999904632568 -0.28999999165534973 0.0 0.0 -0.5099999904632568 -0.4699999988079071 0.0 0.0 -0.4699999988079071
202 -0.5099999904632568 0.0 -0.4699999988079071 0.0 0.0 -0.5099999904632568 -0.28999999165534973 0.0 0.0 -0.5099999904632568 -0.4699999988079071 0.0 0.0 -0.5099999904632568 -0.4699999988079071 0.0 0.0 -0.5099999904632568 -0.4699999988079071 0.0 0.0 -0.5099999904632568 -0.4699999988079071 0.0 0.0 -0.5099999904632568 -0.4699999988079071 0.0 0.0 -0.5099999904632568 -0.28999999165534973 0.0 0.0 -0.5099999904632568 -0.4699999988079071 0.0 0.0 -0.4699999988079071
203 0.0 -0.5099999904632568 0.0 0.0 -0.5099999904632568 -0.4699999988079071 0.0 0.0 -0.5099999904632568 -0.4699999988079071 0.0 0.0 -0.5099999904632568 -0.4699999988079071 0.0 0.0 -0.5099999904632568 -0.4699999988079071 0.0 0.0 -0.5099999904632568 -0.4699999988079071 0.0 0.0 -0.5099999904632568 -0.28999999165534973 0.0 0.0 -0.5099999904632568 -0.4699999988079071 0.0 0.0 -0.5099999904632568 -0.4699999988079071 0.0 0.0 -0.5099999904632568
204 -0.5099999904632568 0.0 0.0 -0.5099999904632568 -0.4699999988079071 0.0 0.0 -0.5099999904632568 -0.4699999988079071 0.0 0.0 -0.5099999904632568 -0.4699999988079071 0.0 0.0 -0.5099999904632568 -0.28999999165534973 0.0 0.0 -0.5099999904632568 -0.4699999988079071 0.0 0.0 -0.5099999904632568 -0.4699999988079071 0.0 0.0 -0.5099999904632568 -0.28999999165534973 0.0 0.0 -0.5099999904632568 -0.4699999988079071
205 0.0 -0.5099999904632568 -0.4699999988079071 0.0 0.0 -0.5099999904632568 -0.4699999988079071 0.0 0.0 -0.5099999904632568 -0.28999999165534973 0.0 0.0 -0.5099999904632568 -0.4699999988079071 0.0 0.0 -0.5099999904632568 -0.4699999988079071 0.0 0.0 -0.5099999904632568 -0.28999999165534973 0.0 0.0 -0.5099999904632568 -0.4699999988079071 0.0 0.0 -0.5099999904632568 -0.4699999988079071
206 0.0 -0.5099999904632568 -0.4699999988079071 0.0 0.0 -0.5099999904632568 -0.4699999988079071 0.0 0.0 -0.5099999904632568 -0.28999999165534973 0.0 0.0 -0.5099999904632568 -0.4699999988079071 0.0 0.0 -0.5099999904632568 -0.4699999988079071 0.0 0.0 -0.5099999904632568 -0.28999999165534973 0.0 0.0 -0.5099999904632568 -0.4699999988079071 0.0 0.0 -0.5099999904632568 -0.4699999988079071 0.0 0.0 -0.5099999904632568 -0.28999999165534973
207 0.0 -0.5099999904632568 -0.28999999165534973 0.0 0.0 -0.5099999904632568 -0.4699999988079071 0.0 0.0 -0.5099999904632568 -0.4699999988079071 0.0 0.0 -0.5099999904632568 -0.28999999165534973 0.0 0.0 -0.5099999904632568 -0.4699999988079071 0.0 0.0 -0.5099999904632568 -0.4699999988079071 0.0 0.0 -0.5099999904632568 -0.28999999165534973 0.0 0.0 -0.5099999904632568 -0.4699999988079071
208 0.0 0.0 -0.5099999904632568 -0.4699999988079071 0.0 0.0 -0.5099999904632568 -0.4699999988079071 0.0 0.0 -0.5099999904632568 -0.28999999165534973 0.0 0.0 -0.5099999904632568 -0.4699999988079071 0.0 0.0 -0.5099999904632568 -0.4699999988079071 0.0 0.0 -0.5099999904632568 -0.28999999165534973 0.0 0.0 -0.5099999904632568 -0.4699999988079071 0.0 0.0 -0.5099999904632568 -0.4699999988079071
209 0.0 -0.5099999904632568 -0.4699999988079071 0.0 0.0 -0.5099999904632568 -0.28999999165534973 0.0 0.0 -0.5099999904632568 -0.4699999988079071 0.0 0.0 -0.5099999904632568 -0.4699999988079071 0.0 0.0 -0.5099999904632568 -0.28999999165534973 0.0 0.0 -0.5099999904632568 -0.4699999988079071 0.0 0.0 -0.5099999904632568 -0.4699999988079071 -0.019999999552965164 0.0 -0.5099999904632568 -0.4699999988079071
21 0.0 0.0 -0.5099999904632568 -0.4699999988079071 -0.019999999552965164 0.0 -0.5099999904632568 -0.4699999988079071 0.0 0.0 -0.5099999904632568 -0.4699999988079071 0.0 0.0 -0.5099999904632568 -0.4699999988079071 0.0 0.0 -0.5099999904632568 -0.4699999988079071 0.0 0.0 -0.5099999904632568 -0.4699999988079071 0.0 0.0 -0.5099999904632568 -0.4699999988079071 0.0 0.0 -0.5099999904632568 -0.4699999988079071 0.0 0.0 -0.5099999904632568 -0.4699999988079071 0.0 0.0 -0.5099999904632568 -0.4699999988079071 0.0 0.0 -0.5099999904632568 -0.4699999988079071 0.0 0.0 -0.5099999904632568 -0.4699999988079071 0.0 0.0 -0.5099999904632568 -0.4699999988079071 0.0 0.0 -0.4699999988079071 0.0
210 0.0 -0.5099999904632568 -0.28999999165534973 0.0 0.0 -0.5099999904632568 -0.4699999988079071 0.0 0.0 -0.5099999904632568 -0.4699999988079071 0.0 0.0 -0.5099999904632568 -0.28999999165534973 0.0 0.0 -0.5099999904632568 -0.4699999988079071 0.0 0.0 -0.5099999904632568 -0.4699999988079071 -0.019999999552965164 0.0 -0.5099999904632568 -0.4699999988079071 0.0 0.0 -0.5099999904632568
211 -0.5099999904632568 -0.4699999988079071 0.0 0.0 -0.5099999904632568 -0.4699999988079071 0.0 0.0 -0.5099999904632568 -0.28999999165534973 0.0 0.0 -0.5099999904632568 -0.4699999988079071 0.0 0.0 -0.5099999904632568 -0.4699999988079071 -0.019999999552965164 0.0 -0.5099999904632568 -0.4699999988079071 0.0 0.0 -0.5099999904632568 -0.4699999988079071 -0.019999999552965164
212 0.0 -0.4699999988079071 0.0 0.0 -0.5099999904632568 -0.28999999165534973 0.0 0.0 -0.5099999904632568 -0.4699999988079071 0.0 0.0 -0.5099999904632568 -0.4699999988079071 -0.019999999552965164 0.0 -0.5099999904632568 -0.4699999988079071 0.0 0.0 -0.5099999904632568 -0.4699999988079071 -0.019999999552965164 0.0 -0.5099999904632568 -0.28999999165534973 0.0
213 0.0 -0.5099999904632568 -0.28999999165534973 0.0 0.0 -0.5099999904632568 -0.4699999988079071 0.0 0.0 -0.5099999904632568 -0.4699999988079071 -0.019999999552965164 0.0 -0.5099999904632568 -0.4699999988079071 0.0 0.0 -0.5099999904632568 -0.4699999988079071 -0.019999999552965164 0.0 -0.5099999904632568 -0.28999999165534973 0.0 0.0 -0.5099999904632568 -0.4699999988079071 -0.019999999552965164 0.0 -0.5099999904632568
214 0.0 0.0 -0.5099999904632568 -0.4699999988079071 -0.019999999552965164 0.0 -0.5099999904632568 -0.4699999988079071 0.0 0.0 -0.5099999904632568 -0.4699999988079071 -0.019999999552965164 0.0 -0.5099999904632568 -0.28999999165534973 0.0 0.0 -0.5099999904632568 -0.4699999988079071 -0.019999999552965164 0.0 -0.5099999904632568 -0.4699999988079071 0.0 0.0 -0.5099999904632568
215 -0.4699999988079071 -0.019999999552965164 0.0 -0.5099999904632568 -0.4699999988079071 0.0 0.0 -0.5099999904632568 -0.4699999988079071 -0.019999999552965164 0.0 -0.5099999904632568 -0.28999999165534973 0.0 0.0 -0.5099999904632568 -0.4699999988079071 -0.019999999552965164 0.0 -0.5099999904632568 -0.4699999988079071 0.0 0.0 -0.5099999904632568 -0.28999999165534973 0.0 0.0 -0.5099999904632568
216 -0.4699999988079071 0.0 0.0 -0.5099999904632568 -0.4699999988079071 -0.019999999552965164 0.0 -0.5099999904632568 -0.28999999165534973 0.0 0.0 -0.5099999904632568 -0.4699999988079071 -0.019999999552965164 0.0 -0.5099999904632568 -0.4699999988079071 0.0 0.0 -0.5099999904632568 -0.28999999165534973 0.0 0.0 -0.5099999904632568 -0.4699999988079071 0.0 0.0 -0.5099999904632568
217 -0.019999999552965164 0.0 -0.5099999904632568 -0.28999999165534973 0.0 0.0 -0.5099999904632568 -0.4699999988079071 -0.019999999552965164 0.0 -0.5099999904632568 -0.4699999988079071 0.0 0.0 -0.5099999904632568 -0.28999999165534973 0.0 0.0 -0.5099999904632568 -0.4699999988079071 0.0 0.0 -0.5099999904632568 -0.28999999165534973 0.0 0.0 -0.5099999904632568
218 0.0 0.0 -0.5099999904632568 -0.4699999988079071 -0.019999999552965164 0.0 -0.5099999904632568 -0.4699999988079071 0.0 0.0 -0.5099999904632568 -0.28999999165534973 0.0 0.0 -0.5099999904632568 -0.4699999988079071 0.0 0.0 -0.5099999904632568 -0.28999999165534973 0.0 0.0 -0.5099999904632568 -0.4699999988079071 0.0
219 -0.4699999988079071 -0.019999999552965164 0.0 -0.5099999904632568 -0.4699999988079071 0.0 0.0 -0.5099999904632568 -0.28999999165534973 0.0 0.0 -0.5099999904632568 -0.4699999988079071 0.0 0.0 -0.5099999904632568 -0.28999999165534973 0.0 0.0 -0.5099999904632568 -0.4699999988079071 0.0 0.0 -0.5099999904632568 -0.4699999988079071 0.0 0.0 -0.5099999904632568
22 0.0 -0.5099999904632568 -0.4699999988079071 -0.019999999552965164 0.0 -0.5099999904632568 -0.4699999988079071 0.0 0.0 -0.5099999904632568 -0.4699999988079071 0.0 0.0 -0.5099999904632568 -0.4699999988079071 0.0 0.0 -0.5099999904632568 -0.4699999988079071 0.0 0.0 -0.5099999904632568 -0.4699999988079071 0.0 0.0 -0.5099999904632568 -0.4699999988079071 0.0 0.0 -0.5099999904632568 -0.4699999988079071 0.0 0.0 -0.5099999904632568 -0.4699999988079071 0.0 0.0 -0.5099999904632568 -0.4699999988079071 0.0 0.0 -0.5099999904632568 -0.4699999988079071 0.0 0.0 -0.5099999904632568 -0.4699999988079071 0.0 0.0 -0.5099999904632568 -0.4699999988079071 0.0 0.0 -0.5099999904632568 -0.4699999988079071 0.0 0.0 -0.4699999988079071 0.0
220 0.0 -0.5099999904632568 -0.4699999988079071 0.0 0.0 -0.5099999904632568 -0.28999999165534973 0.0 0.0 -0.5099999904632568 -0.4699999988079071 0.0 0.0 -0.5099999904632568 -0.28999999165534973 0.0 0.0 -0.5099999904632568 -0.4699999988079071 0.0 0.0 -0.5099999904632568 -0.4699999988079071 0.0 0.0 -0.5099999904632568 -0.4699999988079071 -0.019999999552965164
221 0.0 0.0 -0.5099999904632568 -0.4699999988079071 0.0 0.0 -0.5099999904632568 -0.28999999165534973 0.0 0.0 -0.5099999904632568 -0.4699999988079071 0.0 0.0 -0.5099999904632568 -0.4699999988079071 0.0 0.0 -0.5099999904632568 -0.4699999988079071 -0.019999999552965164 0.0 -0.5099999904632568 -0.4699999988079071 0.0 0.0 -0.5099999904632568
222 0.0 0.0 -0.5099999904632568 -0.28999999165534973 0.0 0.0 -0.5099999904632568 -0.4699999988079071 0.0 0.0 -0.5099999904632568 -0.4699999988079071 0.0 0.0 -0.5099999904632568 -0.4699999988079071 -0.019999999552965164 0.0 -0.5099999904632568 -0.4699999988079071 0.0 0.0 -0.5099999904632568 -0.28999999165534973 0.0
223 0.0 0.0 -0.5099999904632568 -0.4699999988079071 0.0 0.0 -0.5099999904632568 -0.4699999988079071 0.0 0.0 -0.5099999904632568 -0.4699999988079071 -0.019999999552965164 0.0 -0.5099999904632568 -0.4699999988079071 0.0 0.0 -0.5099999904632568 -0.28999999165534973 0.0 0.0 -0.5099999904632568 -0.4699999988079071 0.0
224 -0.4699999988079071 0.0 0.0 -0.5099999904632568 -0.4699999988079071 0.0 0.0 -0.5099999904632568 -0.4699999988079071 -0.019999999552965164 0.0 -0.5099999904632568 -0.4699999988079071 0.0 0.0 -0.5099999904632568 -0.28999999165534973 0.0 0.0 -0.5099999904632568 -0.4699999988079071 0.0 0.0 -0.5099999904632568 -0.4699999988079071 -0.019999999552965164 -0.5099999904632568
225 0.0 0.0 -0.5099999904632568 -0.4699999988079071 -0.019999999552965164 0.0 -0.5099999904632568 -0.4699999988079071 0.0 0.0 -0.5099999904632568 -0.28999999165534973 0.0 0.0 -0.5099999904632568 -0.4699999988079071 0.0 0.0 -0.5099999904632568 -0.4699999988079071 -0.019999999552965164 0.0 -0.5099999904632568 -0.28999999165534973 0.0 0.0
226 -0.4699999988079071 -0.019999999552965164 0.0 -0.5099999904632568 -0.4699999988079071 0.0 0.0 -0.5099999904632568 -0.28999999165534973 0.0 0.0 -0.5099999904632568 -0.4699999988079071 0.0 0.0 -0.5099999904632568 -0.4699999988079071 -0.019999999552965164 0.0 -0.5099999904632568 -0.28999999165534973 0.0 0.0 -0.5099999904632568 -0.28999999165534973 0.0
227 0.0 0.0 -0.5099999904632568 -0.28999999165534973 0.0 0.0 -0.5099999904632568 -0.4699999988079071 0.0 0.0 -0.5099999904632568 -0.4699999988079071 -0.019999999552965164 0.0 -0.5099999904632568 -0.28999999165534973 0.0 0.0 -0.5099999904632568 -0.28999999165534973 0.0 0.0 -0.5099999904632568 -0.4699999988079071 0.0 0.0 -0.5099999904632568
228 0.0 0.0 -0.5099999904632568 -0.4699999988079071 0.0 0.0 -0.5099999904632568 -0.4699999988079071 -0.019999999552965164 0.0 -0.5099999904632568 -0.28999999165534973 0.0 0.0 -0.5099999904632568 -0.28999999165534973 0.0 0.0 -0.5099999904632568 -0.4699999988079071 0.0 0.0 -0.5099999904632568 -0.28999999165534973 0.0 0.0 -0.5099999904632568
229 -0.5099999904632568 -0.4699999988079071 0.0 0.0 -0.5099999904632568 -0.4699999988079071 -0.019999999552965164 0.0 -0.5099999904632568 -0.28999999165534973 0.0 0.0 -0.5099999904632568 -0.28999999165534973 0.0 0.0 -0.5099999904632568 -0.4699999988079071 0.0 0.0 -0.5099999904632568 -0.28999999165534973 0.0 0.0 -0.5099999904632568 -0.4699999988079071 0.0 0.0
23 0.0 -0.5099999904632568 -0.4699999988079071 -0.019999999552965164 0.0 -0.5099999904632568 -0.4699999988079071 0.0 0.0 -0.5099999904632568 -0.4699999988079071 0.0 0.0 -0.5099999904632568 -0.4699999988079071 0.0 0.0 -0.5099999904632568 -0.4699999988079071 0.0 0.0 -0.5099999904632568 -0.4699999988079071 0.0 0.0 -0.5099999904632568 -0.4699999988079071 0.0 0.0 -0.5099999904632568 -0.4699999988079071 0.0 0.0 -0.5099999904632568 -0.4699999988079071 0.0 0.0 -0.5099999904632568 -0.4699999988079071 0.0 0.0 -0.5099999904632568 -0.4699999988079071 0.0 0.0 -0.5099999904632568 -0.4699999988079071 0.0 0.0 -0.5099999904632568 -0.4699999988079071 0.0 0.0 -0.5099999904632568 -0.4699999988079071 0.0 0.0 -0.5099999904632568 -0.4699999988079071 0.0 0.0 -0.4699999988079071 0.0
230 -0.4699999988079071 -0.019999999552965164 0.0 -0.5099999904632568 -0.28999999165534973 0.0 0.0 -0.5099999904632568 -0.28999999165534973 0.0 0.0 -0.5099999904632568 -0.4699999988079071 0.0 0.0 -0.5099999904632568 -0.28999999165534973 0.0 0.0 -0.5099999904632568 -0.4699999988079071 0.0 0.0 -0.5099999904632568 -0.28999999165534973 0.0 0.0
231 -0.28999999165534973 0.0 0.0 -0.5099999904632568 -0.28999999165534973 0.0 0.0 -0.5099999904632568 -0.4699999988079071 0.0 0.0 -0.5099999904632568 -0.28999999165534973 0.0 0.0 -0.5099999904632568 -0.4699999988079071 0.0 0.0 -0.5099999904632568 -0.28999999165534973 0.0 0.0 -0.5099999904632568 -0.4699999988079071 0.0 0.0 -0.5099999904632568
232 0.0 0.0 -0.5099999904632568 -0.4699999988079071 0.0 0.0 -0.5099999904632568 -0.28999999165534973 0.0 0.0 -0.5099999904632568 -0.4699999988079071 0.0 0.0 -0.5099999904632568 -0.28999999165534973 0.0 0.0 -0.5099999904632568 -0.4699999988079071 0.0 0.0 -0.5099999904632568 -0.28999999165534973 0.0 0.0 -0.5099999904632568 -0.4699999988079071
233 0.0 -0.5099999904632568 -0.4699999988079071 0.0 0.0 -0.5099999904632568 -0.28999999165534973 0.0 0.0 -0.5099999904632568 -0.4699999988079071 0.0 0.0 -0.5099999904632568 -0.28999999165534973 0.0 0.0 -0.5099999904632568 -0.4699999988079071 0.0 0.0 -0.5099999904632568 -0.28999999165534973 0.0 0.0 -0.5099999904632568 -0.4699999988079071 0.0 0.0 -0.5099999904632568 -0.4699999988079071
234 -0.28999999165534973 0.0 0.0 -0.5099999904632568 -0.4699999988079071 0.0 0.0 -0.5099999904632568 -0.28999999165534973 0.0 0.0 -0.5099999904632568 -0.4699999988079071 0.0 0.0 -0.5099999904632568 -0.28999999165534973 0.0 0.0 -0.5099999904632568 -0.4699999988079071 0.0 0.0 -0.5099999904632568 -0.4699999988079071 0.0 0.0 -0.5099999904632568
235 0.0 -0.5099999904632568 -0.4699999988079071 0.0 0.0 -0.5099999904632568 -0.28999999165534973 0.0 0.0 -0.5099999904632568 -0.4699999988079071 0.0 0.0 -0.5099999904632568 -0.28999999165534973 0.0 0.0 -0.5099999904632568 -0.4699999988079071 0.0 0.0 -0.5099999904632568 -0.4699999988079071 0.0 0.0 -0.5099999904632568 -0.28999999165534973 0.0 0.0 -0.5099999904632568 -0.4699999988079071 0.0
236 0.0 -0.5099999904632568 -0.28999999165534973 0.0 0.0 -0.5099999904632568 -0.4699999988079071 0.0 0.0 -0.5099999904632568 -0.28999999165534973 0.0 0.0 -0.5099999904632568 -0.4699999988079071 0.0 0.0 -0.5099999904632568 -0.4699999988079071 0.0 0.0 -0.5099999904632568 -0.28999999165534973 0.0 0.0 -0.5099999904632568 -0.4699999988079071 0.0 0.0 -0.5099999904632568 -0.4699999988079071
237 0.0 -0.5099999904632568 -0.4699999988079071 0.0 0.0 -0.5099999904632568 -0.28999999165534973 0.0 0.0 -0.5099999904632568 -0.4699999988079071 0.0 0.0 -0.5099999904632568 -0.4699999988079071 0.0 0.0 -0.5099999904632568 -0.28999999165534973 0.0 0.0 -0.5099999904632568 -0.4699999988079071 0.0 0.0 -0.5099999904632568 -0.4699999988079071 0.0 0.0 -0.5099999904632568 -0.4699999988079071 0.0 -0.5099999904632568
238 -0.28999999165534973 0.0 0.0 -0.5099999904632568 -0.4699999988079071 0.0 0.0 -0.5099999904632568 -0.4699999988079071 0.0 0.0 -0.5099999904632568 -0.28999999165534973 0.0 0.0 -0.5099999904632568 -0.4699999988079071 0.0 0.0 -0.5099999904632568 -0.4699999988079071 0.0 0.0 -0.5099999904632568 -0.4699999988079071 0.0 0.0 -0.5099999904632568 -0.4699999988079071
239 0.0 0.0 -0.5099999904632568 -0.28999999165534973 0.0 0.0 -0.5099999904632568 -0.4699999988079071 0.0 0.0 -0.5099999904632568 -0.4699999988079071 0.0 0.0 -0.5099999904632568 -0.28999999165534973 0.0 0.0 -0.5099999904632568 -0.4699999988079071 0.0 0.0 -0.5099999904632568 -0.4699999988079071 0.0 0.0 -0.5099999904632568 -0.4699999988079071 0.0 0.0 -0.5099999904632568 -0.4699999988079071 0.0 0.0 -0.5099999904632568 -0.4699999988079071 -0.019999999552965164
24 0.0 -0.5099999904632568 -0.4699999988079071 0.0 0.0 -0.5099999904632568 -0.4699999988079071 0.0 0.0 -0.5099999904632568 -0.4699999988079071 0.0 0.0 -0.5099999904632568 -0.4699999988079071 0.0 0.0 -0.5099999904632568 -0.4699999988079071 0.0 0.0 -0.5099999904632568 -0.4699999988079071 0.0 0.0 -0.5099999904632568 -0.4699999988079071 0.0 0.0 -0.5099999904632568 -0.4699999988079071 0.0 0.0 -0.5099999904632568 -0.4699999988079071 0.0 0.0 -0.5099999904632568 -0.4699999988079071 0.0 0.0 -0.5099999904632568 -0.4699999988079071 0.0 0.0 -0.5099999904632568 -0.4699999988079071 0.0 0.0 -0.5099999904632568 -0.4699999988079071 0.0 0.0 -0.5099999904632568 -0.4699999988079071 0.0 0.0 -0.5099999904632568 -0.4699999988079071 0.0 0.0 -0.4699999988079071 0.0
240 0.0 0.0 -0.5099999904632568 -0.4699999988079071 0.0 0.0 -0.5099999904632568 -0.4699999988079071 0.0 0.0 -0.5099999904632568 -0.28999999165534973 0.0 0.0 -0.5099999904632568 -0.4699999988079071 0.0 0.0 -0.5099999904632568 -0.4699999988079071 0.0 0.0 -0.5099999904632568 -0.4699999988079071 0.0 0.0 -0.5099999904632568 -0.4699999988079071 0.0 0.0 -0.5099999904632568 -0.4699999988079071 -0.019999999552965164 -0.5099999904632568
241 0.0 -0.5099999904632568 -0.28999999165534973 0.0 0.0 -0.5099999904632568 -0.4699999988079071 0.0 0.0 -0.5099999904632568 -0.4699999988079071 0.0 0.0 -0.5099999904632568 -0.4699999988079071 0.0 0.0 -0.5099999904632568 -0.4699999988079071 0.0 0.0 -0.5099999904632568 -0.4699999988079071 -0.019999999552965164 0.0 -0.5099999904632568 -0.28999999165534973 0.0
242 0.0 -0.5099999904632568 -0.4699999988079071 0.0 0.0 -0.5099999904632568 -0.4699999988079071 0.0 0.0 -0.5099999904632568 -0.4699999988079071 0.0 0.0 -0.5099999904632568 -0.4699999988079071 0.0 0.0 -0.5099999904632568 -0.4699999988079071 -0.019999999552965164 0.0 -0.5099999904632568 -0.28999999165534973 0.0 0.0 -0.5099999904632568 -0.4699999988079071 -0.019999999552965164 0.0 -0.5099999904632568
243 0.0 -0.5099999904632568 -0.4699999988079071 0.0 0.0 -0.5099999904632568 -0.4699999988079071 0.0 0.0 -0.5099999904632568 -0.4699999988079071 0.0 0.0 -0.5099999904632568 -0.4699999988079071 -0.019999999552965164 0.0 -0.5099999904632568 -0.28999999165534973 0.0 0.0 -0.5099999904632568 -0.4699999988079071 -0.019999999552965164 0.0 -0.5099999904632568 -0.4699999988079071 0.0 0.0 -0.5099999904632568 -0.4699999988079071 0.0 0.0
244 -0.4699999988079071 0.0 0.0 -0.5099999904632568 -0.4699999988079071 0.0 0.0 -0.5099999904632568 -0.4699999988079071 -0.019999999552965164 0.0 -0.5099999904632568 -0.28999999165534973 0.0 0.0 -0.5099999904632568 -0.4699999988079071 -0.019999999552965164 0.0 -0.5099999904632568 -0.4699999988079071 0.0 0.0 -0.5099999904632568 -0.4699999988079071 0.0 0.0 -0.4699999988079071
245 -0.4699999988079071 0.0 0.0 -0.5099999904632568 -0.4699999988079071 -0.019999999552965164 0.0 -0.5099999904632568 -0.28999999165534973 0.0 0.0 -0.5099999904632568 -0.4699999988079071 -0.019999999552965164 0.0 -0.5099999904632568 -0.4699999988079071 0.0 0.0 -0.5099999904632568 -0.4699999988079071 0.0 0.0 -0.5099999904632568 -0.4699999988079071 -0.019999999552965164 0.0 -0.5099999904632568 -0.4699999988079071 0.0 0.0 -0.4699999988079071
246 0.0 -0.5099999904632568 -0.4699999988079071 -0.019999999552965164 0.0 -0.5099999904632568 -0.28999999165534973 0.0 0.0 -0.5099999904632568 -0.4699999988079071 -0.019999999552965164 0.0 -0.5099999904632568 -0.4699999988079071 0.0 0.0 -0.5099999904632568 -0.4699999988079071 0.0 0.0 -0.5099999904632568 -0.4699999988079071 -0.019999999552965164 0.0 -0.5099999904632568 -0.4699999988079071 0.0 0.0 -0.5099999904632568 -0.4699999988079071 0.0 0.0 -0.5099999904632568 -0.4699999988079071
247 -0.4699999988079071 -0.019999999552965164 0.0 -0.5099999904632568 -0.28999999165534973 0.0 0.0 -0.5099999904632568 -0.4699999988079071 -0.019999999552965164 0.0 -0.5099999904632568 -0.4699999988079071 0.0 0.0 -0.5099999904632568 -0.4699999988079071 0.0 0.0 -0.5099999904632568 -0.4699999988079071 -0.019999999552965164 0.0 -0.5099999904632568 -0.4699999988079071 0.0 0.0 -0.5099999904632568 -0.4699999988079071 0.0 0.0 -0.5099999904632568 -0.4699999988079071 0.0 0.0 -0.5099999904632568 -0.4699999988079071 0.0
248 -0.5099999904632568 0.0 0.0 -0.5099999904632568 -0.4699999988079071 -0.019999999552965164 0.0 -0.5099999904632568 -0.4699999988079071 0.0 0.0 -0.5099999904632568 -0.4699999988079071 0.0 0.0 -0.5099999904632568 -0.4699999988079071 -0.019999999552965164 0.0 -0.5099999904632568 -0.4699999988079071 0.0 0.0 -0.5099999904632568 -0.4699999988079071 0.0 0.0 -0.5099999904632568 -0.4699999988079071 0.0 0.0 -0.5099999904632568 -0.4699999988079071 0.0 0.0 -0.5099999904632568 -0.4699999988079071 0.0 0.0 -0.4699999988079071
249 -0.4699999988079071 -0.019999999552965164 0.0 -0.5099999904632568 -0.4699999988079071 0.0 0.0 -0.5099999904632568 -0.4699999988079071 0.0 0.0 -0.5099999904632568 -0.4699999988079071 -0.019999999552965164 0.0 -0.5099999904632568 -0.4699999988079071 0.0 0.0 -0.5099999904632568 -0.4699999988079071 0.0 0.0 -0.5099999904632568 -0.4699999988079071 0.0 0.0 -0.5099999904632568 -0.4699999988079071 0.0 0.0 -0.5099999904632568 -0.4699999988079071 0.0 0.0 -0.4699999988079071
25 0.0 -0.5099999904632568 -0.4699999988079071 0.0 0.0 -0.5099999904632568 -0.4699999988079071 0.0 0.0 -0.5099999904632568 -0.4699999988079071 0.0 0.0 -0.5099999904632568 -0.4699999988079071 0.0 0.0 -0.5099999904632568 -0.4699999988079071 0.0 0.0 -0.5099999904632568 -0.4699999988079071 0.0 0.0 -0.5099999904632568 -0.4699999988079071 0.0 0.0 -0.5099999904632568 -0.4699999988079071 0.0 0.0 -0.5099999904632568 -0.4699999988079071 0.0 0.0 -0.5099999904632568 -0.4699999988079071 0.0 0.0 -0.5099999904632568 -0.4699999988079071 0.0 0.0 -0.5099999904632568 -0.4699999988079071 0.0 0.0 -0.5099999904632568 -0.4699999988079071 0.0 0.0 -0.5099999904632568 -0.4699999988079071 0.0 0.0 -0.5099999904632568 -0.4699999988079071 0.0 0.0 -0.4699999988079071 0.0
250 0.0 -0.5099999904632568 -0.4699999988079071 0.0 0.0 -0.5099999904632568 -0.4699999988079071 0.0 0.0 -0.5099999904632568 -0.4699999988079071 -0.019999999552965164 0.0 -0.5099999904632568 -0.4699999988079071 0.0 0.0 -0.5099999904632568 -0.4699999988079071 0.0 0.0 -0.5099999904632568 -0.4699999988079071 0.0 0.0 -0.5099999904632568 -0.4699999988079071 0.0 0.0 -0.5099999904632568 -0.4699999988079071 0.0 0.0 -0.4699999988079071
251 0.0 0.0 -0.5099999904632568 -0.4699999988079071 0.0 0.0 -0.5099999904632568 -0.4699999988079071 -0.019999999552965164 0.0 -0.5099999904632568 -0.4699999988079071 0.0 0.0 -0.5099999904632568 -0.4699999988079071 0.0 0.0 -0.5099999904632568 -0.4699999988079071 0.0 0.0 -0.5099999904632568 -0.4699999988079071 0.0 0.0 -0.5099999904632568 -0.4699999988079071 0.0 0.0 -0.5099999904632568 -0.4699999988079071 0.0 0.0 -0.5099999904632568 -0.4699999988079071
252 0.0 0.0 -0.5099999904632568 -0.4699999988079071 -0.019999999552965164 0.0 -0.5099999904632568 -0.4699999988079071 0.0 0.0 -0.5099999904632568 -0.4699999988079071 0.0 0.0 -0.5099999904632568 -0.4699999988079071 0.0 0.0 -0.5099999904632568 -0.4699999988079071 0.0 0.0 -0.5099999904632568 -0.4699999988079071 0.0 0.0 -0.5099999904632568 -0.4699999988079071 0.0 0.0 -0.5099999904632568 -0.4699999988079071 0.0 0.0 -0.5099999904632568 -0.4699999988079071 0.0 0.0 -0.5099999904632568 -0.4699999988079071 0.0 0.0 -0.5099999904632568 -0.4699999988079071
253 -0.019999999552965164 0.0 -0.5099999904632568 -0.4699999988079071 0.0 0.0 -0.5099999904632568 -0.4699999988079071 0.0 0.0 -0.5099999904632568 -0.4699999988079071 0.0 0.0 -0.5099999904632568 -0.4699999988079071 0.0 0.0 -0.5099999904632568 -0.4699999988079071 0.0 0.0 -0.5099999904632568 -0.4699999988079071 0.0 0.0 -0.5099999904632568 -0.4699999988079071 0.0 0.0 -0.5099999904632568 -0.4699999988079071 0.0 0.0 -0.5099999904632568 -0.4699999988079071
254 0.0 -0.5099999904632568 -0.4699999988079071 0.0 0.0 -0.5099999904632568 -0.4699999988079071 0.0 0.0 -0.5099999904632568 -0.4699999988079071 0.0 0.0 -0.5099999904632568 -0.4699999988079071 0.0 0.0 -0.5099999904632568 -0.4699999988079071 0.0 0.0 -0.5099999904632568 -0.4699999988079071 0.0 0.0 -0.5099999904632568 -0.4699999988079071 0.0 0.0 -0.5099999904632568 -0.4699999988079071 0.0 0.0 -0.5099999904632568 -0.4699999988079071 0.0 0.0 -0.5099999904632568 -0.4699999988079071 -0.019999999552965164 0.0 -0.5099999904632568 -0.4699999988079071 0.0 -0.4699999988079071 0.0 0.0 -0.5099999904632568 -0.4699999988079071 0.0 -0.4699999988079071 0.0 0.0 -0.5099999904632568
255 0.0 -0.5099999904632568 -0.4699999988079071 0.0 0.0 -0.5099999904632568 -0.4699999988079071 0.0 0.0 -0.5099999904632568 -0.4699999988079071 0.0 0.0 -0.5099999904632568 -0.4699999988079071 0.0 0.0 -0.5099999904632568 -0.4699999988079071 0.0 0.0 -0.5099999904632568 -0.4699999988079071 0.0 0.0 -0.5099999904632568 -0.4699999988079071 -0.019999999552965164 0.0 -0.5099999904632568 -0.4699999988079071 0.0 -0.5099999904632568 -0.4699999988079071 0.0 0.0 -0.5099999904632568 -0.4699999988079071 -0.4699999988079071
256 -0.4699999988079071 0.0 0.0 -0.5099999904632568 -0.4699999988079071 0.0 0.0 -0.5099999904632568 -0.4699999988079071 0.0 0.0 -0.5099999904632568 -0.4699999988079071 0.0 0.0 -0.5099999904632568 -0.4699999988079071 0.0 0.0 -0.5099999904632568 -0.4699999988079071 0.0 0.0 -0.5099999904632568 -0.4699999988079071 -0.019999999552965164 0.0 -0.5099999904632568 -0.4699999988079071 -0.019999999552965164 0.0 -0.5099999904632568 -0.28999999165534973
257 0.0 -0.5099999904632568 -0.4699999988079071 0.0 0.0 -0.5099999904632568 -0.4699999988079071 0.0 0.0 -0.5099999904632568 -0.4699999988079071 0.0 0.0 -0.5099999904632568 -0.4699999988079071 0.0 0.0 -0.5099999904632568 -0.4699999988079071 -0.019999999552965164 0.0 -0.5099999904632568 -0.4699999988079071 -0.019999999552965164 0.0 -0.5099999904632568 -0.28999999165534973 0.0 0.0 -0.5099999904632568
258 0.0 -0.5099999904632568 -0.4699999988079071 0.0 0.0 -0.5099999904632568 -0.4699999988079071 0.0 0.0 -0.5099999904632568 -0.4699999988079071 0.0 0.0 -0.5099999904632568 -0.4699999988079071 -0.019999999552965164 0.0 -0.5099999904632568 -0.4699999988079071 -0.019999999552965164 0.0 -0.5099999904632568 -0.28999999165534973 0.0 0.0 -0.5099999904632568 -0.4699999988079071 -0.019999999552965164 0.0
259 0.0 -0.5099999904632568 -0.4699999988079071 0.0 0.0 -0.5099999904632568 -0.4699999988079071 0.0 0.0 -0.5099999904632568 -0.4699999988079071 -0.019999999552965164 0.0 -0.5099999904632568 -0.4699999988079071 -0.019999999552965164 0.0 -0.5099999904632568 -0.28999999165534973 0.0 0.0 -0.5099999904632568 -0.4699999988079071 -0.019999999552965164 0.0 -0.5099999904632568 -0.4699999988079071 0.0 0.0 -0.5099999904632568 -0.4699999988079071
26 0.0 -0.5099999904632568 -0.4699999988079071 0.0 0.0 -0.5099999904632568 -0.4699999988079071 0.0 0.0 -0.5099999904632568 -0.4699999988079071 0.0 0.0 -0.5099999904632568 -0.4699999988079071 0.0 0.0 -0.5099999904632568 -0.4699999988079071 0.0 0.0 -0.5099999904632568 -0.4699999988079071 0.0 0.0 -0.5099999904632568 -0.4699999988079071 0.0 0.0 -0.5099999904632568 -0.4699999988079071 0.0 0.0 -0.5099999904632568 -0.4699999988079071 0.0 0.0 -0.5099999904632568 -0.4699999988079071 0.0 0.0 -0.5099999904632568 -0.4699999988079071 0.0 0.0 -0.5099999904632568 -0.4699999988079071 0.0 0.0 -0.5099999904632568 -0.4699999988079071 0.0 0.0 -0.5099999904632568 -0.4699999988079071 0.0 0.0 -0.5099999904632568 -0.4699999988079071 0.0 0.0 -0.4699999988079071
260 0.0 -0.5099999904632568 -0.4699999988079071 0.0 0.0 -0.5099999904632568 -0.4699999988079071 -0.019999999552965164 0.0 -0.5099999904632568 -0.4699999988079071 -0.019999999552965164 0.0 -0.5099999904632568 -0.28999999165534973 0.0 0.0 -0.5099999904632568 -0.4699999988079071 -0.019999999552965164 0.0 -0.5099999904632568 -0.4699999988079071 0.0 0.0 -0.5099999904632568 -0.4699999988079071 0.0 0.0 -0.5099999904632568
261 -0.4699999988079071 -0.019999999552965164 0.0 -0.5099999904632568 -0.4699999988079071 -0.019999999552965164 0.0 -0.5099999904632568 -0.28999999165534973 0.0 0.0 -0.5099999904632568 -0.4699999988079071 -0.019999999552965164 0.0 -0.5099999904632568 -0.4699999988079071 0.0 0.0 -0.5099999904632568 -0.4699999988079071 0.0 0.0 -0.5099999904632568 -0.4699999988079071 0.0 0.0 -0.5099999904632568 -0.4699999988079071
262 0.0 -0.4699999988079071 -0.019999999552965164 0.0 -0.5099999904632568 -0.28999999165534973 0.0 0.0 -0.5099999904632568 -0.4699999988079071 -0.019999999552965164 0.0 -0.5099999904632568 -0.4699999988079071 0.0 0.0 -0.5099999904632568 -0.4699999988079071 0.0 0.0 -0.5099999904632568 -0.4699999988079071 0.0 0.0 -0.5099999904632568 -0.4699999988079071 -0.019999999552965164
263 0.0 -0.5099999904632568 -0.28999999165534973 0.0 0.0 -0.5099999904632568 -0.4699999988079071 -0.019999999552965164 0.0 -0.5099999904632568 -0.4699999988079071 0.0 0.0 -0.5099999904632568 -0.4699999988079071 0.0 0.0 -0.5099999904632568 -0.4699999988079071 0.0 0.0 -0.5099999904632568 -0.4699999988079071 -0.019999999552965164 0.0 -0.5099999904632568 -0.4699999988079071 0.0 0.0 -0.5099999904632568
264 -0.4699999988079071 -0.019999999552965164 0.0 -0.5099999904632568 -0.4699999988079071 0.0 0.0 -0.5099999904632568 -0.4699999988079071 0.0 0.0 -0.5099999904632568 -0.4699999988079071 0.0 0.0 -0.5099999904632568 -0.4699999988079071 -0.019999999552965164 0.0 -0.5099999904632568 -0.4699999988079071 0.0 0.0 -0.5099999904632568 -0.4699999988079071 0.0
265 -0.5099999904632568 -0.4699999988079071 0.0 0.0 -0.5099999904632568 -0.4699999988079071 0.0 0.0 -0.5099999904632568 -0.4699999988079071 0.0 0.0 -0.5099999904632568 -0.4699999988079071 -0.019999999552965164 0.0 -0.5099999904632568 -0.4699999988079071 0.0 0.0 -0.5099999904632568 -0.4699999988079071 0.0 0.0 -0.5099999904632568 -0.4699999988079071 0.0 0.0 -0.5099999904632568
266 -0.4699999988079071 0.0 0.0 -0.5099999904632568 -0.4699999988079071 0.0 0.0 -0.5099999904632568 -0.4699999988079071 -0.019999999552965164 0.0 -0.5099999904632568 -0.4699999988079071 0.0 0.0 -0.5099999904632568 -0.4699999988079071 0.0 0.0 -0.5099999904632568 -0.4699999988079071 0.0 0.0 -0.5099999904632568 -0.28999999165534973 0.0 0.0 -0.5099999904632568
267 0.0 0.0 -0.5099999904632568 -0.4699999988079071 -0.019999999552965164 0.0 -0.5099999904632568 -0.4699999988079071 0.0 0.0 -0.5099999904632568 -0.4699999988079071 0.0 0.0 -0.5099999904632568 -0.4699999988079071 0.0 0.0 -0.5099999904632568 -0.28999999165534973 0.0 0.0 -0.5099999904632568 -0.4699999988079071 0.0 0.0 -0.5099999904632568
268 -0.4699999988079071 -0.019999999552965164 0.0 -0.5099999904632568 -0.4699999988079071 0.0 0.0 -0.5099999904632568 -0.4699999988079071 0.0 0.0 -0.5099999904632568 -0.4699999988079071 0.0 0.0 -0.5099999904632568 -0.28999999165534973 0.0 0.0 -0.5099999904632568 -0.4699999988079071 0.0 0.0 -0.5099999904632568 -0.4699999988079071 0.0
269 0.0 0.0 -0.5099999904632568 -0.4699999988079071 0.0 0.0 -0.5099999904632568 -0.4699999988079071 0.0 0.0 -0.5099999904632568 -0.28999999165534973 0.0 0.0 -0.5099999904632568 -0.4699999988079071 0.0 0.0 -0.5099999904632568 -0.4699999988079071 0.0 0.0 -0.5099999904632568 -0.4699999988079071 0.0
27 -0.5099999904632568 0.0 -0.5099999904632568 -0.4699999988079071 0.0 0.0 -0.5099999904632568 -0.4699999988079071 0.0 0.0 -0.5099999904632568 -0.4699999988079071 0.0 0.0 -0.5099999904632568 -0.4699999988079071 0.0 0.0 -0.5099999904632568 -0.4699999988079071 0.0 0.0 -0.5099999904632568 -0.4699999988079071 0.0 0.0 -0.5099999904632568 -0.4699999988079071 0.0 0.0 -0.5099999904632568 -0.4699999988079071 0.0 0.0 -0.5099999904632568 -0.4699999988079071 0.0 0.0 -0.5099999904632568 -0.4699999988079071 0.0 0.0 -0.5099999904632568 -0.4699999988079071 0.0 0.0 -0.5099999904632568 -0.4699999988079071 0.0 0.0 -0.5099999904632568 -0.4699999988079071 0.0 0.0 -0.5099999904632568 -0.4699999988079071 0.0 0.0 -0.5099999904632568 -0.4699999988079071 0.0 0.0 -0.4699999988079071
270 0.0 0.0 -0.5099999904632568 -0.4699999988079071 0.0 0.0 -0.5099999904632568 -0.28999999165534973 0.0 0.0 -0.5099999904632568 -0.4699999988079071 0.0 0.0 -0.5099999904632568 -0.4699999988079071 0.0 0.0 -0.5099999904632568 -0.4699999988079071 0.0 0.0 -0.5099999904632568 -0.4699999988079071 0.0
271 0.0 0.0 -0.5099999904632568 -0.28999999165534973 0.0 0.0 -0.5099999904632568 -0.4699999988079071 0.0 0.0 -0.5099999904632568 -0.4699999988079071 0.0 0.0 -0.5099999904632568 -0.4699999988079071 0.0 0.0 -0.5099999904632568 -0.4699999988079071 0.0 0.0 -0.5099999904632568 -0.4699999988079071 0.0
272 0.0 0.0 -0.5099999904632568 -0.4699999988079071 0.0 0.0 -0.5099999904632568 -0.4699999988079071 0.0 0.0 -0.5099999904632568 -0.4699999988079071 0.0 0.0 -0.5099999904632568 -0.4699999988079071 0.0 0.0 -0.5099999904632568 -0.4699999988079071 0.0 0.0 -0.5099999904632568 -0.4699999988079071 0.0
273 0.0 0.0 -0.5099999904632568 -0.4699999988079071 0.0 0.0 -0.5099999904632568 -0.4699999988079071 0.0 0.0 -0.5099999904632568 -0.4699999988079071 0.0 0.0 -0.5099999904632568 -0.4699999988079071 0.0 0.0 -0.5099999904632568 -0.4699999988079071 0.0 0.0 -0.5099999904632568 -0.28999999165534973 0.0
274 0.0 0.0 -0.5099999904632568 -0.4699999988079071 0.0 0.0 -0.5099999904632568 -0.4699999988079071 0.0 0.0 -0.5099999904632568 -0.4699999988079071 0.0 0.0 -0.5099999904632568 -0.4699999988079071 0.0 0.0 -0.5099999904632568 -0.28999999165534973 0.0 0.0 -0.5099999904632568 -0.28999999165534973 0.0 0.0 -0.5099999904632568 -0.4699999988079071
275 0.0 0.0 -0.5099999904632568 -0.4699999988079071 0.0 0.0 -0.5099999904632568 -0.4699999988079071 0.0 0.0 -0.5099999904632568 -0.4699999988079071 0.0 0.0 -0.5099999904632568 -0.28999999165534973 0.0 0.0 -0.5099999904632568 -0.28999999165534973 0.0 0.0 -0.5099999904632568 -0.4699999988079071 0.0
276 0.0 0.0 -0.5099999904632568 -0.4699999988079071 0.0 0.0 -0.5099999904632568 -0.4699999988079071 0.0 0.0 -0.5099999904632568 -0.28999999165534973 0.0 0.0 -0.5099999904632568 -0.28999999165534973 0.0 0.0 -0.5099999904632568 -0.4699999988079071 0.0 0.0 -0.5099999904632568 -0.4699999988079071 0.0 0.0 -0.5099999904632568
277 -0.4699999988079071 0.0 0.0 -0.5099999904632568 -0.4699999988079071 0.0 0.0 -0.5099999904632568 -0.28999999165534973 0.0 0.0 -0.5099999904632568 -0.28999999165534973 0.0 0.0 -0.5099999904632568 -0.4699999988079071 0.0 0.0 -0.5099999904632568 -0.4699999988079071 0.0 0.0 -0.5099999904632568 -0.4699999988079071 0.0
278 0.0 0.0 -0.5099999904632568 -0.28999999165534973 0.0 0.0 -0.5099999904632568 -0.28999999165534973 0.0 0.0 -0.5099999904632568 -0.4699999988079071 0.0 0.0 -0.5099999904632568 -0.4699999988079071 0.0 0.0 -0.5099999904632568 -0.4699999988079071 0.0 0.0 -0.5099999904632568 -0.4699999988079071 -0.019999999552965164 -0.5099999904632568
279 0.0 0.0 -0.5099999904632568 -0.28999999165534973 0.0 0.0 -0.5099999904632568 -0.4699999988079071 0.0 0.0 -0.5099999904632568 -0.4699999988079071 0.0 0.0 -0.5099999904632568 -0.4699999988079071 0.0 0.0 -0.5099999904632568 -0.4699999988079071 -0.019999999552965164 0.0 -0.5099999904632568 -0.28999999165534973 0.0
28 -0.5099999904632568 0.0 -0.5099999904632568 -0.4699999988079071 0.0 0.0 -0.5099999904632568 -0.4699999988079071 0.0 0.0 -0.5099999904632568 -0.4699999988079071 0.0 0.0 -0.5099999904632568 -0.4699999988079071 0.0 0.0 -0.5099999904632568 -0.4699999988079071 0.0 0.0 -0.5099999904632568 -0.4699999988079071 0.0 0.0 -0.5099999904632568 -0.4699999988079071 0.0 0.0 -0.5099999904632568 -0.4699999988079071 0.0 0.0 -0.5099999904632568 -0.4699999988079071 0.0 0.0 -0.5099999904632568 -0.4699999988079071 0.0 0.0 -0.5099999904632568 -0.4699999988079071 0.0 0.0 -0.5099999904632568 -0.4699999988079071 0.0 0.0 -0.5099999904632568 -0.4699999988079071 0.0 0.0 -0.5099999904632568 -0.4699999988079071 0.0 0.0 -0.5099999904632568 -0.4699999988079071 0.0 0.0 -0.4699999988079071 0.0
280 0.0 0.0 -0.5099999904632568 -0.4699999988079071 0.0 0.0 -0.5099999904632568 -0.4699999988079071 0.0 0.0 -0.5099999904632568 -0.4699999988079071 0.0 0.0 -0.5099999904632568 -0.4699999988079071 -0.019999999552965164 0.0 -0.5099999904632568 -0.28999999165534973 0.0 0.0 -0.5099999904632568 -0.4699999988079071 0.0
281 0.0 0.0 -0.5099999904632568 -0.4699999988079071 0.0 0.0 -0.5099999904632568 -0.4699999988079071 0.0 0.0 -0.5099999904632568 -0.4699999988079071 -0.019999999552965164 0.0 -0.5099999904632568 -0.28999999165534973 0.0 0.0 -0.5099999904632568 -0.4699999988079071 0.0 0.0 -0.5099999904632568 -0.4699999988079071 0.0 -0.5099999904632568
282 0.0 0.0 -0.5099999904632568 -0.4699999988079071 0.0 0.0 -0.5099999904632568 -0.4699999988079071 -0.019999999552965164 0.0 -0.5099999904632568 -0.28999999165534973 0.0 0.0 -0.5099999904632568 -0.4699999988079071 0.0 0.0 -0.5099999904632568 -0.4699999988079071 0.0 0.0 -0.5099999904632568 -0.4699999988079071 -0.019999999552965164
283 0.0 0.0 -0.5099999904632568 -0.4699999988079071 -0.019999999552965164 0.0 -0.5099999904632568 -0.28999999165534973 0.0 0.0 -0.5099999904632568 -0.4699999988079071 0.0 0.0 -0.5099999904632568 -0.4699999988079071 0.0 0.0 -0.5099999904632568 -0.4699999988079071 -0.019999999552965164 0.0 -0.5099999904632568 -0.28999999165534973 0.0
284 -0.019999999552965164 0.0 -0.5099999904632568 -0.28999999165534973 0.0 0.0 -0.5099999904632568 -0.4699999988079071 0.0 0.0 -0.5099999904632568 -0.4699999988079071 0.0 0.0 -0.5099999904632568 -0.4699999988079071 -0.019999999552965164 0.0 -0.5099999904632568 -0.28999999165534973 0.0 0.0 -0.5099999904632568 -0.4699999988079071 0.0 -0.5099999904632568
285 0.0 0.0 -0.5099999904632568 -0.4699999988079071 0.0 0.0 -0.5099999904632568 -0.4699999988079071 0.0 0.0 -0.5099999904632568 -0.4699999988079071 -0.019999999552965164 0.0 -0.5099999904632568 -0.28999999165534973 0.0 0.0 -0.5099999904632568 -0.4699999988079071 0.0 0.0 -0.5099999904632568 -0.4699999988079071 0.0
286 -0.4699999988079071 0.0 0.0 -0.5099999904632568 -0.4699999988079071 0.0 0.0 -0.5099999904632568 -0.4699999988079071 -0.019999999552965164 0.0 -0.5099999904632568 -0.28999999165534973 0.0 0.0 -0.5099999904632568 -0.4699999988079071 0.0 0.0 -0.5099999904632568 -0.4699999988079071 0.0 0.0 -0.5099999904632568 -0.4699999988079071 0.0 -0.5099999904632568
287 0.0 0.0 -0.5099999904632568 -0.4699999988079071 -0.019999999552965164 0.0 -0.5099999904632568 -0.28999999165534973 0.0 0.0 -0.5099999904632568 -0.4699999988079071 0.0 0.0 -0.5099999904632568 -0.4699999988079071 0.0 0.0 -0.5099999904632568 -0.4699999988079071 0.0 0.0 -0.5099999904632568 -0.28999999165534973 0.0
288 -0.019999999552965164 0.0 -0.5099999904632568 -0.28999999165534973 0.0 0.0 -0.5099999904632568 -0.4699999988079071 0.0 0.0 -0.5099999904632568 -0.4699999988079071 0.0 0.0 -0.5099999904632568 -0.4699999988079071 0.0 0.0 -0.5099999904632568 -0.28999999165534973 0.0 0.0 -0.5099999904632568 -0.4699999988079071 -0.019999999552965164 0.0
289 0.0 0.0 -0.5099999904632568 -0.4699999988079071 0.0 0.0 -0.5099999904632568 -0.4699999988079071 0.0 0.0 -0.5099999904632568 -0.4699999988079071 0.0 0.0 -0.5099999904632568 -0.28999999165534973 0.0 0.0 -0.5099999904632568 -0.4699999988079071 -0.019999999552965164 0.0 -0.5099999904632568 -0.4699999988079071 0.0
29 0.0 -0.5099999904632568 -0.4699999988079071 0.0 0.0 -0.5099999904632568 -0.4699999988079071 0.0 0.0 -0.5099999904632568 -0.4699999988079071 0.0 0.0 -0.5099999904632568 -0.4699999988079071 0.0 0.0 -0.5099999904632568 -0.4699999988079071 0.0 0.0 -0.5099999904632568 -0.4699999988079071 0.0 0.0 -0.5099999904632568 -0.4699999988079071 0.0 0.0 -0.5099999904632568 -0.4699999988079071 0.0 0.0 -0.5099999904632568 -0.4699999988079071 0.0 0.0 -0.5099999904632568 -0.4699999988079071 0.0 0.0 -0.5099999904632568 -0.4699999988079071 0.0 0.0 -0.5099999904632568 -0.4699999988079071 0.0 0.0 -0.5099999904632568 -0.4699999988079071 0.0 0.0 -0.5099999904632568 -0.4699999988079071 0.0 0.0 -0.5099999904632568 -0.4699999988079071 0.0 0.0 -0.4699999988079071 0.0
290 0.0 0.0 -0.5099999904632568 -0.4699999988079071 0.0 0.0 -0.5099999904632568 -0.4699999988079071 0.0 0.0 -0.5099999904632568 -0.28999999165534973 0.0 0.0 -0.5099999904632568 -0.4699999988079071 -0.019999999552965164 0.0 -0.5099999904632568 -0.4699999988079071 0.0 0.0 -0.5099999904632568 -0.4699999988079071 0.0
291 -0.4699999988079071 0.0 0.0 -0.5099999904632568 -0.4699999988079071 0.0 0.0 -0.5099999904632568 -0.28999999165534973 0.0 0.0 -0.5099999904632568 -0.4699999988079071 -0.019999999552965164 0.0 -0.5099999904632568 -0.4699999988079071 0.0 0.0 -0.5099999904632568 -0.4699999988079071 0.0 0.0 -0.5099999904632568 -0.4699999988079071 0.0 0.0
292 -0.4699999988079071 0.0 0.0 -0.5099999904632568 -0.28999999165534973 0.0 0.0 -0.5099999904632568 -0.4699999988079071 -0.019999999552965164 0.0 -0.5099999904632568 -0.4699999988079071 0.0 0.0 -0.5099999904632568 -0.4699999988079071 0.0 0.0 -0.5099999904632568 -0.4699999988079071 0.0 0.0 -0.5099999904632568 -0.4699999988079071 0.0
293 0.0 0.0 -0.5099999904632568 -0.4699999988079071 -0.019999999552965164 0.0 -0.5099999904632568 -0.4699999988079071 0.0 0.0 -0.5099999904632568 -0.4699999988079071 0.0 0.0 -0.5099999904632568 -0.4699999988079071 0.0 0.0 -0.5099999904632568 -0.4699999988079071 0.0 0.0 -0.5099999904632568 -0.4699999988079071 0.0
294 -0.019999999552965164 0.0 -0.5099999904632568 -0.4699999988079071 0.0 0.0 -0.5099999904632568 -0.4699999988079071 0.0 0.0 -0.5099999904632568 -0.4699999988079071 0.0 0.0 -0.5099999904632568 -0.4699999988079071 0.0 0.0 -0.5099999904632568 -0.4699999988079071 0.0 0.0 -0.5099999904632568 -0.4699999988079071 0.0 -0.5099999904632568
295 -0.4699999988079071 0.0 0.0 -0.5099999904632568 -0.4699999988079071 0.0 0.0 -0.5099999904632568 -0.4699999988079071 0.0 0.0 -0.5099999904632568 -0.4699999988079071 0.0 0.0 -0.5099999904632568 -0.4699999988079071 0.0 0.0 -0.5099999904632568 -0.4699999988079071 0.0 0.0 -0.5099999904632568 -0.4699999988079071 0.0
296 0.0 0.0 -0.5099999904632568 -0.4699999988079071 0.0 0.0 -0.5099999904632568 -0.4699999988079071 0.0 0.0 -0.5099999904632568 -0.4699999988079071 0.0 0.0 -0.5099999904632568 -0.4699999988079071 0.0 0.0 -0.5099999904632568 -0.4699999988079071 0.0 0.0 -0.5099999904632568 -0.4699999988079071 0.0 0.0 -0.5099999904632568
297 0.0 0.0 -0.5099999904632568 -0.4699999988079071 0.0 0.0 -0.5099999904632568 -0.4699999988079071 0.0 0.0 -0.5099999904632568 -0.4699999988079071 0.0 0.0 -0.5099999904632568 -0.4699999988079071 0.0 0.0 -0.5099999904632568 -0.4699999988079071 0.0 0.0 -0.5099999904632568 -0.4699999988079071 0.0
298 0.0 0.0 -0.5099999904632568 -0.4699999988079071 0.0 0.0 -0.5099999904632568 -0.4699999988079071 0.0 0.0 -0.5099999904632568 -0.4699999988079071 0.0 0.0 -0.5099999904632568 -0.4699999988079071 0.0 0.0 -0.5099999904632568 -0.4699999988079071 0.0 0.0 -0.5099999904632568 -0.4699999988079071 0.0 0.0 -0.4699999988079071
299 0.0 0.0 -0.5099999904632568 -0.4699999988079071 0.0 0.0 -0.5099999904632568 -0.4699999988079071 0.0 0.0 -0.5099999904632568 -0.4699999988079071 0.0 0.0 -0.5099999904632568 -0.4699999988079071 0.0 0.0 -0.5099999904632568 -0.4699999988079071 0.0 0.0 -0.5099999904632568 -0.4699999988079071 -0.019999999552965164
3 -0.30000001192092896 0.0 0.0 -0.5099999904632568 -0.4699999988079071 0.0 0.0 -0.5099999904632568 -0.4699999988079071 0.0 0.0 -0.5099999904632568 -0.28999999165534973 0.0 0.0 -0.5099999904632568 -0.4699999988079071 0.0 0.0 -0.5099999904632568 -0.4699999988079071 -0.019999999552965164 0.0 -0.5099999904632568 -0.4699999988079071
30 -0.5099999904632568 0.0 -0.5099999904632568 -0.4699999988079071 0.0 0.0 -0.5099999904632568 -0.4699999988079071 0.0 0.0 -0.5099999904632568 -0.4699999988079071 0.0 0.0 -0.5099999904632568 -0.4699999988079071 0.0 0.0 -0.5099999904632568 -0.4699999988079071 0.0 0.0 -0.5099999904632568 -0.4699999988079071 0.0 0.0 -0.5099999904632568 -0.4699999988079071 0.0 0.0 -0.5099999904632568 -0.4699999988079071 0.0 0.0 -0.5099999904632568 -0.4699999988079071 0.0 0.0 -0.5099999904632568 -0.4699999988079071 0.0 0.0 -0.5099999904632568 -0.4699999988079071 0.0 0.0 -0.5099999904632568 -0.4699999988079071 0.0 0.0 -0.5099999904632568 -0.4699999988079071 0.0 0.0 -0.5099999904632568 -0.4699999988079071 0.0 0.0 -0.5099999904632568 -0.4699999988079071 0.0 0.0 -0.4699999988079071
300 0.0 0.0 -0.5099999904632568 -0.4699999988079071 0.0 0.0 -0.5099999904632568 -0.4699999988079071 0.0 0.0 -0.5099999904632568 -0.4699999988079071 0.0 0.0 -0.5099999904632568 -0.4699999988079071 0.0 0.0 -0.5099999904632568 -0.4699999988079071 -0.019999999552965164 0.0 -0.5099999904632568 -0.4699999988079071 0.0 0.0 -0.5099999904632568
301 0.0 0.0 -0.5099999904632568 -0.4699999988079071 0.0 0.0 -0.5099999904632568 -0.4699999988079071 0.0 0.0 -0.5099999904632568 -0.4699999988079071 0.0 0.0 -0.5099999904632568 -0.4699999988079071 -0.019999999552965164 0.0 -0.5099999904632568 -0.4699999988079071 0.0 0.0 -0.5099999904632568 -0.28999999165534973 0.0 0.0 -0.4699999988079071
302 -0.5099999904632568 -0.4699999988079071 0.0 0.0 -0.5099999904632568 -0.4699999988079071 0.0 0.0 -0.5099999904632568 -0.4699999988079071 0.0 0.0 -0.5099999904632568 -0.4699999988079071 -0.019999999552965164 0.0 -0.5099999904632568 -0.4699999988079071 0.0 0.0 -0.5099999904632568 -0.28999999165534973 0.0 0.0 -0.5099999904632568 -0.4699999988079071 0.0 0.0 -0.5099999904632568 -0.4699999988079071 0.0 0.0 -0.5099999904632568 -0.4699999988079071
303 -0.4699999988079071 0.0 0.0 -0.5099999904632568 -0.4699999988079071 0.0 0.0 -0.5099999904632568 -0.4699999988079071 -0.019999999552965164 0.0 -0.5099999904632568 -0.4699999988079071 0.0 0.0 -0.5099999904632568 -0.28999999165534973 0.0 0.0 -0.5099999904632568 -0.4699999988079071 0.0 0.0 -0.5099999904632568 -0.4699999988079071 0.0 0.0 -0.5099999904632568 -0.4699999988079071 0.0 0.0 -0.5099999904632568 -0.28999999165534973 0.0
304 -0.5099999904632568 -0.4699999988079071 0.0 0.0 -0.5099999904632568 -0.4699999988079071 -0.019999999552965164 0.0 -0.5099999904632568 -0.4699999988079071 0.0 0.0 -0.5099999904632568 -0.28999999165534973 0.0 0.0 -0.5099999904632568 -0.4699999988079071 0.0 0.0 -0.5099999904632568 -0.4699999988079071 0.0 0.0 -0.5099999904632568 -0.4699999988079071 0.0 0.0 -0.5099999904632568 -0.28999999165534973 0.0
305 0.0 -0.5099999904632568 -0.4699999988079071 -0.019999999552965164 0.0 -0.5099999904632568 -0.4699999988079071 0.0 0.0 -0.5099999904632568 -0.28999999165534973 0.0 0.0 -0.5099999904632568 -0.4699999988079071 0.0 0.0 -0.5099999904632568 -0.4699999988079071 0.0 0.0 -0.5099999904632568 -0.4699999988079071 0.0 0.0 -0.5099999904632568 -0.28999999165534973 0.0 0.0 -0.5099999904632568 -0.4699999988079071
306 0.0 -0.4699999988079071 -0.019999999552965164 0.0 -0.5099999904632568 -0.4699999988079071 0.0 0.0 -0.5099999904632568 -0.28999999165534973 0.0 0.0 -0.5099999904632568 -0.4699999988079071 0.0 0.0 -0.5099999904632568 -0.4699999988079071 0.0 0.0 -0.5099999904632568 -0.4699999988079071 0.0 0.0 -0.5099999904632568 -0.28999999165534973 0.0 0.0 -0.5099999904632568 -0.4699999988079071 0.0 0.0 -0.5099999904632568 -0.28999999165534973 0.0 -0.4699999988079071
307 -0.5099999904632568 0.0 0.0 -0.5099999904632568 -0.28999999165534973 0.0 0.0 -0.5099999904632568 -0.4699999988079071 0.0 0.0 -0.5099999904632568 -0.4699999988079071 0.0 0.0 -0.5099999904632568 -0.4699999988079071 0.0 0.0 -0.5099999904632568 -0.28999999165534973 0.0 0.0 -0.5099999904632568 -0.4699999988079071 0.0 0.0 -0.5099999904632568 -0.28999999165534973 0.0 0.0 -0.5099999904632568 -0.4699999988079071 0.0 0.0 -0.4699999988079071 0.0 0.0 -0.5099999904632568 -0.4699999988079071 0.0 0.0
308 0.0 -0.5099999904632568 -0.28999999165534973 0.0 0.0 -0.5099999904632568 -0.4699999988079071 0.0 0.0 -0.5099999904632568 -0.4699999988079071 0.0 0.0 -0.5099999904632568 -0.4699999988079071 0.0 0.0 -0.5099999904632568 -0.28999999165534973 0.0 0.0 -0.5099999904632568 -0.4699999988079071 0.0 0.0 -0.5099999904632568 -0.28999999165534973 0.0 0.0 -0.5099999904632568 -0.4699999988079071 0.0 0.0 -0.5099999904632568 -0.4699999988079071 0.0 0.0 -0.5099999904632568 -0.4699999988079071 0.0 0.0 -0.5099999904632568 -0.4699999988079071 0.0 0.0 -0.5099999904632568 -0.4699999988079071 -0.019999999552965164 0.0 -0.5099999904632568 -0.4699999988079071 0.0 0.0 -0.5099999904632568 -0.4699999988079071 0.0 0.0 -0.5099999904632568 -0.4699999988079071 0.0 0.0 -0.4699999988079071 0.0 0.0 -0.5099999904632568
309 0.0 -0.5099999904632568 -0.4699999988079071 0.0 0.0 -0.5099999904632568 -0.4699999988079071 0.0 0.0 -0.5099999904632568 -0.28999999165534973 0.0 0.0 -0.5099999904632568 -0.4699999988079071 0.0 0.0 -0.5099999904632568 -0.28999999165534973 0.0 0.0 -0.5099999904632568 -0.4699999988079071 0.0 0.0 -0.5099999904632568 -0.4699999988079071 0.0 0.0 -0.5099999904632568 -0.4699999988079071 0.0 0.0 -0.5099999904632568 -0.4699999988079071 0.0 0.0 -0.5099999904632568 -0.4699999988079071 -0.019999999552965164 0.0 -0.5099999904632568 -0.4699999988079071 0.0 0.0 -0.4699999988079071 0.0
31 -0.5099999904632568 0.0 -0.5099999904632568 -0.4699999988079071 0.0 0.0 -0.5099999904632568 -0.4699999988079071 0.0 0.0 -0.5099999904632568 -0.4699999988079071 0.0 0.0 -0.5099999904632568 -0.4699999988079071 0.0 0.0 -0.5099999904632568 -0.4699999988079071 0.0 0.0 -0.5099999904632568 -0.4699999988079071 0.0 0.0 -0.5099999904632568 -0.4699999988079071 0.0 0.0 -0.5099999904632568 -0.4699999988079071 0.0 0.0 -0.5099999904632568 -0.4699999988079071 0.0 0.0 -0.5099999904632568 -0.4699999988079071 0.0 0.0 -0.5099999904632568 -0.4699999988079071 0.0 0.0 -0.5099999904632568 -0.4699999988079071 0.0 0.0 -0.5099999904632568 -0.4699999988079071 0.0 0.0 -0.5099999904632568 -0.4699999988079071 0.0 0.0 -0.5099999904632568 -0.4699999988079071 0.0 0.0 -0.4699999988079071 0.0
310 0.0 -0.5099999904632568 -0.4699999988079071 0.0 0.0 -0.5099999904632568 -0.28999999165534973 0.0 0.0 -0.5099999904632568 -0.4699999988079071 0.0 0.0 -0.5099999904632568 -0.28999999165534973 0.0 0.0 -0.5099999904632568 -0.4699999988079071 0.0 0.0 -0.5099999904632568 -0.4699999988079071 0.0 0.0 -0.5099999904632568 -0.4699999988079071 0.0 0.0 -0.5099999904632568 -0.4699999988079071 0.0 0.0 -0.5099999904632568 -0.4699999988079071 -0.019999999552965164 0.0 -0.5099999904632568 -0.4699999988079071 0.0 0.0 -0.5099999904632568 -0.4699999988079071 0.0 0.0 -0.4699999988079071 0.0 -0.5099999904632568
311 0.0 -0.5099999904632568 -0.28999999165534973 0.0 0.0 -0.5099999904632568 -0.4699999988079071 0.0 0.0 -0.5099999904632568 -0.28999999165534973 0.0 0.0 -0.5099999904632568 -0.4699999988079071 0.0 0.0 -0.5099999904632568 -0.4699999988079071 0.0 0.0 -0.5099999904632568 -0.4699999988079071 0.0 0.0 -0.5099999904632568 -0.4699999988079071 0.0 0.0 -0.5099999904632568 -0.4699999988079071 -0.019999999552965164 0.0 -0.5099999904632568 -0.4699999988079071 0.0 0.0 -0.5099999904632568 -0.4699999988079071 0.0 0.0 -0.5099999904632568 -0.4699999988079071 0.0 0.0 -0.4699999988079071 0.0
312 0.0 0.0 -0.5099999904632568 -0.4699999988079071 0.0 0.0 -0.5099999904632568 -0.28999999165534973 0.0 0.0 -0.5099999904632568 -0.4699999988079071 0.0 0.0 -0.5099999904632568 -0.28999999165534973 0.0 0.0 -0.5099999904632568 -0.4699999988079071 0.0 0.0 -0.5099999904632568 -0.4699999988079071 0.0 0.0 -0.5099999904632568 -0.4699999988079071 0.0 0.0 -0.5099999904632568 -0.4699999988079071 0.0 0.0 -0.5099999904632568 -0.4699999988079071 -0.019999999552965164 0.0 -0.5099999904632568 -0.4699999988079071 0.0 0.0 -0.5099999904632568 -0.4699999988079071 0.0 0.0 -0.5099999904632568 -0.4699999988079071 0.0 0.0 -0.5099999904632568 -0.4699999988079071 0.0 0.0 -0.5099999904632568 -0.4699999988079071 0.0 0.0 -0.4699999988079071 0.0 0.0 -0.5099999904632568 -0.4699999988079071 0.0 0.0 -0.5099999904632568
313 0.0 0.0 -0.5099999904632568 -0.4699999988079071 0.0 0.0 -0.5099999904632568 -0.28999999165534973 0.0 0.0 -0.5099999904632568 -0.4699999988079071 0.0 0.0 -0.5099999904632568 -0.28999999165534973 0.0 0.0 -0.5099999904632568 -0.4699999988079071 0.0 0.0 -0.5099999904632568 -0.4699999988079071 0.0 0.0 -0.5099999904632568 -0.4699999988079071 0.0 0.0 -0.5099999904632568 -0.4699999988079071 0.0 0.0 -0.5099999904632568 -0.4699999988079071 -0.019999999552965164 0.0 -0.5099999904632568 -0.4699999988079071 0.0 0.0 -0.5099999904632568 -0.4699999988079071 0.0 0.0 -0.5099999904632568 -0.4699999988079071 0.0 0.0 -0.5099999904632568 -0.4699999988079071 0.0 0.0 -0.5099999904632568 -0.4699999988079071 0.0 0.0 -0.5099999904632568 -0.4699999988079071 0.0 0.0 -0.5099999904632568 -0.4699999988079071 0.0 0.0 -0.5099999904632568 -0.4699999988079071 0.0 0.0 -0.5099999904632568 -0.4699999988079071 0.0 0.0 -0.5099999904632568 0.0 -0.5099999904632568 -0.4699999988079071 0.0 0.0 -0.5099999904632568 -0.4699999988079071
314 0.0 -0.5099999904632568 -0.28999999165534973 0.0 0.0 -0.5099999904632568 -0.4699999988079071 0.0 0.0 -0.5099999904632568 -0.28999999165534973 0.0 0.0 -0.5099999904632568 -0.4699999988079071 0.0 0.0 -0.5099999904632568 -0.4699999988079071 0.0 0.0 -0.5099999904632568 -0.4699999988079071 0.0 0.0 -0.5099999904632568 -0.4699999988079071 0.0 0.0 -0.5099999904632568 -0.4699999988079071 -0.019999999552965164 0.0 -0.5099999904632568 -0.4699999988079071 0.0 0.0 -0.5099999904632568 -0.4699999988079071 0.0 0.0 -0.5099999904632568 -0.4699999988079071 0.0 0.0 -0.5099999904632568 -0.4699999988079071 0.0 0.0 -0.5099999904632568 -0.4699999988079071 0.0 0.0 -0.5099999904632568 -0.4699999988079071 0.0 0.0 -0.4699999988079071 0.0 0.0 -0.5099999904632568
315 0.0 0.0 -0.5099999904632568 -0.4699999988079071 0.0 0.0 -0.5099999904632568 -0.28999999165534973 0.0 0.0 -0.5099999904632568 -0.4699999988079071 0.0 0.0 -0.5099999904632568 -0.4699999988079071 0.0 0.0 -0.5099999904632568 -0.4699999988079071 0.0 0.0 -0.5099999904632568 -0.4699999988079071 0.0 0.0 -0.5099999904632568 -0.4699999988079071 -0.019999999552965164 0.0 -0.5099999904632568 -0.4699999988079071 0.0 0.0 -0.5099999904632568 -0.4699999988079071 0.0 0.0 -0.5099999904632568 -0.4699999988079071 0.0 0.0 -0.5099999904632568 -0.4699999988079071 0.0 0.0 -0.5099999904632568 -0.4699999988079071 0.0 0.0 -0.5099999904632568 -0.4699999988079071 0.0 0.0 -0.5099999904632568 -0.4699999988079071 0.0 0.0 -0.5099999904632568
316 -0.28999999165534973 0.0 0.0 -0.5099999904632568 -0.4699999988079071 0.0 0.0 -0.5099999904632568 -0.28999999165534973 0.0 0.0 -0.5099999904632568 -0.4699999988079071 0.0 0.0 -0.5099999904632568 -0.4699999988079071 0.0 0.0 -0.5099999904632568 -0.4699999988079071 0.0 0.0 -0.5099999904632568 -0.4699999988079071 0.0 0.0 -0.5099999904632568 -0.4699999988079071 -0.019999999552965164 0.0 -0.5099999904632568 -0.4699999988079071 0.0 0.0 -0.5099999904632568 -0.4699999988079071 0.0 0.0 -0.5099999904632568 -0.4699999988079071 0.0 0.0 -0.5099999904632568 -0.4699999988079071 0.0 0.0 -0.5099999904632568 -0.4699999988079071 0.0 0.0 -0.5099999904632568 -0.4699999988079071 0.0 0.0 -0.5099999904632568 -0.4699999988079071 0.0 0.0 -0.5099999904632568 -0.4699999988079071 0.0 0.0 -0.5099999904632568 -0.4699999988079071 0.0
317 0.0 -0.5099999904632568 0.0 -0.5099999904632568 -0.28999999165534973 0.0 0.0 -0.5099999904632568 -0.4699999988079071 0.0 0.0 -0.5099999904632568 -0.4699999988079071 0.0 0.0 -0.5099999904632568 -0.4699999988079071 0.0 0.0 -0.5099999904632568 -0.4699999988079071 0.0 0.0 -0.5099999904632568 -0.4699999988079071 -0.019999999552965164 0.0 -0.5099999904632568 -0.4699999988079071 0.0 0.0 -0.5099999904632568 -0.4699999988079071 0.0 0.0 -0.5099999904632568 -0.4699999988079071 0.0 0.0 -0.5099999904632568 -0.4699999988079071 0.0 0.0 -0.5099999904632568 -0.4699999988079071 0.0 0.0 -0.5099999904632568 -0.4699999988079071 0.0 0.0 -0.5099999904632568 -0.4699999988079071 0.0 0.0 -0.5099999904632568 -0.4699999988079071 0.0 0.0 -0.5099999904632568 -0.4699999988079071 0.0 0.0 -0.5099999904632568 -0.4699999988079071 -0.4699999988079071 0.0 0.0 -0.5099999904632568 -0.4699999988079071
318 -0.5099999904632568 0.0 0.0 -0.5099999904632568 -0.4699999988079071 0.0 0.0 -0.5099999904632568 -0.4699999988079071 0.0 0.0 -0.5099999904632568 -0.4699999988079071 0.0 0.0 -0.5099999904632568 -0.4699999988079071 0.0 0.0 -0.5099999904632568 -0.4699999988079071 -0.019999999552965164 0.0 -0.5099999904632568 -0.4699999988079071 0.0 0.0 -0.5099999904632568 -0.4699999988079071 0.0 0.0 -0.5099999904632568 -0.4699999988079071 0.0 0.0 -0.5099999904632568 -0.4699999988079071 0.0 0.0 -0.5099999904632568 -0.4699999988079071 0.0 0.0 -0.5099999904632568 -0.4699999988079071 0.0 0.0 -0.5099999904632568 -0.4699999988079071 0.0 0.0 -0.5099999904632568 -0.4699999988079071
319 -0.5099999904632568 0.0 0.0 -0.5099999904632568 -0.4699999988079071 0.0 0.0 -0.5099999904632568 -0.4699999988079071 0.0 0.0 -0.5099999904632568 -0.4699999988079071 0.0 0.0 -0.5099999904632568 -0.4699999988079071 -0.019999999552965164 0.0 -0.5099999904632568 -0.4699999988079071 0.0 0.0 -0.5099999904632568 -0.4699999988079071 0.0 0.0 -0.5099999904632568 -0.4699999988079071 0.0 0.0 -0.5099999904632568 -0.4699999988079071 0.0 0.0 -0.5099999904632568 -0.4699999988079071 0.0 0.0 -0.5099999904632568 -0.4699999988079071 0.0 0.0 -0.5099999904632568 -0.4699999988079071 0.0 0.0 -0.5099999904632568 -0.4699999988079071 0.0
32 -0.5099999904632568 0.0 -0.5099999904632568 -0.4699999988079071 0.0 0.0 -0.5099999904632568 -0.4699999988079071 0.0 0.0 -0.5099999904632568 -0.4699999988079071 0.0 0.0 -0.5099999904632568 -0.4699999988079071 0.0 0.0 -0.5099999904632568 -0.4699999988079071 0.0 0.0 -0.5099999904632568 -0.4699999988079071 0.0 0.0 -0.5099999904632568 -0.4699999988079071 0.0 0.0 -0.5099999904632568 -0.4699999988079071 0.0 0.0 -0.5099999904632568 -0.4699999988079071 0.0 0.0 -0.5099999904632568 -0.4699999988079071 0.0 0.0 -0.5099999904632568 -0.4699999988079071 0.0 0.0 -0.5099999904632568 -0.4699999988079071 0.0 0.0 -0.5099999904632568 -0.4699999988079071 0.0 0.0 -0.5099999904632568 -0.4699999988079071 0.0 0.0 -0.5099999904632568 -0.4699999988079071 0.0 0.0 -0.5099999904632568 -0.4699999988079071 0.0
320 0.0 -0.5099999904632568 -0.4699999988079071 0.0 0.0 -0.5099999904632568 -0.4699999988079071 0.0 0.0 -0.5099999904632568 -0.4699999988079071 -0.019999999552965164 0.0 -0.5099999904632568 -0.4699999988079071 0.0 0.0 -0.5099999904632568 -0.4699999988079071 0.0 0.0 -0.5099999904632568 -0.4699999988079071 0.0 0.0 -0.5099999904632568 -0.4699999988079071 0.0 0.0 -0.5099999904632568 -0.4699999988079071 0.0 0.0 -0.5099999904632568 -0.4699999988079071 0.0 0.0 -0.5099999904632568 -0.4699999988079071 0.0 0.0 -0.5099999904632568 -0.4699999988079071 0.0 0.0 -0.5099999904632568 -0.4699999988079071 0.0 0.0
321 -0.5099999904632568 0.0 0.0 -0.5099999904632568 -0.4699999988079071 0.0 0.0 -0.5099999904632568 -0.4699999988079071 0.0 0.0 -0.5099999904632568 -0.4699999988079071 -0.019999999552965164 0.0 -0.5099999904632568 -0.4699999988079071 0.0 0.0 -0.5099999904632568 -0.4699999988079071 0.0 0.0 -0.5099999904632568 -0.4699999988079071 0.0 0.0 -0.5099999904632568 -0.4699999988079071 0.0 0.0 -0.5099999904632568 -0.4699999988079071 0.0 0.0 -0.5099999904632568 -0.4699999988079071 0.0 0.0 -0.5099999904632568 -0.4699999988079071 0.0 0.0 -0.5099999904632568 -0.4699999988079071 0.0 0.0 -0.5099999904632568 -0.4699999988079071 0.0 0.0 -0.5099999904632568 -0.4699999988079071 -0.4699999988079071 0.0 0.0 -0.4699999988079071 0.0
322 0.0 0.0 -0.5099999904632568 -0.28999999165534973 0.0 0.0 -0.5099999904632568 -0.4699999988079071 0.0 0.0 -0.5099999904632568 -0.28999999165534973 0.0 0.0 -0.5099999904632568 -0.4699999988079071 0.0 0.0 -0.5099999904632568 -0.4699999988079071 0.0 0.0 -0.5099999904632568 -0.4699999988079071 0.0 0.0 -0.5099999904632568 -0.4699999988079071 0.0 0.0 -0.5099999904632568 -0.4699999988079071 -0.019999999552965164 0.0 -0.5099999904632568 -0.4699999988079071 0.0 0.0 -0.5099999904632568 -0.4699999988079071 0.0 0.0 -0.5099999904632568 -0.4699999988079071 0.0 0.0 -0.5099999904632568 -0.4699999988079071 0.0 0.0 -0.5099999904632568 -0.4699999988079071 0.0 0.0 -0.5099999904632568 -0.4699999988079071 0.0 0.0 -0.5099999904632568 -0.4699999988079071 0.0 0.0 -0.5099999904632568 -0.4699999988079071 0.0 0.0 -0.5099999904632568 -0.4699999988079071 0.0 0.0 -0.5099999904632568 -0.4699999988079071 -0.019999999552965164 0.0 -0.5099999904632568 -0.4699999988079071 0.0 0.0 -0.5099999904632568 -0.4699999988079071 0.0 0.0 -0.5099999904632568 -0.4699999988079071 0.0 0.0 -0.4699999988079071 -0.4699999988079071 0.0
323 0.0 -0.5099999904632568 -0.4699999988079071 0.0 0.0 -0.5099999904632568 -0.4699999988079071 0.0 0.0 -0.5099999904632568 -0.4699999988079071 -0.4699999988079071 0.0 0.0 -0.5099999904632568 -0.4699999988079071 0.0 0.0 -0.5099999904632568 -0.4699999988079071 0.0 0.0 -0.5099999904632568 -0.4699999988079071 0.0 0.0 -0.5099999904632568 -0.4699999988079071 0.0 0.0 -0.5099999904632568 -0.4699999988079071 0.0 0.0 -0.5099999904632568 -0.4699999988079071 -0.019999999552965164 0.0 -0.5099999904632568 -0.4699999988079071 0.0 0.0 -0.5099999904632568 -0.4699999988079071 0.0 0.0 -0.5099999904632568 -0.4699999988079071 0.0 0.0 -0.5099999904632568 -0.4699999988079071 -0.019999999552965164 0.0 -0.5099999904632568 -0.4699999988079071 0.0 0.0 -0.4699999988079071
324 0.0 0.0 -0.5099999904632568 -0.4699999988079071 0.0 -0.5099999904632568 0.0 0.0 -0.5099999904632568 -0.4699999988079071 0.0 0.0 -0.5099999904632568 -0.4699999988079071 0.0 -0.4699999988079071 0.0 0.0 -0.5099999904632568 -0.4699999988079071 0.0 0.0 -0.5099999904632568 -0.4699999988079071 0.0 0.0 -0.5099999904632568 -0.4699999988079071 0.0 0.0 -0.5099999904632568 -0.4699999988079071 0.0 0.0 -0.5099999904632568 -0.4699999988079071 -0.019999999552965164 0.0 -0.5099999904632568 -0.4699999988079071 0.0 0.0 -0.5099999904632568 -0.4699999988079071 0.0 0.0 -0.5099999904632568 -0.4699999988079071 0.0 0.0 -0.5099999904632568 -0.4699999988079071 -0.019999999552965164 0.0 -0.5099999904632568 -0.4699999988079071 0.0 0.0 -0.5099999904632568 -0.4699999988079071 0.0 0.0 -0.4699999988079071 0.0
325 0.0 -0.5099999904632568 0.0 0.0 -0.5099999904632568 -0.4699999988079071 0.0 0.0 -0.5099999904632568 -0.4699999988079071 0.0 0.0 -0.5099999904632568 -0.4699999988079071 0.0 0.0 -0.5099999904632568 -0.4699999988079071 -0.019999999552965164 0.0 -0.5099999904632568 -0.4699999988079071 0.0 0.0 -0.5099999904632568 -0.4699999988079071 0.0 0.0 -0.5099999904632568 -0.4699999988079071 0.0 0.0 -0.5099999904632568 -0.4699999988079071 -0.019999999552965164 0.0 -0.5099999904632568 -0.4699999988079071 0.0 0.0 -0.5099999904632568 -0.4699999988079071 0.0 0.0 -0.5099999904632568 -0.4699999988079071 0.0 0.0 -0.4699999988079071 0.0
326 0.0 0.0 -0.5099999904632568 -0.4699999988079071 0.0 0.0 -0.5099999904632568 -0.4699999988079071 0.0 0.0 -0.5099999904632568 -0.4699999988079071 0.0 0.0 -0.5099999904632568 -0.4699999988079071 -0.019999999552965164 0.0 -0.5099999904632568 -0.4699999988079071 0.0 0.0 -0.5099999904632568 -0.4699999988079071 0.0 0.0 -0.5099999904632568 -0.4699999988079071 0.0 0.0 -0.5099999904632568 -0.4699999988079071 -0.019999999552965164 0.0 -0.5099999904632568 -0.4699999988079071 0.0 0.0 -0.5099999904632568 -0.4699999988079071 0.0 0.0 -0.5099999904632568 -0.4699999988079071 0.0 0.0 -0.5099999904632568 -0.4699999988079071 0.0 0.0 -0.4699999988079071 0.0
327 -0.5099999904632568 -0.4699999988079071 0.0 0.0 -0.5099999904632568 -0.28999999165534973 0.0 0.0 -0.5099999904632568 -0.4699999988079071 0.0 -0.5099999904632568 -0.28999999165534973 0.0 0.0 -0.5099999904632568 0.0 0.0 -0.5099999904632568 -0.4699999988079071 0.0 0.0 -0.5099999904632568 -0.4699999988079071 0.0 0.0 -0.5099999904632568 -0.4699999988079071 0.0 0.0 -0.5099999904632568 -0.4699999988079071 0.0 0.0 -0.5099999904632568 -0.4699999988079071 -0.4699999988079071 0.0 0.0 -0.5099999904632568 -0.4699999988079071 0.0 0.0 -0.5099999904632568 -0.4699999988079071 0.0 0.0 -0.5099999904632568 -0.4699999988079071 0.0 0.0 -0.5099999904632568 -0.4699999988079071 -0.019999999552965164 0.0 -0.5099999904632568 -0.4699999988079071 0.0 0.0 -0.5099999904632568 -0.4699999988079071 0.0 0.0 -0.5099999904632568 -0.4699999988079071 0.0 0.0 -0.5099999904632568 -0.4699999988079071 -0.019999999552965164 0.0 -0.5099999904632568 -0.4699999988079071 0.0 0.0 -0.5099999904632568 -0.4699999988079071 0.0 0.0 -0.5099999904632568 -0.4699999988079071 0.0 0.0 -0.5099999904632568 -0.4699999988079071 0.0 0.0 -0.5099999904632568 -0.4699999988079071 0.0 0.0 -0.4699999988079071 0.0
328 -0.4699999988079071 0.0 0.0 -0.5099999904632568 -0.4699999988079071 0.0 0.0 -0.5099999904632568 -0.4699999988079071 0.0 0.0 -0.5099999904632568 -0.4699999988079071 -0.019999999552965164 0.0 -0.5099999904632568 -0.4699999988079071 0.0 0.0 -0.5099999904632568 -0.4699999988079071 0.0 0.0 -0.5099999904632568 -0.4699999988079071 0.0 0.0 -0.5099999904632568 -0.4699999988079071 -0.019999999552965164 0.0 -0.5099999904632568 -0.4699999988079071 0.0 0.0 -0.5099999904632568 -0.4699999988079071 0.0 0.0 -0.5099999904632568 -0.4699999988079071 0.0 0.0 -0.5099999904632568 -0.4699999988079071 0.0 0.0 -0.5099999904632568 -0.4699999988079071 0.0 0.0 -0.5099999904632568 -0.4699999988079071 0.0 0.0 -0.4699999988079071 0.0
329 0.0 -0.4699999988079071 0.0 0.0 -0.5099999904632568 -0.4699999988079071 0.0 0.0 -0.5099999904632568 -0.4699999988079071 -0.019999999552965164 0.0 -0.5099999904632568 -0.4699999988079071 0.0 0.0 -0.5099999904632568 -0.4699999988079071 0.0 0.0 -0.5099999904632568 -0.4699999988079071 0.0 0.0 -0.5099999904632568 -0.4699999988079071 -0.019999999552965164 0.0 -0.5099999904632568 -0.4699999988079071 0.0 0.0 -0.5099999904632568 -0.4699999988079071 0.0 0.0 -0.5099999904632568 -0.4699999988079071 0.0 0.0 -0.5099999904632568 -0.4699999988079071 0.0 0.0 -0.5099999904632568 -0.4699999988079071 0.0 0.0 -0.5099999904632568 -0.4699999988079071 0.0 0.0 -0.5099999904632568 -0.4699999988079071 0.0 0.0 -0.4699999988079071 0.0
33 -0.5099999904632568 0.0 0.0 -0.5099999904632568 -0.4699999988079071 0.0 0.0 -0.5099999904632568 -0.4699999988079071 0.0 0.0 -0.5099999904632568 -0.4699999988079071 0.0 0.0 -0.5099999904632568 -0.4699999988079071 0.0 0.0 -0.5099999904632568 -0.4699999988079071 0.0 0.0 -0.5099999904632568 -0.4699999988079071 0.0 0.0 -0.5099999904632568 -0.4699999988079071 0.0 0.0 -0.5099999904632568 -0.4699999988079071 0.0 0.0 -0.5099999904632568 -0.4699999988079071 0.0 0.0 -0.5099999904632568 -0.4699999988079071 0.0 0.0 -0.5099999904632568 -0.4699999988079071 0.0 0.0 -0.5099999904632568 -0.4699999988079071 0.0 0.0 -0.5099999904632568 -0.4699999988079071 0.0 0.0 -0.5099999904632568 -0.4699999988079071 0.0 0.0 -0.5099999904632568 -0.4699999988079071 0.0 0.0 -0.4699999988079071 0.0 -0.5099999904632568 -0.4699999988079071 0.0 0.0 -0.5099999904632568 -0.4699999988079071 0.0 0.0 -0.4699999988079071 0.0 0.0 -0.5099999904632568 -0.4699999988079071
330 0.0 0.0 -0.4699999988079071 0.0 0.0 -0.5099999904632568 -0.4699999988079071 0.0 0.0 -0.5099999904632568 -0.4699999988079071 -0.019999999552965164 0.0 -0.5099999904632568 -0.4699999988079071 0.0 0.0 -0.5099999904632568 -0.4699999988079071 0.0 0.0 -0.5099999904632568 -0.4699999988079071 0.0 0.0 -0.5099999904632568 -0.4699999988079071 -0.019999999552965164 0.0 -0.5099999904632568 -0.4699999988079071 0.0 0.0 -0.5099999904632568 -0.4699999988079071 0.0 0.0 -0.5099999904632568 -0.4699999988079071 0.0 0.0 -0.5099999904632568 -0.4699999988079071 0.0 0.0 -0.5099999904632568 -0.4699999988079071 0.0 0.0 -0.5099999904632568 -0.4699999988079071 0.0 0.0 -0.5099999904632568 -0.4699999988079071 0.0 0.0 -0.5099999904632568 -0.4699999988079071 0.0 0.0 -0.4699999988079071 0.0
331 0.0 0.0 -0.5099999904632568 -0.4699999988079071 0.0 0.0 -0.5099999904632568 -0.4699999988079071 -0.019999999552965164 0.0 -0.5099999904632568 -0.4699999988079071 0.0 0.0 -0.5099999904632568 -0.4699999988079071 0.0 0.0 -0.5099999904632568 -0.4699999988079071 0.0 0.0 -0.5099999904632568 -0.4699999988079071 -0.019999999552965164 0.0 -0.5099999904632568 -0.4699999988079071 0.0 0.0 -0.5099999904632568 -0.4699999988079071 0.0 0.0 -0.5099999904632568 -0.4699999988079071 0.0 0.0 -0.5099999904632568 -0.4699999988079071 0.0 0.0 -0.5099999904632568 -0.4699999988079071 0.0 0.0 -0.5099999904632568 -0.4699999988079071 0.0 0.0 -0.5099999904632568 -0.4699999988079071 0.0 0.0 -0.5099999904632568 -0.4699999988079071 0.0 0.0 -0.5099999904632568 -0.4699999988079071 0.0 0.0 -0.4699999988079071 0.0
332 -0.5099999904632568 0.0 -0.5099999904632568 -0.4699999988079071 -0.019999999552965164 0.0 -0.5099999904632568 -0.4699999988079071 0.0 0.0 -0.5099999904632568 -0.4699999988079071 0.0 0.0 -0.5099999904632568 -0.4699999988079071 0.0 0.0 -0.5099999904632568 -0.4699999988079071 -0.019999999552965164 0.0 -0.5099999904632568 -0.4699999988079071 0.0 0.0 -0.5099999904632568 -0.4699999988079071 0.0 0.0 -0.5099999904632568 -0.4699999988079071 0.0 0.0 -0.5099999904632568 -0.4699999988079071 0.0 0.0 -0.5099999904632568 -0.4699999988079071 0.0 0.0 -0.5099999904632568 -0.4699999988079071 0.0 0.0 -0.5099999904632568 -0.4699999988079071 0.0 0.0 -0.5099999904632568 -0.4699999988079071 0.0 0.0 -0.5099999904632568 -0.4699999988079071 0.0 0.0 -0.5099999904632568 -0.4699999988079071 0.0 0.0 -0.4699999988079071 0.0
333 -0.5099999904632568 0.0 -0.5099999904632568 -0.4699999988079071 0.0 0.0 -0.5099999904632568 -0.4699999988079071 0.0 0.0 -0.5099999904632568 -0.4699999988079071 0.0 0.0 -0.5099999904632568 -0.4699999988079071 -0.019999999552965164 0.0 -0.5099999904632568 -0.4699999988079071 0.0 0.0 -0.5099999904632568 -0.4699999988079071 0.0 0.0 -0.5099999904632568 -0.4699999988079071 0.0 0.0 -0.5099999904632568 -0.4699999988079071 0.0 0.0 -0.5099999904632568 -0.4699999988079071 0.0 0.0 -0.5099999904632568 -0.4699999988079071 0.0 0.0 -0.5099999904632568 -0.4699999988079071 0.0 0.0 -0.5099999904632568 -0.4699999988079071 0.0 0.0 -0.5099999904632568 -0.4699999988079071 0.0 0.0 -0.5099999904632568 -0.4699999988079071 0.0 0.0 -0.5099999904632568 -0.4699999988079071 0.0 0.0 -0.4699999988079071 -0.019999999552965164
334 -0.5099999904632568 0.0 0.0 -0.5099999904632568 -0.5099999904632568 0.0 -0.5099999904632568 -0.4699999988079071 0.0 0.0 -0.5099999904632568 -0.4699999988079071 0.0 0.0 -0.5099999904632568 -0.4699999988079071 -0.019999999552965164 0.0 -0.5099999904632568 -0.4699999988079071 0.0 0.0 -0.5099999904632568 -0.4699999988079071 0.0 0.0 -0.5099999904632568 -0.4699999988079071 0.0 0.0 -0.5099999904632568 -0.4699999988079071 0.0 0.0 -0.5099999904632568 -0.4699999988079071 0.0 0.0 -0.5099999904632568 -0.4699999988079071 0.0 0.0 -0.5099999904632568 -0.4699999988079071 0.0 0.0 -0.5099999904632568 -0.4699999988079071 0.0 0.0 -0.5099999904632568 -0.4699999988079071 0.0 0.0 -0.5099999904632568 -0.4699999988079071 0.0 0.0 -0.5099999904632568 -0.4699999988079071 0.0 0.0 -0.5099999904632568 -0.4699999988079071 -0.019999999552965164 0.0 -0.4699999988079071
335 -0.5099999904632568 0.0 0.0 -0.5099999904632568 -0.4699999988079071 0.0 0.0 -0.5099999904632568 -0.4699999988079071 -0.019999999552965164 0.0 -0.5099999904632568 -0.4699999988079071 0.0 0.0 -0.5099999904632568 -0.4699999988079071 0.0 0.0 -0.5099999904632568 -0.4699999988079071 0.0 0.0 -0.5099999904632568 -0.4699999988079071 0.0 0.0 -0.5099999904632568 -0.4699999988079071 0.0 0.0 -0.5099999904632568 -0.4699999988079071 0.0 0.0 -0.5099999904632568 -0.4699999988079071 0.0 0.0 -0.5099999904632568 -0.4699999988079071 0.0 0.0 -0.5099999904632568 -0.4699999988079071 0.0 0.0 -0.5099999904632568 -0.4699999988079071 0.0 0.0 -0.5099999904632568 -0.4699999988079071 0.0 0.0 -0.5099999904632568 -0.4699999988079071 -0.019999999552965164 0.0 -0.5099999904632568 -0.4699999988079071 0.0 0.0 -0.4699999988079071
336 -0.5099999904632568 0.0 0.0 -0.5099999904632568 -0.4699999988079071 -0.019999999552965164 0.0 -0.5099999904632568 -0.4699999988079071 0.0 0.0 -0.5099999904632568 -0.4699999988079071 0.0 0.0 -0.5099999904632568 -0.4699999988079071 0.0 0.0 -0.5099999904632568 -0.4699999988079071 0.0 0.0 -0.5099999904632568 -0.4699999988079071 0.0 0.0 -0.5099999904632568 -0.4699999988079071 0.0 0.0 -0.5099999904632568 -0.4699999988079071 0.0 0.0 -0.5099999904632568 -0.4699999988079071 0.0 0.0 -0.5099999904632568 -0.4699999988079071 0.0 0.0 -0.5099999904632568 -0.4699999988079071 0.0 0.0 -0.5099999904632568 -0.4699999988079071 0.0 0.0 -0.5099999904632568 -0.4699999988079071 -0.019999999552965164 0.0 -0.5099999904632568 -0.4699999988079071 0.0 0.0 -0.4699999988079071 0.0 -0.5099999904632568
337 -0.5099999904632568 0.0 -0.5099999904632568 -0.4699999988079071 0.0 0.0 -0.5099999904632568 -0.4699999988079071 0.0 0.0 -0.5099999904632568 -0.4699999988079071 0.0 0.0 -0.5099999904632568 -0.4699999988079071 0.0 0.0 -0.5099999904632568 -0.4699999988079071 0.0 0.0 -0.5099999904632568 -0.4699999988079071 0.0 0.0 -0.5099999904632568 -0.4699999988079071 0.0 0.0 -0.5099999904632568 -0.4699999988079071 0.0 0.0 -0.5099999904632568 -0.4699999988079071 0.0 0.0 -0.5099999904632568 -0.4699999988079071 0.0 0.0 -0.5099999904632568 -0.4699999988079071 0.0 0.0 -0.5099999904632568 -0.4699999988079071 -0.019999999552965164 0.0 -0.5099999904632568 -0.4699999988079071 0.0 0.0 -0.5099999904632568 -0.4699999988079071 0.0 0.0 -0.5099999904632568
338 -0.5099999904632568 0.0 -0.5099999904632568 -0.4699999988079071 0.0 0.0 -0.5099999904632568 -0.4699999988079071 0.0 0.0 -0.5099999904632568 -0.4699999988079071 0.0 0.0 -0.5099999904632568 -0.4699999988079071 0.0 0.0 -0.5099999904632568 -0.4699999988079071 0.0 0.0 -0.5099999904632568 -0.4699999988079071 0.0 0.0 -0.5099999904632568 -0.4699999988079071 0.0 0.0 -0.5099999904632568 -0.4699999988079071 0.0 0.0 -0.5099999904632568 -0.4699999988079071 0.0 0.0 -0.5099999904632568 -0.4699999988079071 0.0 0.0 -0.5099999904632568 -0.4699999988079071 -0.019999999552965164 0.0 -0.5099999904632568 -0.4699999988079071 0.0 0.0 -0.5099999904632568 -0.4699999988079071 0.0 0.0 -0.5099999904632568 -0.4699999988079071
339 -0.5099999904632568 0.0 0.0 -0.5099999904632568 -0.4699999988079071 0.0 0.0 -0.5099999904632568 -0.4699999988079071 0.0 0.0 -0.5099999904632568 -0.4699999988079071 0.0 0.0 -0.5099999904632568 -0.4699999988079071 0.0 0.0 -0.5099999904632568 -0.4699999988079071 0.0 0.0 -0.5099999904632568 -0.4699999988079071 0.0 0.0 -0.5099999904632568 -0.4699999988079071 0.0 0.0 -0.5099999904632568 -0.4699999988079071 0.0 0.0 -0.5099999904632568 -0.4699999988079071 0.0 0.0 -0.5099999904632568 -0.4699999988079071 -0.019999999552965164 0.0 -0.5099999904632568 -0.4699999988079071 0.0 0.0 -0.5099999904632568 -0.4699999988079071 0.0 0.0 -0.5099999904632568 -0.4699999988079071 -0.019999999552965164 0.0 -0.5099999904632568
34 -0.5099999904632568 0.0 -0.5099999904632568 -0.4699999988079071 0.0 0.0 -0.5099999904632568 -0.4699999988079071 0.0 0.0 -0.5099999904632568 -0.4699999988079071 0.0 0.0 -0.5099999904632568 -0.4699999988079071 0.0 0.0 -0.5099999904632568 -0.4699999988079071 0.0 0.0 -0.5099999904632568 -0.4699999988079071 0.0 0.0 -0.5099999904632568 -0.4699999988079071 0.0 0.0 -0.5099999904632568 -0.4699999988079071 0.0 0.0 -0.5099999904632568 -0.4699999988079071 0.0 0.0 -0.5099999904632568 -0.4699999988079071 0.0 0.0 -0.5099999904632568 -0.4699999988079071 0.0 0.0 -0.5099999904632568 -0.4699999988079071 0.0 0.0 -0.5099999904632568 -0.4699999988079071 0.0 0.0 -0.5099999904632568 -0.4699999988079071 0.0 0.0 -0.5099999904632568 -0.4699999988079071 0.0 0.0 -0.4699999988079071 0.0
340 -0.5099999904632568 0.0 0.0 -0.5099999904632568 -0.4699999988079071 0.0 0.0 -0.5099999904632568 -0.4699999988079071 0.0 0.0 -0.5099999904632568 -0.4699999988079071 0.0 0.0 -0.5099999904632568 -0.4699999988079071 0.0 0.0 -0.5099999904632568 -0.4699999988079071 0.0 0.0 -0.5099999904632568 -0.4699999988079071 0.0 0.0 -0.5099999904632568 -0.4699999988079071 0.0 0.0 -0.5099999904632568 -0.4699999988079071 0.0 0.0 -0.5099999904632568 -0.4699999988079071 -0.019999999552965164 0.0 -0.5099999904632568 -0.4699999988079071 0.0 0.0 -0.5099999904632568 -0.4699999988079071 0.0 0.0 -0.5099999904632568 -0.4699999988079071 -0.019999999552965164 0.0 -0.5099999904632568 -0.28999999165534973 0.0
341 -0.5099999904632568 0.0 -0.5099999904632568 -0.4699999988079071 0.0 0.0 -0.5099999904632568 -0.4699999988079071 0.0 0.0 -0.5099999904632568 -0.4699999988079071 0.0 0.0 -0.5099999904632568 -0.4699999988079071 0.0 0.0 -0.5099999904632568 -0.4699999988079071 0.0 0.0 -0.5099999904632568 -0.4699999988079071 0.0 0.0 -0.5099999904632568 -0.4699999988079071 0.0 0.0 -0.5099999904632568 -0.4699999988079071 -0.019999999552965164 0.0 -0.5099999904632568 -0.4699999988079071 0.0 0.0 -0.5099999904632568 -0.4699999988079071 0.0 0.0 -0.5099999904632568 -0.4699999988079071 -0.019999999552965164 0.0 -0.5099999904632568 -0.28999999165534973 0.0 0.0 -0.5099999904632568
342 0.0 -0.5099999904632568 -0.4699999988079071 0.0 0.0 -0.5099999904632568 -0.4699999988079071 0.0 0.0 -0.5099999904632568 -0.4699999988079071 0.0 0.0 -0.5099999904632568 -0.4699999988079071 0.0 0.0 -0.5099999904632568 -0.4699999988079071 0.0 0.0 -0.5099999904632568 -0.4699999988079071 0.0 0.0 -0.5099999904632568 -0.4699999988079071 -0.019999999552965164 0.0 -0.5099999904632568 -0.4699999988079071 0.0 0.0 -0.5099999904632568 -0.4699999988079071 0.0 0.0 -0.5099999904632568 -0.4699999988079071 -0.019999999552965164 0.0 -0.5099999904632568 -0.28999999165534973 0.0 0.0 -0.5099999904632568
343 -0.5099999904632568 0.0 -0.5099999904632568 -0.4699999988079071 0.0 0.0 -0.5099999904632568 -0.4699999988079071 0.0 0.0 -0.5099999904632568 -0.4699999988079071 0.0 0.0 -0.5099999904632568 -0.4699999988079071 0.0 0.0 -0.5099999904632568 -0.4699999988079071 -0.019999999552965164 0.0 -0.5099999904632568 -0.4699999988079071 0.0 0.0 -0.5099999904632568 -0.4699999988079071 0.0 0.0 -0.5099999904632568 -0.4699999988079071 -0.019999999552965164 0.0 -0.5099999904632568 -0.28999999165534973 0.0 0.0 -0.5099999904632568 -0.4699999988079071 0.0 0.0
344 -0.5099999904632568 0.0 0.0 -0.5099999904632568 -0.4699999988079071 0.0 0.0 -0.5099999904632568 -0.4699999988079071 -0.019999999552965164 0.0 -0.5099999904632568 -0.4699999988079071 0.0 0.0 -0.5099999904632568 -0.4699999988079071 0.0 0.0 -0.5099999904632568 -0.4699999988079071 -0.019999999552965164 0.0 -0.5099999904632568 -0.28999999165534973 0.0 0.0 -0.5099999904632568 -0.4699999988079071 0.0 0.0 -0.5099999904632568 -0.4699999988079071 0.0 0.0 -0.5099999904632568
345 0.0 -0.5099999904632568 -0.019999999552965164 0.0 -0.5099999904632568 -0.4699999988079071 0.0 0.0 -0.5099999904632568 -0.4699999988079071 0.0 0.0 -0.5099999904632568 -0.4699999988079071 -0.019999999552965164 0.0 -0.5099999904632568 -0.28999999165534973 0.0 0.0 -0.5099999904632568 -0.4699999988079071 0.0 0.0 -0.5099999904632568 -0.4699999988079071 0.0 0.0 -0.5099999904632568 -0.4699999988079071 -0.019999999552965164 0.0 -0.5099999904632568 -0.4699999988079071 -0.5099999904632568
346 -0.5099999904632568 -0.5099999904632568 -0.4699999988079071 0.0 0.0 -0.5099999904632568 -0.4699999988079071 -0.019999999552965164 0.0 -0.5099999904632568 -0.28999999165534973 0.0 0.0 -0.5099999904632568 -0.4699999988079071 0.0 0.0 -0.5099999904632568 -0.4699999988079071 0.0 0.0 -0.5099999904632568 -0.4699999988079071 -0.019999999552965164 0.0 -0.5099999904632568 -0.4699999988079071 0.0 0.0 -0.5099999904632568
347 0.0 -0.5099999904632568 -0.4699999988079071 -0.019999999552965164 0.0 -0.5099999904632568 -0.28999999165534973 0.0 0.0 -0.5099999904632568 -0.4699999988079071 0.0 0.0 -0.5099999904632568 -0.4699999988079071 0.0 0.0 -0.5099999904632568 -0.4699999988079071 -0.019999999552965164 0.0 -0.5099999904632568 -0.4699999988079071 0.0 0.0 -0.5099999904632568 -0.4699999988079071 0.0 0.0 -0.5099999904632568 -0.28999999165534973
348 -0.28999999165534973 0.0 0.0 -0.5099999904632568 -0.4699999988079071 0.0 0.0 -0.5099999904632568 -0.4699999988079071 0.0 0.0 -0.5099999904632568 -0.4699999988079071 -0.019999999552965164 0.0 -0.5099999904632568 -0.4699999988079071 0.0 0.0 -0.5099999904632568 -0.4699999988079071 0.0 0.0 -0.5099999904632568 -0.28999999165534973 0.0 0.0 -0.5099999904632568
349 0.0 -0.5099999904632568 -0.4699999988079071 0.0 0.0 -0.5099999904632568 -0.4699999988079071 0.0 0.0 -0.5099999904632568 -0.4699999988079071 -0.019999999552965164 0.0 -0.5099999904632568 -0.4699999988079071 0.0 0.0 -0.5099999904632568 -0.4699999988079071 0.0 0.0 -0.5099999904632568 -0.28999999165534973 0.0 0.0 -0.5099999904632568 -0.4699999988079071 -0.019999999552965164 0.0 -0.5099999904632568
35 -0.5099999904632568 0.0 -0.5099999904632568 -0.4699999988079071 0.0 0.0 -0.5099999904632568 -0.4699999988079071 0.0 0.0 -0.5099999904632568 -0.4699999988079071 0.0 0.0 -0.5099999904632568 -0.4699999988079071 0.0 0.0 -0.5099999904632568 -0.4699999988079071 0.0 0.0 -0.5099999904632568 -0.4699999988079071 0.0 0.0 -0.5099999904632568 -0.4699999988079071 0.0 0.0 -0.5099999904632568 -0.4699999988079071 0.0 0.0 -0.5099999904632568 -0.4699999988079071 0.0 0.0 -0.5099999904632568 -0.4699999988079071 0.0 0.0 -0.5099999904632568 -0.4699999988079071 0.0 0.0 -0.5099999904632568 -0.4699999988079071 0.0 0.0 -0.5099999904632568 -0.4699999988079071 0.0 0.0 -0.5099999904632568 -0.4699999988079071 0.0 0.0 -0.5099999904632568 -0.4699999988079071 0.0 0.0 -0.4699999988079071 0.0
350 -0.4699999988079071 0.0 0.0 -0.5099999904632568 -0.4699999988079071 -0.019999999552965164 0.0 -0.5099999904632568 -0.4699999988079071 0.0 0.0 -0.5099999904632568 -0.4699999988079071 0.0 0.0 -0.5099999904632568 -0.28999999165534973 0.0 0.0 -0.5099999904632568 -0.4699999988079071 -0.019999999552965164 0.0 -0.5099999904632568 -0.28999999165534973 0.0 0.0 -0.5099999904632568 -0.4699999988079071 -0.5099999904632568
351 0.0 -0.5099999904632568 -0.4699999988079071 -0.019999999552965164 0.0 -0.5099999904632568 -0.4699999988079071 0.0 0.0 -0.5099999904632568 -0.4699999988079071 0.0 0.0 -0.5099999904632568 -0.28999999165534973 0.0 0.0 -0.5099999904632568 -0.4699999988079071 -0.019999999552965164 0.0 -0.5099999904632568 -0.28999999165534973 0.0 0.0 -0.5099999904632568 -0.4699999988079071 -0.019999999552965164 0.0 -0.5099999904632568
352 -0.4699999988079071 0.0 0.0 -0.5099999904632568 -0.4699999988079071 0.0 0.0 -0.5099999904632568 -0.28999999165534973 0.0 0.0 -0.5099999904632568 -0.4699999988079071 -0.019999999552965164 0.0 -0.5099999904632568 -0.28999999165534973 0.0 0.0 -0.5099999904632568 -0.4699999988079071 -0.019999999552965164 0.0 -0.5099999904632568 -0.4699999988079071 0.0 0.0 -0.5099999904632568
353 -0.5099999904632568 -0.4699999988079071 0.0 0.0 -0.5099999904632568 -0.28999999165534973 0.0 0.0 -0.5099999904632568 -0.4699999988079071 -0.019999999552965164 0.0 -0.5099999904632568 -0.28999999165534973 0.0 0.0 -0.5099999904632568 -0.4699999988079071 -0.019999999552965164 0.0 -0.5099999904632568 -0.4699999988079071 0.0 0.0 -0.5099999904632568 -0.28999999165534973 0.0 0.0
354 0.0 -0.28999999165534973 0.0 0.0 -0.5099999904632568 -0.4699999988079071 -0.019999999552965164 0.0 -0.5099999904632568 -0.28999999165534973 0.0 0.0 -0.5099999904632568 -0.4699999988079071 -0.019999999552965164 0.0 -0.5099999904632568 -0.4699999988079071 0.0 0.0 -0.5099999904632568 -0.28999999165534973 0.0 0.0 -0.5099999904632568 -0.4699999988079071 0.0 0.0 -0.5099999904632568
355 -0.4699999988079071 -0.019999999552965164 0.0 -0.5099999904632568 -0.28999999165534973 0.0 0.0 -0.5099999904632568 -0.4699999988079071 -0.019999999552965164 0.0 -0.5099999904632568 -0.4699999988079071 0.0 0.0 -0.5099999904632568 -0.28999999165534973 0.0 0.0 -0.5099999904632568 -0.4699999988079071 0.0 0.0 -0.5099999904632568 -0.4699999988079071 0.0 0.0
356 -0.5099999904632568 0.0 0.0 -0.5099999904632568 -0.4699999988079071 -0.019999999552965164 0.0 -0.5099999904632568 -0.4699999988079071 0.0 0.0 -0.5099999904632568 -0.28999999165534973 0.0 0.0 -0.5099999904632568 -0.4699999988079071 0.0 0.0 -0.5099999904632568 -0.4699999988079071 0.0 0.0 -0.5099999904632568 -0.28999999165534973 0.0
357 0.0 -0.4699999988079071 -0.019999999552965164 0.0 -0.5099999904632568 -0.4699999988079071 0.0 0.0 -0.5099999904632568 -0.28999999165534973 0.0 0.0 -0.5099999904632568 -0.4699999988079071 0.0 0.0 -0.5099999904632568 -0.4699999988079071 0.0 0.0 -0.5099999904632568 -0.28999999165534973 0.0 0.0 -0.5099999904632568 -0.4699999988079071 0.0 0.0 -0.5099999904632568
358 0.0 0.0 -0.5099999904632568 -0.28999999165534973 0.0 0.0 -0.5099999904632568 -0.4699999988079071 0.0 0.0 -0.5099999904632568 -0.4699999988079071 0.0 0.0 -0.5099999904632568 -0.28999999165534973 0.0 0.0 -0.5099999904632568 -0.4699999988079071 0.0 0.0 -0.5099999904632568 -0.28999999165534973 0.0
359 0.0 0.0 -0.5099999904632568 -0.4699999988079071 0.0 0.0 -0.5099999904632568 -0.4699999988079071 0.0 0.0 -0.5099999904632568 -0.28999999165534973 0.0 0.0 -0.5099999904632568 -0.4699999988079071 0.0 0.0 -0.5099999904632568 -0.28999999165534973 0.0 0.0 -0.5099999904632568 -0.4699999988079071 -0.019999999552965164 -0.5099999904632568
36 0.0 0.0 -0.5099999904632568 -0.4699999988079071 0.0 0.0 -0.5099999904632568 -0.4699999988079071 0.0 0.0 -0.5099999904632568 -0.4699999988079071 0.0 0.0 -0.5099999904632568 -0.4699999988079071 0.0 0.0 -0.5099999904632568 -0.4699999988079071 0.0 0.0 -0.5099999904632568 -0.4699999988079071 0.0 0.0 -0.5099999904632568 -0.4699999988079071 0.0 0.0 -0.5099999904632568 -0.4699999988079071 0.0 0.0 -0.5099999904632568 -0.4699999988079071 0.0 0.0 -0.5099999904632568 -0.4699999988079071 0.0 0.0 -0.5099999904632568 -0.4699999988079071 0.0 0.0 -0.5099999904632568 -0.4699999988079071 0.0 0.0 -0.5099999904632568 -0.4699999988079071 0.0 0.0 -0.5099999904632568 -0.4699999988079071 0.0 0.0 -0.5099999904632568 -0.4699999988079071 0.0 0.0 -0.4699999988079071 0.0 0.0 0.0 -0.5099999904632568 -0.4699999988079071 0.0
360 -0.4699999988079071 0.0 0.0 -0.5099999904632568 -0.4699999988079071 0.0 0.0 -0.5099999904632568 -0.28999999165534973 0.0 0.0 -0.5099999904632568 -0.4699999988079071 0.0 0.0 -0.5099999904632568 -0.28999999165534973 0.0 0.0 -0.5099999904632568 -0.4699999988079071 -0.019999999552965164 0.0 -0.5099999904632568 -0.28999999165534973 0.0
361 0.0 0.0 -0.5099999904632568 -0.28999999165534973 0.0 0.0 -0.5099999904632568 -0.4699999988079071 0.0 0.0 -0.5099999904632568 -0.28999999165534973 0.0 0.0 -0.5099999904632568 -0.4699999988079071 -0.019999999552965164 0.0 -0.5099999904632568 -0.28999999165534973 0.0 0.0 -0.5099999904632568 -0.28999999165534973 0.0
362 0.0 0.0 -0.5099999904632568 -0.4699999988079071 0.0 0.0 -0.5099999904632568 -0.28999999165534973 0.0 0.0 -0.5099999904632568 -0.4699999988079071 -0.019999999552965164 0.0 -0.5099999904632568 -0.28999999165534973 0.0 0.0 -0.5099999904632568 -0.28999999165534973 0.0 0.0 -0.5099999904632568 -0.4699999988079071 0.0
363 0.0 0.0 -0.5099999904632568 -0.28999999165534973 0.0 0.0 -0.5099999904632568 -0.4699999988079071 -0.019999999552965164 0.0 -0.5099999904632568 -0.28999999165534973 0.0 0.0 -0.5099999904632568 -0.28999999165534973 0.0 0.0 -0.5099999904632568 -0.4699999988079071 0.0 0.0 -0.5099999904632568 -0.4699999988079071 0.0
364 0.0 0.0 -0.5099999904632568 -0.4699999988079071 -0.019999999552965164 0.0 -0.5099999904632568 -0.28999999165534973 0.0 0.0 -0.5099999904632568 -0.28999999165534973 0.0 0.0 -0.5099999904632568 -0.4699999988079071 0.0 0.0 -0.5099999904632568 -0.4699999988079071 0.0 0.0 -0.5099999904632568 -0.4699999988079071 0.0
365 -0.019999999552965164 0.0 -0.5099999904632568 -0.28999999165534973 0.0 0.0 -0.5099999904632568 -0.28999999165534973 0.0 0.0 -0.5099999904632568 -0.4699999988079071 0.0 0.0 -0.5099999904632568 -0.4699999988079071 0.0 0.0 -0.5099999904632568 -0.4699999988079071 0.0 0.0 -0.5099999904632568 -0.4699999988079071 0.0
366 0.0 0.0 -0.5099999904632568 -0.28999999165534973 0.0 0.0 -0.5099999904632568 -0.4699999988079071 0.0 0.0 -0.5099999904632568 -0.4699999988079071 0.0 0.0 -0.5099999904632568 -0.4699999988079071 0.0 0.0 -0.5099999904632568 -0.4699999988079071 0.0 0.0 -0.5099999904632568 -0.4699999988079071 0.0
367 0.0 0.0 -0.5099999904632568 -0.4699999988079071 0.0 0.0 -0.5099999904632568 -0.4699999988079071 0.0 0.0 -0.5099999904632568 -0.4699999988079071 0.0 0.0 -0.5099999904632568 -0.4699999988079071 0.0 0.0 -0.5099999904632568 -0.4699999988079071 0.0 0.0 -0.5099999904632568 -0.4699999988079071 0.0 -0.5099999904632568
368 0.0 0.0 -0.5099999904632568 -0.4699999988079071 0.0 0.0 -0.5099999904632568 -0.4699999988079071 0.0 0.0 -0.5099999904632568 -0.4699999988079071 0.0 0.0 -0.5099999904632568 -0.4699999988079071 0.0 0.0 -0.5099999904632568 -0.4699999988079071 0.0 0.0 -0.5099999904632568 -0.4699999988079071 -0.019999999552965164
369 0.0 0.0 -0.5099999904632568 -0.4699999988079071 0.0 0.0 -0.5099999904632568 -0.4699999988079071 0.0 0.0 -0.5099999904632568 -0.4699999988079071 0.0 0.0 -0.5099999904632568 -0.4699999988079071 0.0 0.0 -0.5099999904632568 -0.4699999988079071 -0.019999999552965164 0.0 -0.5099999904632568 -0.4699999988079071 0.0 -0.5099999904632568
37 -0.5099999904632568 0.0 -0.5099999904632568 -0.4699999988079071 0.0 0.0 -0.5099999904632568 -0.4699999988079071 0.0 0.0 -0.5099999904632568 -0.4699999988079071 0.0 0.0 -0.5099999904632568 -0.4699999988079071 0.0 0.0 -0.5099999904632568 -0.4699999988079071 0.0 0.0 -0.5099999904632568 -0.4699999988079071 0.0 0.0 -0.5099999904632568 -0.4699999988079071 0.0 0.0 -0.5099999904632568 -0.4699999988079071 0.0 0.0 -0.5099999904632568 -0.4699999988079071 0.0 0.0 -0.5099999904632568 -0.4699999988079071 0.0 0.0 -0.5099999904632568 -0.4699999988079071 0.0 0.0 -0.5099999904632568 -0.4699999988079071 0.0 0.0 -0.5099999904632568 -0.4699999988079071 0.0 0.0 -0.5099999904632568 -0.4699999988079071 0.0 0.0 -0.5099999904632568 -0.4699999988079071 0.0 0.0 -0.4699999988079071 0.0 -0.5099999904632568 0.0 -0.5099999904632568 -0.4699999988079071 0.0 0.0 -0.5099999904632568 -0.4699999988079071 0.0 0.0 -0.5099999904632568 -0.4699999988079071 0.0 0.0 -0.4699999988079071
370 -0.4699999988079071 0.0 0.0 -0.5099999904632568 -0.4699999988079071 0.0 0.0 -0.5099999904632568 -0.4699999988079071 0.0 0.0 -0.5099999904632568 -0.4699999988079071 0.0 0.0 -0.5099999904632568 -0.4699999988079071 -0.019999999552965164 0.0 -0.5099999904632568 -0.4699999988079071 0.0 0.0 -0.5099999904632568 -0.28999999165534973 0.0 0.0 -0.5099999904632568 -0.4699999988079071
371 -0.4699999988079071 0.0 0.0 -0.5099999904632568 -0.4699999988079071 0.0 0.0 -0.5099999904632568 -0.4699999988079071 0.0 0.0 -0.5099999904632568 -0.4699999988079071 -0.019999999552965164 0.0 -0.5099999904632568 -0.4699999988079071 0.0 0.0 -0.5099999904632568 -0.28999999165534973 0.0 0.0 -0.5099999904632568 -0.4699999988079071 0.0 0.0 -0.5099999904632568
372 -0.4699999988079071 0.0 0.0 -0.5099999904632568 -0.4699999988079071 0.0 0.0 -0.5099999904632568 -0.4699999988079071 -0.019999999552965164 0.0 -0.5099999904632568 -0.4699999988079071 0.0 0.0 -0.5099999904632568 -0.28999999165534973 0.0 0.0 -0.5099999904632568 -0.4699999988079071 0.0 0.0 -0.5099999904632568 -0.4699999988079071 0.0 0.0
373 0.0 0.0 -0.5099999904632568 -0.4699999988079071 -0.019999999552965164 0.0 -0.5099999904632568 -0.4699999988079071 0.0 0.0 -0.5099999904632568 -0.28999999165534973 0.0 0.0 -0.5099999904632568 -0.4699999988079071 0.0 0.0 -0.5099999904632568 -0.4699999988079071 0.0 0.0 -0.5099999904632568 -0.4699999988079071 0.0
374 0.0 -0.5099999904632568 -0.4699999988079071 -0.019999999552965164 0.0 -0.5099999904632568 -0.4699999988079071 0.0 0.0 -0.5099999904632568 -0.28999999165534973 0.0 0.0 -0.5099999904632568 -0.4699999988079071 0.0 0.0 -0.5099999904632568 -0.4699999988079071 0.0 0.0 -0.5099999904632568 -0.4699999988079071 0.0 0.0 -0.5099999904632568 -0.4699999988079071 0.0
375 -0.4699999988079071 0.0 0.0 -0.5099999904632568 -0.28999999165534973 0.0 0.0 -0.5099999904632568 -0.4699999988079071 0.0 0.0 -0.5099999904632568 -0.4699999988079071 0.0 0.0 -0.5099999904632568 -0.4699999988079071 0.0 0.0 -0.5099999904632568 -0.4699999988079071 0.0 0.0 -0.5099999904632568 -0.4699999988079071 -0.019999999552965164
376 0.0 0.0 -0.5099999904632568 -0.4699999988079071 0.0 0.0 -0.5099999904632568 -0.4699999988079071 0.0 0.0 -0.5099999904632568 -0.4699999988079071 0.0 0.0 -0.5099999904632568 -0.4699999988079071 0.0 0.0 -0.5099999904632568 -0.4699999988079071 -0.019999999552965164 0.0 -0.5099999904632568 -0.4699999988079071 0.0
377 -0.4699999988079071 0.0 0.0 -0.5099999904632568 -0.4699999988079071 0.0 0.0 -0.5099999904632568 -0.4699999988079071 0.0 0.0 -0.5099999904632568 -0.4699999988079071 0.0 0.0 -0.5099999904632568 -0.4699999988079071 -0.019999999552965164 0.0 -0.5099999904632568 -0.4699999988079071 0.0 0.0 -0.5099999904632568 -0.4699999988079071 0.0
378 0.0 0.0 -0.5099999904632568 -0.4699999988079071 0.0 0.0 -0.5099999904632568 -0.4699999988079071 0.0 0.0 -0.5099999904632568 -0.4699999988079071 -0.019999999552965164 0.0 -0.5099999904632568 -0.4699999988079071 0.0 0.0 -0.5099999904632568 -0.4699999988079071 0.0 0.0 -0.5099999904632568 -0.4699999988079071 0.0 -0.5099999904632568
379 0.0 0.0 -0.5099999904632568 -0.4699999988079071 0.0 0.0 -0.5099999904632568 -0.4699999988079071 -0.019999999552965164 0.0 -0.5099999904632568 -0.4699999988079071 0.0 0.0 -0.5099999904632568 -0.4699999988079071 0.0 0.0 -0.5099999904632568 -0.4699999988079071 0.0 0.0 -0.5099999904632568 -0.28999999165534973 0.0 0.0 -0.5099999904632568
38 -0.5099999904632568 0.0 -0.5099999904632568 -0.4699999988079071 0.0 0.0 -0.5099999904632568 -0.4699999988079071 0.0 0.0 -0.5099999904632568 -0.4699999988079071 0.0 0.0 -0.5099999904632568 -0.4699999988079071 0.0 0.0 -0.5099999904632568 -0.4699999988079071 0.0 0.0 -0.5099999904632568 -0.4699999988079071 0.0 0.0 -0.5099999904632568 -0.4699999988079071 0.0 0.0 -0.5099999904632568 -0.4699999988079071 0.0 0.0 -0.5099999904632568 -0.4699999988079071 0.0 0.0 -0.5099999904632568 -0.4699999988079071 0.0 0.0 -0.5099999904632568 -0.4699999988079071 0.0 0.0 -0.5099999904632568 -0.4699999988079071 0.0 0.0 -0.5099999904632568 -0.4699999988079071 0.0 0.0 -0.5099999904632568 -0.4699999988079071 0.0 0.0 -0.5099999904632568 -0.4699999988079071 0.0 0.0 -0.4699999988079071 0.0
380 0.0 0.0 -0.5099999904632568 -0.4699999988079071 -0.019999999552965164 0.0 -0.5099999904632568 -0.4699999988079071 0.0 0.0 -0.5099999904632568 -0.4699999988079071 0.0 0.0 -0.5099999904632568 -0.4699999988079071 0.0 0.0 -0.5099999904632568 -0.28999999165534973 0.0 0.0 -0.5099999904632568 -0.4699999988079071 0.0 0.0 -0.5099999904632568
381 -0.019999999552965164 0.0 -0.5099999904632568 -0.4699999988079071 0.0 0.0 -0.5099999904632568 -0.4699999988079071 0.0 0.0 -0.5099999904632568 -0.4699999988079071 0.0 0.0 -0.5099999904632568 -0.28999999165534973 0.0 0.0 -0.5099999904632568 -0.4699999988079071 0.0 0.0 -0.5099999904632568 -0.4699999988079071 0.0
382 -0.4699999988079071 0.0 0.0 -0.5099999904632568 -0.4699999988079071 0.0 0.0 -0.5099999904632568 -0.4699999988079071 0.0 0.0 -0.5099999904632568 -0.28999999165534973 0.0 0.0 -0.5099999904632568 -0.4699999988079071 0.0 0.0 -0.5099999904632568 -0.4699999988079071 0.0 0.0 -0.5099999904632568 -0.4699999988079071 0.0 0.0 -0.5099999904632568
383 0.0 0.0 -0.5099999904632568 -0.4699999988079071 0.0 0.0 -0.5099999904632568 -0.28999999165534973 0.0 0.0 -0.5099999904632568 -0.4699999988079071 0.0 0.0 -0.5099999904632568 -0.4699999988079071 0.0 0.0 -0.5099999904632568 -0.4699999988079071 0.0 0.0 -0.5099999904632568 -0.4699999988079071 0.0
384 0.0 0.0 -0.5099999904632568 -0.28999999165534973 0.0 0.0 -0.5099999904632568 -0.4699999988079071 0.0 0.0 -0.5099999904632568 -0.4699999988079071 0.0 0.0 -0.5099999904632568 -0.4699999988079071 0.0 0.0 -0.5099999904632568 -0.4699999988079071 0.0 0.0 -0.5099999904632568 -0.4699999988079071 0.0 0.0 -0.5099999904632568
385 0.0 0.0 -0.5099999904632568 -0.4699999988079071 0.0 0.0 -0.5099999904632568 -0.4699999988079071 0.0 0.0 -0.5099999904632568 -0.4699999988079071 0.0 0.0 -0.5099999904632568 -0.4699999988079071 0.0 0.0 -0.5099999904632568 -0.4699999988079071 0.0 0.0 -0.5099999904632568 -0.4699999988079071 -0.019999999552965164
386 0.0 0.0 -0.5099999904632568 -0.4699999988079071 0.0 0.0 -0.5099999904632568 -0.4699999988079071 0.0 0.0 -0.5099999904632568 -0.4699999988079071 0.0 0.0 -0.5099999904632568 -0.4699999988079071 0.0 0.0 -0.5099999904632568 -0.4699999988079071 -0.019999999552965164 0.0 -0.5099999904632568 -0.4699999988079071 0.0 -0.5099999904632568
387 0.0 0.0 -0.5099999904632568 -0.4699999988079071 0.0 0.0 -0.5099999904632568 -0.4699999988079071 0.0 0.0 -0.5099999904632568 -0.4699999988079071 0.0 0.0 -0.5099999904632568 -0.4699999988079071 -0.019999999552965164 0.0 -0.5099999904632568 -0.4699999988079071 0.0 0.0 -0.5099999904632568 -0.4699999988079071 -0.019999999552965164
388 0.0 0.0 -0.5099999904632568 -0.4699999988079071 0.0 0.0 -0.5099999904632568 -0.4699999988079071 0.0 0.0 -0.5099999904632568 -0.4699999988079071 -0.019999999552965164 0.0 -0.5099999904632568 -0.4699999988079071 0.0 0.0 -0.5099999904632568 -0.4699999988079071 -0.019999999552965164 0.0 -0.5099999904632568 -0.4699999988079071 0.0
389 0.0 0.0 -0.5099999904632568 -0.4699999988079071 0.0 0.0 -0.5099999904632568 -0.4699999988079071 -0.019999999552965164 0.0 -0.5099999904632568 -0.4699999988079071 0.0 0.0 -0.5099999904632568 -0.4699999988079071 -0.019999999552965164 0.0 -0.5099999904632568 -0.4699999988079071 0.0 0.0 -0.5099999904632568 -0.4699999988079071 0.0 -0.5099999904632568
39 0.0 -0.5099999904632568 -0.4699999988079071 0.0 0.0 -0.5099999904632568 -0.4699999988079071 0.0 0.0 -0.5099999904632568 -0.4699999988079071 0.0 0.0 -0.5099999904632568 -0.4699999988079071 0.0 0.0 -0.5099999904632568 -0.4699999988079071 0.0 0.0 -0.5099999904632568 -0.4699999988079071 0.0 0.0 -0.5099999904632568 -0.4699999988079071 0.0 0.0 -0.5099999904632568 -0.4699999988079071 0.0 0.0 -0.5099999904632568 -0.4699999988079071 0.0 0.0 -0.5099999904632568 -0.4699999988079071 0.0 0.0 -0.5099999904632568 -0.4699999988079071 0.0 0.0 -0.5099999904632568 -0.4699999988079071 0.0 0.0 -0.5099999904632568 -0.4699999988079071 0.0 0.0 -0.5099999904632568 -0.4699999988079071 0.0 0.0 -0.5099999904632568 -0.4699999988079071 0.0 0.0 -0.4699999988079071 0.0
390 0.0 0.0 -0.5099999904632568 -0.4699999988079071 -0.019999999552965164 0.0 -0.5099999904632568 -0.4699999988079071 0.0 0.0 -0.5099999904632568 -0.4699999988079071 -0.019999999552965164 0.0 -0.5099999904632568 -0.4699999988079071 0.0 0.0 -0.5099999904632568 -0.4699999988079071 0.0 0.0 -0.5099999904632568 -0.4699999988079071 0.0 0.0
391 -0.4699999988079071 -0.019999999552965164 0.0 -0.5099999904632568 -0.4699999988079071 0.0 0.0 -0.5099999904632568 -0.4699999988079071 -0.019999999552965164 0.0 -0.5099999904632568 -0.4699999988079071 0.0 0.0 -0.5099999904632568 -0.4699999988079071 0.0 0.0 -0.5099999904632568 -0.4699999988079071 0.0 0.0 -0.5099999904632568 -0.4699999988079071 0.0 0.0 -0.5099999904632568
392 0.0 0.0 -0.5099999904632568 -0.4699999988079071 -0.019999999552965164 0.0 -0.5099999904632568 -0.4699999988079071 0.0 0.0 -0.5099999904632568 -0.4699999988079071 0.0 0.0 -0.5099999904632568 -0.4699999988079071 0.0 0.0 -0.5099999904632568 -0.4699999988079071 0.0 0.0 -0.5099999904632568 -0.4699999988079071 -0.019999999552965164
393 -0.019999999552965164 0.0 -0.5099999904632568 -0.4699999988079071 0.0 0.0 -0.5099999904632568 -0.4699999988079071 0.0 0.0 -0.5099999904632568 -0.4699999988079071 0.0 0.0 -0.5099999904632568 -0.4699999988079071 0.0 0.0 -0.5099999904632568 -0.4699999988079071 -0.019999999552965164 0.0 -0.5099999904632568 -0.4699999988079071 0.0 0.0
394 0.0 0.0 -0.5099999904632568 -0.4699999988079071 0.0 0.0 -0.5099999904632568 -0.4699999988079071 0.0 0.0 -0.5099999904632568 -0.4699999988079071 0.0 0.0 -0.5099999904632568 -0.4699999988079071 -0.019999999552965164 0.0 -0.5099999904632568 -0.4699999988079071 0.0 0.0 -0.5099999904632568 -0.4699999988079071 -0.019999999552965164 0.0 -0.5099999904632568
395 0.0 0.0 -0.5099999904632568 -0.4699999988079071 0.0 0.0 -0.5099999904632568 -0.4699999988079071 0.0 0.0 -0.5099999904632568 -0.4699999988079071 -0.019999999552965164 0.0 -0.5099999904632568 -0.4699999988079071 0.0 0.0 -0.5099999904632568 -0.4699999988079071 -0.019999999552965164 0.0 -0.5099999904632568 -0.28999999165534973 0.0 0.0 -0.5099999904632568 -0.4699999988079071
396 -0.4699999988079071 0.0 0.0 -0.5099999904632568 -0.4699999988079071 0.0 0.0 -0.5099999904632568 -0.4699999988079071 -0.019999999552965164 0.0 -0.5099999904632568 -0.4699999988079071 0.0 0.0 -0.5099999904632568 -0.4699999988079071 -0.019999999552965164 0.0 -0.5099999904632568 -0.28999999165534973 0.0 0.0 -0.5099999904632568 -0.4699999988079071 0.0 0.0 -0.5099999904632568
397 0.0 -0.5099999904632568 -0.4699999988079071 0.0 0.0 -0.5099999904632568 -0.4699999988079071 -0.019999999552965164 0.0 -0.5099999904632568 -0.4699999988079071 0.0 0.0 -0.5099999904632568 -0.4699999988079071 -0.019999999552965164 0.0 -0.5099999904632568 -0.28999999165534973 0.0 0.0 -0.5099999904632568 -0.4699999988079071 0.0 0.0 -0.5099999904632568 -0.28999999165534973 0.0 0.0 -0.5099999904632568
398 -0.4699999988079071 -0.019999999552965164 0.0 -0.5099999904632568 -0.4699999988079071 0.0 0.0 -0.5099999904632568 -0.4699999988079071 -0.019999999552965164 0.0 -0.5099999904632568 -0.28999999165534973 0.0 0.0 -0.5099999904632568 -0.4699999988079071 0.0 0.0 -0.5099999904632568 -0.28999999165534973 0.0 0.0 -0.5099999904632568 -0.4699999988079071 0.0 0.0 -0.5099999904632568
399 -0.5099999904632568 0.0 0.0 -0.5099999904632568 -0.4699999988079071 -0.019999999552965164 0.0 -0.5099999904632568 -0.28999999165534973 0.0 0.0 -0.5099999904632568 -0.4699999988079071 0.0 0.0 -0.5099999904632568 -0.28999999165534973 0.0 0.0 -0.5099999904632568 -0.4699999988079071 0.0 0.0 -0.5099999904632568 -0.4699999988079071 0.0 0.0 -0.5099999904632568
4 -0.30000001192092896 0.0 0.0 -0.5099999904632568 -0.4699999988079071 0.0 0.0 -0.5099999904632568 -0.4699999988079071 0.0 0.0 -0.5099999904632568 -0.28999999165534973 0.0 0.0 -0.5099999904632568 -0.4699999988079071 0.0 0.0 -0.5099999904632568 -0.4699999988079071 -0.019999999552965164 0.0 -0.5099999904632568 -0.4699999988079071 -0.019999999552965164 0.0 -0.5099999904632568
40 -0.5099999904632568 0.0 -0.5099999904632568 -0.4699999988079071 0.0 0.0 -0.5099999904632568 -0.4699999988079071 0.0 0.0 -0.5099999904632568 -0.4699999988079071 0.0 0.0 -0.5099999904632568 -0.4699999988079071 0.0 0.0 -0.5099999904632568 -0.4699999988079071 0.0 0.0 -0.5099999904632568 -0.4699999988079071 0.0 0.0 -0.5099999904632568 -0.4699999988079071 0.0 0.0 -0.5099999904632568 -0.4699999988079071 0.0 0.0 -0.5099999904632568 -0.4699999988079071 0.0 0.0 -0.5099999904632568 -0.4699999988079071 0.0 0.0 -0.5099999904632568 -0.4699999988079071 0.0 0.0 -0.5099999904632568 -0.4699999988079071 0.0 0.0 -0.5099999904632568 -0.4699999988079071 0.0 0.0 -0.5099999904632568 -0.4699999988079071 0.0 0.0 -0.5099999904632568 -0.4699999988079071 0.0 0.0 -0.4699999988079071 0.0 0.0 -0.5099999904632568 -0.4699999988079071 0.0 0.0 -0.5099999904632568 -0.4699999988079071 0.0 0.0 -0.5099999904632568 -0.4699999988079071 0.0 0.0 -0.5099999904632568 -0.4699999988079071 0.0 0.0 -0.5099999904632568 -0.4699999988079071 0.0 0.0 -0.5099999904632568 -0.4699999988079071 0.0
400 -0.5099999904632568 0.0 -0.5099999904632568 -0.4699999988079071 -0.019999999552965164 0.0 -0.5099999904632568 -0.28999999165534973 0.0 0.0 -0.5099999904632568 -0.4699999988079071 0.0 0.0 -0.5099999904632568 -0.28999999165534973 0.0 0.0 -0.5099999904632568 -0.4699999988079071 0.0 0.0 -0.5099999904632568 -0.4699999988079071 0.0 0.0 -0.5099999904632568 -0.4699999988079071 0.0 0.0 -0.5099999904632568
401 -0.28999999165534973 0.0 0.0 -0.5099999904632568 -0.4699999988079071 0.0 0.0 -0.5099999904632568 -0.28999999165534973 0.0 0.0 -0.5099999904632568 -0.4699999988079071 0.0 0.0 -0.5099999904632568 -0.4699999988079071 0.0 0.0 -0.5099999904632568 -0.4699999988079071 0.0 0.0 -0.5099999904632568 -0.4699999988079071 0.0
402 -0.4699999988079071 0.0 0.0 -0.5099999904632568 -0.28999999165534973 0.0 0.0 -0.5099999904632568 -0.4699999988079071 0.0 0.0 -0.5099999904632568 -0.4699999988079071 0.0 0.0 -0.5099999904632568 -0.4699999988079071 0.0 0.0 -0.5099999904632568 -0.4699999988079071 0.0 0.0 -0.5099999904632568 -0.4699999988079071 0.0 -0.5099999904632568
403 0.0 0.0 -0.5099999904632568 -0.4699999988079071 0.0 0.0 -0.5099999904632568 -0.4699999988079071 0.0 0.0 -0.5099999904632568 -0.4699999988079071 0.0 0.0 -0.5099999904632568 -0.4699999988079071 0.0 0.0 -0.5099999904632568 -0.4699999988079071 0.0 0.0 -0.5099999904632568 -0.4699999988079071 0.0 0.0
404 -0.4699999988079071 0.0 0.0 -0.5099999904632568 -0.4699999988079071 0.0 0.0 -0.5099999904632568 -0.4699999988079071 0.0 0.0 -0.5099999904632568 -0.4699999988079071 0.0 0.0 -0.5099999904632568 -0.4699999988079071 0.0 0.0 -0.5099999904632568 -0.4699999988079071 0.0 0.0 -0.5099999904632568 -0.4699999988079071 -0.019999999552965164 0.0 -0.5099999904632568
405 -0.4699999988079071 0.0 0.0 -0.5099999904632568 -0.4699999988079071 0.0 0.0 -0.5099999904632568 -0.4699999988079071 0.0 0.0 -0.5099999904632568 -0.4699999988079071 0.0 0.0 -0.5099999904632568 -0.4699999988079071 0.0 0.0 -0.5099999904632568 -0.4699999988079071 -0.019999999552965164 0.0 -0.5099999904632568 -0.4699999988079071 0.0 0.0 -0.5099999904632568 -0.4699999988079071 -0.019999999552965164 0.0 -0.4699999988079071 -0.5099999904632568
406 0.0 0.0 -0.5099999904632568 -0.4699999988079071 0.0 0.0 -0.5099999904632568 -0.4699999988079071 0.0 0.0 -0.5099999904632568 -0.4699999988079071 0.0 0.0 -0.5099999904632568 -0.4699999988079071 -0.019999999552965164 0.0 -0.5099999904632568 -0.4699999988079071 0.0 0.0 -0.5099999904632568 -0.4699999988079071 -0.019999999552965164 0.0 -0.5099999904632568 -0.4699999988079071 0.0
407 -0.4699999988079071 0.0 0.0 -0.5099999904632568 -0.4699999988079071 0.0 0.0 -0.5099999904632568 -0.4699999988079071 0.0 0.0 -0.5099999904632568 -0.4699999988079071 -0.019999999552965164 0.0 -0.5099999904632568 -0.4699999988079071 0.0 0.0 -0.5099999904632568 -0.4699999988079071 -0.019999999552965164 0.0 -0.5099999904632568 -0.4699999988079071 0.0 0.0 -0.5099999904632568 -0.4699999988079071
408 -0.4699999988079071 0.0 0.0 -0.5099999904632568 -0.4699999988079071 0.0 0.0 -0.5099999904632568 -0.4699999988079071 -0.019999999552965164 0.0 -0.5099999904632568 -0.4699999988079071 0.0 0.0 -0.5099999904632568 -0.4699999988079071 -0.019999999552965164 0.0 -0.5099999904632568 -0.4699999988079071 0.0 0.0 -0.5099999904632568 -0.4699999988079071 0.0 0.0 -0.5099999904632568
409 -0.4699999988079071 0.0 0.0 -0.5099999904632568 -0.4699999988079071 -0.019999999552965164 0.0 -0.5099999904632568 -0.4699999988079071 0.0 0.0 -0.5099999904632568 -0.4699999988079071 -0.019999999552965164 0.0 -0.5099999904632568 -0.4699999988079071 0.0 0.0 -0.5099999904632568 -0.4699999988079071 0.0 0.0 -0.5099999904632568 -0.28999999165534973 0.0 0.0
41 -0.5099999904632568 0.0 -0.5099999904632568 -0.4699999988079071 0.0 0.0 -0.5099999904632568 -0.4699999988079071 0.0 0.0 -0.5099999904632568 -0.4699999988079071 0.0 0.0 -0.5099999904632568 -0.4699999988079071 0.0 0.0 -0.5099999904632568 -0.4699999988079071 0.0 0.0 -0.5099999904632568 -0.4699999988079071 0.0 0.0 -0.5099999904632568 -0.4699999988079071 0.0 0.0 -0.5099999904632568 -0.4699999988079071 0.0 0.0 -0.5099999904632568 -0.4699999988079071 0.0 0.0 -0.5099999904632568 -0.4699999988079071 0.0 0.0 -0.5099999904632568 -0.4699999988079071 0.0 0.0 -0.5099999904632568 -0.4699999988079071 0.0 0.0 -0.5099999904632568 -0.4699999988079071 0.0 0.0 -0.5099999904632568 -0.4699999988079071 0.0 0.0 -0.5099999904632568 -0.4699999988079071 0.0 0.0 -0.4699999988079071 0.0 0.0 -0.5099999904632568
410 0.0 -0.4699999988079071 -0.019999999552965164 0.0 -0.5099999904632568 -0.4699999988079071 0.0 0.0 -0.5099999904632568 -0.4699999988079071 -0.019999999552965164 0.0 -0.5099999904632568 -0.4699999988079071 0.0 0.0 -0.5099999904632568 -0.4699999988079071 0.0 0.0 -0.5099999904632568 -0.28999999165534973 0.0 0.0 -0.5099999904632568 -0.4699999988079071 0.0 -0.5099999904632568
411 -0.5099999904632568 0.0 0.0 -0.5099999904632568 -0.4699999988079071 -0.019999999552965164 0.0 -0.5099999904632568 -0.4699999988079071 0.0 0.0 -0.5099999904632568 -0.4699999988079071 0.0 0.0 -0.5099999904632568 -0.28999999165534973 0.0 0.0 -0.5099999904632568 -0.4699999988079071 0.0 0.0 -0.5099999904632568 -0.4699999988079071 -0.019999999552965164 0.0 -0.5099999904632568
412 -0.4699999988079071 -0.019999999552965164 0.0 -0.5099999904632568 -0.4699999988079071 0.0 0.0 -0.5099999904632568 -0.4699999988079071 0.0 0.0 -0.5099999904632568 -0.28999999165534973 0.0 0.0 -0.5099999904632568 -0.4699999988079071 0.0 0.0 -0.5099999904632568 -0.4699999988079071 -0.019999999552965164 0.0 -0.5099999904632568 -0.4699999988079071 0.0 0.0 -0.5099999904632568
413 -0.4699999988079071 0.0 0.0 -0.5099999904632568 -0.4699999988079071 0.0 0.0 -0.5099999904632568 -0.28999999165534973 0.0 0.0 -0.5099999904632568 -0.4699999988079071 0.0 0.0 -0.5099999904632568 -0.4699999988079071 -0.019999999552965164 0.0 -0.5099999904632568 -0.4699999988079071 0.0 0.0 -0.5099999904632568 -0.4699999988079071 0.0 0.0 -0.5099999904632568
414 0.0 0.0 -0.5099999904632568 -0.28999999165534973 0.0 0.0 -0.5099999904632568 -0.4699999988079071 0.0 0.0 -0.5099999904632568 -0.4699999988079071 -0.019999999552965164 0.0 -0.5099999904632568 -0.4699999988079071 0.0 0.0 -0.5099999904632568 -0.4699999988079071 0.0 0.0 -0.5099999904632568 -0.28999999165534973 0.0 0.0 -0.5099999904632568 -0.4699999988079071
415 0.0 0.0 -0.5099999904632568 -0.4699999988079071 0.0 0.0 -0.5099999904632568 -0.4699999988079071 -0.019999999552965164 0.0 -0.5099999904632568 -0.4699999988079071 0.0 0.0 -0.5099999904632568 -0.4699999988079071 0.0 0.0 -0.5099999904632568 -0.28999999165534973 0.0 0.0 -0.5099999904632568 -0.4699999988079071 -0.019999999552965164 0.0 -0.5099999904632568
416 0.0 0.0 -0.5099999904632568 -0.4699999988079071 -0.019999999552965164 0.0 -0.5099999904632568 -0.4699999988079071 0.0 0.0 -0.5099999904632568 -0.4699999988079071 0.0 0.0 -0.5099999904632568 -0.28999999165534973 0.0 0.0 -0.5099999904632568 -0.4699999988079071 -0.019999999552965164 0.0 -0.5099999904632568 -0.4699999988079071 0.0 0.0 -0.5099999904632568
417 -0.4699999988079071 -0.019999999552965164 0.0 -0.5099999904632568 -0.4699999988079071 0.0 0.0 -0.5099999904632568 -0.4699999988079071 0.0 0.0 -0.5099999904632568 -0.28999999165534973 0.0 0.0 -0.5099999904632568 -0.4699999988079071 -0.019999999552965164 0.0 -0.5099999904632568 -0.4699999988079071 0.0 0.0 -0.5099999904632568 -0.28999999165534973 0.0 0.0 -0.5099999904632568
418 -0.5099999904632568 -0.4699999988079071 0.0 0.0 -0.5099999904632568 -0.4699999988079071 0.0 0.0 -0.5099999904632568 -0.28999999165534973 0.0 0.0 -0.5099999904632568 -0.4699999988079071 -0.019999999552965164 0.0 -0.5099999904632568 -0.4699999988079071 0.0 0.0 -0.5099999904632568 -0.28999999165534973 0.0 0.0 -0.5099999904632568 -0.4699999988079071 0.0 0.0 -0.5099999904632568
419 0.0 0.0 -0.5099999904632568 -0.28999999165534973 0.0 0.0 -0.5099999904632568 -0.4699999988079071 -0.019999999552965164 0.0 -0.5099999904632568 -0.4699999988079071 0.0 0.0 -0.5099999904632568 -0.28999999165534973 0.0 0.0 -0.5099999904632568 -0.4699999988079071 0.0 0.0 -0.5099999904632568 -0.4699999988079071 0.0 0.0 -0.5099999904632568 -0.4699999988079071 0.0
42 -0.5099999904632568 0.0 -0.5099999904632568 -0.4699999988079071 0.0 0.0 -0.5099999904632568 -0.4699999988079071 0.0 0.0 -0.5099999904632568 -0.4699999988079071 0.0 0.0 -0.5099999904632568 -0.4699999988079071 0.0 0.0 -0.5099999904632568 -0.4699999988079071 0.0 0.0 -0.5099999904632568 -0.4699999988079071 0.0 0.0 -0.5099999904632568 -0.4699999988079071 0.0 0.0 -0.5099999904632568 -0.4699999988079071 0.0 0.0 -0.5099999904632568 -0.4699999988079071 0.0 0.0 -0.5099999904632568 -0.4699999988079071 0.0 0.0 -0.5099999904632568 -0.4699999988079071 0.0 0.0 -0.5099999904632568 -0.4699999988079071 0.0 0.0 -0.5099999904632568 -0.4699999988079071 0.0 0.0 -0.5099999904632568 -0.4699999988079071 0.0 0.0 -0.5099999904632568 -0.4699999988079071 0.0 0.0 -0.4699999988079071 0.0
420 -0.28999999165534973 0.0 0.0 -0.5099999904632568 -0.4699999988079071 -0.019999999552965164 0.0 -0.5099999904632568 -0.4699999988079071 0.0 0.0 -0.5099999904632568 -0.28999999165534973 0.0 0.0 -0.5099999904632568 -0.4699999988079071 0.0 0.0 -0.5099999904632568 -0.4699999988079071 0.0 0.0 -0.5099999904632568 -0.4699999988079071 0.0 0.0 -0.5099999904632568 -0.4699999988079071
421 0.0 -0.5099999904632568 -0.4699999988079071 -0.019999999552965164 0.0 -0.5099999904632568 -0.4699999988079071 0.0 0.0 -0.5099999904632568 -0.28999999165534973 0.0 0.0 -0.5099999904632568 -0.4699999988079071 0.0 0.0 -0.5099999904632568 -0.4699999988079071 0.0 0.0 -0.5099999904632568 -0.4699999988079071 0.0 0.0 -0.5099999904632568 -0.4699999988079071 0.0
422 -0.4699999988079071 0.0 0.0 -0.5099999904632568 -0.28999999165534973 0.0 0.0 -0.5099999904632568 -0.4699999988079071 0.0 0.0 -0.5099999904632568 -0.4699999988079071 0.0 0.0 -0.5099999904632568 -0.4699999988079071 0.0 0.0 -0.5099999904632568 -0.4699999988079071 0.0 0.0 -0.5099999904632568 -0.4699999988079071 0.0 0.0 -0.5099999904632568
423 -0.28999999165534973 0.0 0.0 -0.5099999904632568 -0.4699999988079071 0.0 0.0 -0.5099999904632568 -0.4699999988079071 0.0 0.0 -0.5099999904632568 -0.4699999988079071 0.0 0.0 -0.5099999904632568 -0.4699999988079071 0.0 0.0 -0.5099999904632568 -0.4699999988079071 0.0 0.0 -0.5099999904632568 -0.4699999988079071 0.0 0.0 -0.5099999904632568
424 -0.4699999988079071 0.0 0.0 -0.5099999904632568 -0.4699999988079071 0.0 0.0 -0.5099999904632568 -0.4699999988079071 0.0 0.0 -0.5099999904632568 -0.4699999988079071 0.0 0.0 -0.5099999904632568 -0.4699999988079071 0.0 0.0 -0.5099999904632568 -0.4699999988079071 0.0 0.0 -0.5099999904632568 -0.4699999988079071 0.0 0.0 -0.5099999904632568
425 -0.4699999988079071 0.0 0.0 -0.5099999904632568 -0.4699999988079071 0.0 0.0 -0.5099999904632568 -0.4699999988079071 0.0 0.0 -0.5099999904632568 -0.4699999988079071 0.0 0.0 -0.5099999904632568 -0.4699999988079071 0.0 0.0 -0.5099999904632568 -0.4699999988079071 0.0 0.0 -0.5099999904632568 -0.4699999988079071 0.0 0.0 -0.5099999904632568
426 -0.4699999988079071 0.0 0.0 -0.5099999904632568 -0.4699999988079071 0.0 0.0 -0.5099999904632568 -0.4699999988079071 0.0 0.0 -0.5099999904632568 -0.4699999988079071 0.0 0.0 -0.5099999904632568 -0.4699999988079071 0.0 0.0 -0.5099999904632568 -0.4699999988079071 0.0 0.0 -0.5099999904632568 -0.4699999988079071 0.0 0.0 -0.5099999904632568
427 0.0 0.0 -0.4699999988079071 0.0 0.0 -0.5099999904632568 -0.4699999988079071 0.0 0.0 -0.5099999904632568 -0.4699999988079071 0.0 0.0 -0.5099999904632568 -0.4699999988079071 0.0 0.0 -0.5099999904632568 -0.4699999988079071 0.0 0.0 -0.5099999904632568 -0.4699999988079071 0.0 0.0 -0.5099999904632568 -0.4699999988079071 0.0 0.0 -0.5099999904632568
428 -0.4699999988079071 0.0 0.0 -0.5099999904632568 -0.4699999988079071 0.0 0.0 -0.5099999904632568 -0.4699999988079071 0.0 0.0 -0.5099999904632568 -0.4699999988079071 0.0 0.0 -0.5099999904632568 -0.4699999988079071 0.0 0.0 -0.5099999904632568 -0.4699999988079071 0.0 0.0 -0.5099999904632568 -0.4699999988079071 0.0 0.0 -0.5099999904632568
429 -0.4699999988079071 0.0 0.0 -0.5099999904632568 -0.4699999988079071 0.0 0.0 -0.5099999904632568 -0.4699999988079071 0.0 0.0 -0.5099999904632568 -0.4699999988079071 0.0 0.0 -0.5099999904632568 -0.4699999988079071 0.0 0.0 -0.5099999904632568 -0.4699999988079071 0.0 0.0 -0.5099999904632568 -0.4699999988079071 0.0 0.0 -0.5099999904632568
43 -0.5099999904632568 0.0 0.0 -0.5099999904632568 -0.4699999988079071 0.0 0.0 -0.5099999904632568 -0.4699999988079071 0.0 0.0 -0.5099999904632568 -0.4699999988079071 0.0 0.0 -0.5099999904632568 -0.4699999988079071 0.0 0.0 -0.5099999904632568 -0.4699999988079071 0.0 0.0 -0.5099999904632568 -0.4699999988079071 0.0 0.0 -0.5099999904632568 -0.4699999988079071 0.0 0.0 -0.5099999904632568 -0.4699999988079071 0.0 0.0 -0.5099999904632568 -0.4699999988079071 0.0 0.0 -0.5099999904632568 -0.4699999988079071 0.0 0.0 -0.5099999904632568 -0.4699999988079071 0.0 0.0 -0.5099999904632568 -0.4699999988079071 0.0 0.0 -0.5099999904632568 -0.4699999988079071 0.0 0.0 -0.5099999904632568 -0.4699999988079071 0.0 0.0 -0.5099999904632568 -0.4699999988079071 0.0 0.0 -0.4699999988079071 0.0
430 -0.4699999988079071 0.0 0.0 -0.5099999904632568 -0.4699999988079071 0.0 0.0 -0.5099999904632568 -0.4699999988079071 0.0 0.0 -0.5099999904632568 -0.4699999988079071 0.0 0.0 -0.5099999904632568 -0.4699999988079071 0.0 0.0 -0.5099999904632568 -0.4699999988079071 0.0 0.0 -0.5099999904632568 -0.4699999988079071 -0.019999999552965164 0.0 -0.5099999904632568
431 -0.4699999988079071 0.0 0.0 -0.5099999904632568 -0.4699999988079071 0.0 0.0 -0.5099999904632568 -0.4699999988079071 0.0 0.0 -0.5099999904632568 -0.4699999988079071 0.0 0.0 -0.5099999904632568 -0.4699999988079071 0.0 0.0 -0.5099999904632568 -0.4699999988079071 -0.019999999552965164 0.0 -0.5099999904632568 -0.28999999165534973 0.0 0.0 -0.5099999904632568 -0.28999999165534973
432 -0.4699999988079071 0.0 0.0 -0.5099999904632568 -0.4699999988079071 0.0 0.0 -0.5099999904632568 -0.4699999988079071 0.0 0.0 -0.5099999904632568 -0.4699999988079071 0.0 0.0 -0.5099999904632568 -0.4699999988079071 -0.019999999552965164 0.0 -0.5099999904632568 -0.28999999165534973 0.0 0.0 -0.5099999904632568 -0.28999999165534973 0.0 0.0 -0.5099999904632568 -0.4699999988079071 0.0 0.0 -0.5099999904632568
433 -0.4699999988079071 0.0 0.0 -0.5099999904632568 -0.4699999988079071 0.0 0.0 -0.5099999904632568 -0.4699999988079071 0.0 0.0 -0.5099999904632568 -0.4699999988079071 -0.019999999552965164 0.0 -0.5099999904632568 -0.28999999165534973 0.0 0.0 -0.5099999904632568 -0.28999999165534973 0.0 0.0 -0.5099999904632568 -0.4699999988079071 0.0 0.0 -0.5099999904632568
434 0.0 0.0 -0.5099999904632568 -0.4699999988079071 0.0 0.0 -0.5099999904632568 -0.4699999988079071 -0.019999999552965164 0.0 -0.5099999904632568 -0.28999999165534973 0.0 0.0 -0.5099999904632568 -0.28999999165534973 0.0 0.0 -0.5099999904632568 -0.4699999988079071 0.0 0.0 -0.5099999904632568 -0.28999999165534973 0.0 0.0
435 0.0 0.0 -0.5099999904632568 -0.4699999988079071 0.0 0.0 -0.5099999904632568 -0.4699999988079071 -0.019999999552965164 0.0 -0.5099999904632568 -0.28999999165534973 0.0 0.0 -0.5099999904632568 -0.28999999165534973 0.0 0.0 -0.5099999904632568 -0.4699999988079071 0.0 0.0 -0.5099999904632568 -0.28999999165534973 0.0 0.0 -0.5099999904632568 -0.4699999988079071 -0.019999999552965164 0.0 -0.5099999904632568 -0.4699999988079071
436 -0.4699999988079071 -0.019999999552965164 0.0 -0.5099999904632568 -0.28999999165534973 0.0 0.0 -0.5099999904632568 -0.28999999165534973 0.0 0.0 -0.5099999904632568 -0.4699999988079071 0.0 0.0 -0.5099999904632568 -0.28999999165534973 0.0 0.0 -0.5099999904632568 -0.4699999988079071 -0.019999999552965164 0.0 -0.5099999904632568 -0.4699999988079071 0.0 0.0 -0.5099999904632568
437 0.0 0.0 -0.5099999904632568 -0.28999999165534973 0.0 0.0 -0.5099999904632568 -0.4699999988079071 0.0 0.0 -0.5099999904632568 -0.28999999165534973 0.0 0.0 -0.5099999904632568 -0.4699999988079071 -0.019999999552965164 0.0 -0.5099999904632568 -0.4699999988079071 0.0 0.0 -0.5099999904632568 -0.4699999988079071 0.0
438 -0.28999999165534973 0.0 0.0 -0.5099999904632568 -0.4699999988079071 0.0 0.0 -0.5099999904632568 -0.28999999165534973 0.0 0.0 -0.5099999904632568 -0.4699999988079071 -0.019999999552965164 0.0 -0.5099999904632568 -0.4699999988079071 0.0 0.0 -0.5099999904632568 -0.4699999988079071 0.0 0.0 -0.5099999904632568 -0.4699999988079071 0.0 0.0 -0.4699999988079071
439 -0.5099999904632568 0.0 0.0 -0.5099999904632568 -0.28999999165534973 0.0 0.0 -0.5099999904632568 -0.4699999988079071 -0.019999999552965164 0.0 -0.5099999904632568 -0.4699999988079071 0.0 0.0 -0.5099999904632568 -0.4699999988079071 0.0 0.0 -0.5099999904632568 -0.4699999988079071 0.0 0.0 -0.5099999904632568 -0.4699999988079071 -0.019999999552965164 0.0 -0.5099999904632568
44 -0.5099999904632568 0.0 -0.5099999904632568 -0.4699999988079071 0.0 0.0 -0.5099999904632568 -0.4699999988079071 0.0 0.0 -0.5099999904632568 -0.4699999988079071 0.0 0.0 -0.5099999904632568 -0.4699999988079071 0.0 0.0 -0.5099999904632568 -0.4699999988079071 0.0 0.0 -0.5099999904632568 -0.4699999988079071 0.0 0.0 -0.5099999904632568 -0.4699999988079071 0.0 0.0 -0.5099999904632568 -0.4699999988079071 0.0 0.0 -0.5099999904632568 -0.4699999988079071 0.0 0.0 -0.5099999904632568 -0.4699999988079071 0.0 0.0 -0.5099999904632568 -0.4699999988079071 0.0 0.0 -0.5099999904632568 -0.4699999988079071 0.0 0.0 -0.5099999904632568 -0.4699999988079071 0.0 0.0 -0.5099999904632568 -0.4699999988079071 0.0 0.0 -0.5099999904632568 -0.4699999988079071 0.0 0.0 -0.4699999988079071 0.0 0.0 -0.5099999904632568
440 0.0 0.0 -0.5099999904632568 -0.4699999988079071 -0.019999999552965164 0.0 -0.5099999904632568 -0.4699999988079071 0.0 0.0 -0.5099999904632568 -0.4699999988079071 0.0 0.0 -0.5099999904632568 -0.4699999988079071 0.0 0.0 -0.5099999904632568 -0.4699999988079071 -0.019999999552965164 0.0 -0.5099999904632568 -0.28999999165534973 0.0 0.0 -0.4699999988079071
441 -0.4699999988079071 -0.019999999552965164 0.0 -0.5099999904632568 -0.4699999988079071 0.0 0.0 -0.5099999904632568 -0.4699999988079071 0.0 0.0 -0.5099999904632568 -0.4699999988079071 0.0 0.0 -0.5099999904632568 -0.4699999988079071 -0.019999999552965164 0.0 -0.5099999904632568 -0.28999999165534973 0.0 0.0 -0.5099999904632568 -0.4699999988079071 0.0 0.0 -0.5099999904632568
442 0.0 -0.5099999904632568 -0.4699999988079071 0.0 0.0 -0.5099999904632568 -0.4699999988079071 0.0 0.0 -0.5099999904632568 -0.4699999988079071 0.0 0.0 -0.5099999904632568 -0.4699999988079071 -0.019999999552965164 0.0 -0.5099999904632568 -0.28999999165534973 0.0 0.0 -0.5099999904632568 -0.4699999988079071 0.0 0.0 -0.5099999904632568 -0.4699999988079071 0.0 0.0 -0.5099999904632568
443 0.0 0.0 -0.5099999904632568 -0.4699999988079071 0.0 0.0 -0.5099999904632568 -0.4699999988079071 -0.019999999552965164 0.0 -0.5099999904632568 -0.28999999165534973 0.0 0.0 -0.5099999904632568 -0.4699999988079071 0.0 0.0 -0.5099999904632568 -0.4699999988079071 0.0 0.0 -0.5099999904632568 -0.28999999165534973 0.0 0.0 -0.4699999988079071
444 0.0 -0.5099999904632568 -0.4699999988079071 0.0 0.0 -0.5099999904632568 -0.4699999988079071 -0.019999999552965164 0.0 -0.5099999904632568 -0.28999999165534973 0.0 0.0 -0.5099999904632568 -0.4699999988079071 0.0 0.0 -0.5099999904632568 -0.4699999988079071 0.0 0.0 -0.5099999904632568 -0.28999999165534973 0.0 0.0 -0.5099999904632568 -0.4699999988079071 0.0 0.0 -0.5099999904632568 -0.28999999165534973
445 -0.4699999988079071 -0.019999999552965164 0.0 -0.5099999904632568 -0.28999999165534973 0.0 0.0 -0.5099999904632568 -0.4699999988079071 0.0 0.0 -0.5099999904632568 -0.4699999988079071 0.0 0.0 -0.5099999904632568 -0.28999999165534973 0.0 0.0 -0.5099999904632568 -0.4699999988079071 0.0 0.0 -0.5099999904632568 -0.28999999165534973 0.0 0.0 -0.5099999904632568 -0.4699999988079071 0.0 0.0 -0.5099999904632568
446 -0.28999999165534973 0.0 0.0 -0.5099999904632568 -0.4699999988079071 0.0 0.0 -0.5099999904632568 -0.4699999988079071 0.0 0.0 -0.5099999904632568 -0.28999999165534973 0.0 0.0 -0.5099999904632568 -0.4699999988079071 0.0 0.0 -0.5099999904632568 -0.28999999165534973 0.0 0.0 -0.5099999904632568 -0.4699999988079071 0.0 0.0 -0.5099999904632568 -0.4699999988079071 0.0
447 0.0 0.0 -0.5099999904632568 -0.4699999988079071 0.0 0.0 -0.5099999904632568 -0.4699999988079071 0.0 0.0 -0.5099999904632568 -0.28999999165534973 0.0 0.0 -0.5099999904632568 -0.4699999988079071 0.0 0.0 -0.5099999904632568 -0.28999999165534973 0.0 0.0 -0.5099999904632568 -0.4699999988079071 0.0 0.0 -0.5099999904632568 -0.4699999988079071 0.0 0.0 -0.5099999904632568 -0.4699999988079071 -0.019999999552965164
448 0.0 -0.5099999904632568 -0.4699999988079071 0.0 0.0 -0.5099999904632568 -0.28999999165534973 0.0 0.0 -0.5099999904632568 -0.4699999988079071 0.0 0.0 -0.5099999904632568 -0.28999999165534973 0.0 0.0 -0.5099999904632568 -0.4699999988079071 0.0 0.0 -0.5099999904632568 -0.4699999988079071 0.0 0.0 -0.5099999904632568 -0.4699999988079071 -0.019999999552965164 0.0 -0.5099999904632568 -0.4699999988079071 0.0
449 0.0 -0.5099999904632568 0.0 0.0 -0.5099999904632568 -0.28999999165534973 0.0 0.0 -0.5099999904632568 -0.4699999988079071 0.0 0.0 -0.5099999904632568 -0.28999999165534973 0.0 0.0 -0.5099999904632568 -0.4699999988079071 0.0 0.0 -0.5099999904632568 -0.4699999988079071 0.0 0.0 -0.5099999904632568 -0.4699999988079071 -0.019999999552965164 0.0 -0.5099999904632568 -0.4699999988079071 0.0 0.0 -0.5099999904632568 -0.4699999988079071
45 -0.5099999904632568 0.0 -0.5099999904632568 -0.4699999988079071 0.0 0.0 -0.5099999904632568 -0.4699999988079071 0.0 0.0 -0.5099999904632568 -0.4699999988079071 0.0 0.0 -0.5099999904632568 -0.4699999988079071 0.0 0.0 -0.5099999904632568 -0.4699999988079071 0.0 0.0 -0.5099999904632568 -0.4699999988079071 0.0 0.0 -0.5099999904632568 -0.4699999988079071 0.0 0.0 -0.5099999904632568 -0.4699999988079071 0.0 0.0 -0.5099999904632568 -0.4699999988079071 0.0 0.0 -0.5099999904632568 -0.4699999988079071 0.0 0.0 -0.5099999904632568 -0.4699999988079071 0.0 0.0 -0.5099999904632568 -0.4699999988079071 0.0 0.0 -0.5099999904632568 -0.4699999988079071 0.0 0.0 -0.5099999904632568 -0.4699999988079071 0.0 0.0 -0.5099999904632568 -0.4699999988079071 0.0 0.0 -0.4699999988079071 0.0
450 -0.5099999904632568 0.0 0.0 -0.5099999904632568 -0.4699999988079071 0.0 0.0 -0.5099999904632568 -0.28999999165534973 0.0 0.0 -0.5099999904632568 -0.4699999988079071 0.0 0.0 -0.5099999904632568 -0.4699999988079071 0.0 0.0 -0.5099999904632568 -0.4699999988079071 -0.019999999552965164 0.0 -0.5099999904632568 -0.4699999988079071 0.0 0.0 -0.5099999904632568 -0.4699999988079071 0.0 0.0 -0.5099999904632568 -0.4699999988079071 -0.5099999904632568
451 0.0 -0.5099999904632568 -0.28999999165534973 0.0 0.0 -0.5099999904632568 -0.4699999988079071 0.0 0.0 -0.5099999904632568 -0.4699999988079071 0.0 0.0 -0.5099999904632568 -0.4699999988079071 -0.019999999552965164 0.0 -0.5099999904632568 -0.4699999988079071 0.0 0.0 -0.5099999904632568 -0.4699999988079071 0.0 0.0 -0.5099999904632568 -0.4699999988079071 0.0 0.0 -0.5099999904632568 -0.4699999988079071
452 -0.4699999988079071 0.0 0.0 -0.5099999904632568 -0.4699999988079071 0.0 0.0 -0.5099999904632568 -0.4699999988079071 0.0 0.0 -0.5099999904632568 -0.4699999988079071 0.0 0.0 -0.5099999904632568 -0.4699999988079071 -0.4699999988079071 0.0 0.0 -0.5099999904632568 -0.4699999988079071 0.0 0.0 0.0 -0.5099999904632568 -0.4699999988079071 0.0 0.0 -0.5099999904632568 -0.4699999988079071 0.0 0.0 -0.5099999904632568 -0.4699999988079071 -0.019999999552965164 0.0 -0.5099999904632568 -0.4699999988079071 0.0 0.0 -0.5099999904632568 -0.4699999988079071 0.0 0.0 -0.5099999904632568 -0.4699999988079071 0.0 0.0 -0.5099999904632568 -0.4699999988079071 0.0 0.0 -0.5099999904632568 -0.4699999988079071 0.0 0.0
453 0.0 -0.5099999904632568 -0.4699999988079071 0.0 0.0 -0.5099999904632568 -0.4699999988079071 0.0 0.0 -0.5099999904632568 -0.4699999988079071 -0.019999999552965164 0.0 -0.5099999904632568 -0.4699999988079071 0.0 0.0 -0.5099999904632568 -0.4699999988079071 0.0 0.0 -0.5099999904632568 -0.4699999988079071 0.0 0.0 -0.5099999904632568 -0.4699999988079071 0.0 0.0 -0.5099999904632568 -0.4699999988079071 0.0 0.0 -0.5099999904632568 -0.4699999988079071
454 0.0 0.0 -0.5099999904632568 -0.4699999988079071 -0.019999999552965164 0.0 -0.5099999904632568 -0.4699999988079071 0.0 0.0 -0.5099999904632568 -0.4699999988079071 0.0 0.0 -0.5099999904632568 -0.4699999988079071 0.0 0.0 -0.5099999904632568 -0.4699999988079071 0.0 0.0 -0.5099999904632568 -0.4699999988079071 0.0 0.0 -0.5099999904632568 -0.4699999988079071 0.0 0.0 -0.5099999904632568
455 0.0 -0.5099999904632568 -0.4699999988079071 0.0 0.0 -0.5099999904632568 -0.4699999988079071 0.0 0.0 -0.5099999904632568 -0.4699999988079071 0.0 0.0 -0.5099999904632568 -0.4699999988079071 0.0 0.0 -0.5099999904632568 -0.4699999988079071 0.0 0.0 -0.5099999904632568 -0.4699999988079071 0.0 0.0 -0.5099999904632568 -0.28999999165534973 0.0 0.0 -0.5099999904632568 -0.28999999165534973
456 0.0 0.0 -0.5099999904632568 -0.4699999988079071 0.0 0.0 -0.5099999904632568 -0.4699999988079071 0.0 0.0 -0.5099999904632568 -0.4699999988079071 0.0 0.0 -0.5099999904632568 -0.4699999988079071 0.0 0.0 -0.5099999904632568 -0.4699999988079071 0.0 0.0 -0.5099999904632568 -0.28999999165534973 0.0 0.0 -0.5099999904632568 -0.28999999165534973 0.0 0.0 -0.5099999904632568 -0.4699999988079071
457 -0.5099999904632568 0.0 0.0 -0.5099999904632568 -0.4699999988079071 0.0 0.0 -0.5099999904632568 -0.4699999988079071 0.0 0.0 -0.5099999904632568 -0.4699999988079071 0.0 0.0 -0.5099999904632568 -0.4699999988079071 0.0 0.0 -0.5099999904632568 -0.28999999165534973 0.0 0.0 -0.5099999904632568 -0.28999999165534973 0.0 0.0 -0.5099999904632568 -0.4699999988079071 0.0 0.0 -0.5099999904632568 -0.4699999988079071
458 0.0 -0.4699999988079071 0.0 0.0 -0.5099999904632568 -0.4699999988079071 0.0 0.0 -0.5099999904632568 -0.4699999988079071 0.0 0.0 -0.5099999904632568 -0.28999999165534973 0.0 0.0 -0.5099999904632568 -0.28999999165534973 0.0 0.0 -0.5099999904632568 -0.4699999988079071 0.0 0.0 -0.5099999904632568 -0.4699999988079071 0.0 0.0 -0.5099999904632568 -0.4699999988079071
459 0.0 -0.5099999904632568 -0.4699999988079071 0.0 0.0 -0.5099999904632568 -0.4699999988079071 0.0 0.0 -0.5099999904632568 -0.28999999165534973 0.0 0.0 -0.5099999904632568 -0.28999999165534973 0.0 0.0 -0.5099999904632568 -0.4699999988079071 0.0 0.0 -0.5099999904632568 -0.4699999988079071 0.0 0.0 -0.5099999904632568 -0.4699999988079071 0.0 0.0 -0.5099999904632568
46 -0.5099999904632568 0.0 -0.5099999904632568 -0.4699999988079071 0.0 0.0 -0.5099999904632568 -0.4699999988079071 0.0 0.0 -0.5099999904632568 -0.4699999988079071 0.0 0.0 -0.5099999904632568 -0.4699999988079071 0.0 0.0 -0.5099999904632568 -0.4699999988079071 0.0 0.0 -0.5099999904632568 -0.4699999988079071 0.0 0.0 -0.5099999904632568 -0.4699999988079071 0.0 0.0 -0.5099999904632568 -0.4699999988079071 0.0 0.0 -0.5099999904632568 -0.4699999988079071 0.0 0.0 -0.5099999904632568 -0.4699999988079071 0.0 0.0 -0.5099999904632568 -0.4699999988079071 0.0 0.0 -0.5099999904632568 -0.4699999988079071 0.0 0.0 -0.5099999904632568 -0.4699999988079071 0.0 0.0 -0.5099999904632568 -0.4699999988079071 0.0 0.0 -0.5099999904632568 -0.4699999988079071 0.0 0.0 -0.4699999988079071
460 0.0 -0.5099999904632568 -0.4699999988079071 0.0 0.0 -0.5099999904632568 -0.28999999165534973 0.0 0.0 -0.5099999904632568 -0.28999999165534973 0.0 0.0 -0.5099999904632568 -0.4699999988079071 0.0 0.0 -0.5099999904632568 -0.4699999988079071 0.0 0.0 -0.5099999904632568 -0.4699999988079071 0.0 0.0 -0.5099999904632568 -0.4699999988079071 0.0 0.0 -0.5099999904632568
461 -0.28999999165534973 0.0 0.0 -0.5099999904632568 -0.28999999165534973 0.0 0.0 -0.5099999904632568 -0.4699999988079071 0.0 0.0 -0.5099999904632568 -0.4699999988079071 0.0 0.0 -0.5099999904632568 -0.4699999988079071 0.0 0.0 -0.5099999904632568 -0.4699999988079071 0.0 0.0 -0.5099999904632568 -0.4699999988079071 0.0 0.0 -0.5099999904632568
462 0.0 -0.5099999904632568 -0.28999999165534973 0.0 0.0 -0.5099999904632568 -0.4699999988079071 0.0 0.0 -0.5099999904632568 -0.4699999988079071 0.0 0.0 -0.5099999904632568 -0.4699999988079071 0.0 0.0 -0.5099999904632568 -0.4699999988079071 0.0 0.0 -0.5099999904632568 -0.4699999988079071 0.0 0.0 -0.5099999904632568 -0.28999999165534973 0.0
463 -0.4699999988079071 0.0 0.0 -0.5099999904632568 -0.4699999988079071 0.0 0.0 -0.5099999904632568 -0.4699999988079071 0.0 0.0 -0.5099999904632568 -0.4699999988079071 0.0 0.0 -0.5099999904632568 -0.4699999988079071 0.0 0.0 -0.5099999904632568 -0.28999999165534973 0.0 0.0 -0.5099999904632568 -0.4699999988079071 0.0 -0.5099999904632568
464 0.0 0.0 -0.5099999904632568 -0.4699999988079071 0.0 0.0 -0.5099999904632568 -0.4699999988079071 0.0 0.0 -0.5099999904632568 -0.4699999988079071 0.0 0.0 -0.5099999904632568 -0.28999999165534973 0.0 0.0 -0.5099999904632568 -0.4699999988079071 0.0 0.0 -0.5099999904632568 -0.28999999165534973 0.0 0.0
465 0.0 0.0 -0.5099999904632568 -0.4699999988079071 0.0 0.0 -0.5099999904632568 -0.4699999988079071 0.0 0.0 -0.5099999904632568 -0.28999999165534973 0.0 0.0 -0.5099999904632568 -0.4699999988079071 0.0 0.0 -0.5099999904632568 -0.28999999165534973 0.0 0.0 -0.5099999904632568 -0.4699999988079071 -0.019999999552965164
466 0.0 0.0 -0.5099999904632568 -0.4699999988079071 0.0 0.0 -0.5099999904632568 -0.28999999165534973 0.0 0.0 -0.5099999904632568 -0.4699999988079071 0.0 0.0 -0.5099999904632568 -0.28999999165534973 0.0 0.0 -0.5099999904632568 -0.4699999988079071 -0.019999999552965164 0.0 -0.5099999904632568 -0.4699999988079071 -0.019999999552965164 -0.5099999904632568
467 0.0 0.0 -0.5099999904632568 -0.28999999165534973 0.0 0.0 -0.5099999904632568 -0.4699999988079071 0.0 0.0 -0.5099999904632568 -0.28999999165534973 0.0 0.0 -0.5099999904632568 -0.4699999988079071 -0.019999999552965164 0.0 -0.5099999904632568 -0.4699999988079071 -0.019999999552965164 0.0 -0.5099999904632568 -0.28999999165534973 0.0
468 0.0 0.0 -0.5099999904632568 -0.4699999988079071 0.0 0.0 -0.5099999904632568 -0.28999999165534973 0.0 0.0 -0.5099999904632568 -0.4699999988079071 -0.019999999552965164 0.0 -0.5099999904632568 -0.4699999988079071 -0.019999999552965164 0.0 -0.5099999904632568 -0.28999999165534973 0.0 0.0 -0.5099999904632568 -0.4699999988079071 0.0 0.0 -0.5099999904632568
469 0.0 0.0 -0.5099999904632568 -0.28999999165534973 0.0 0.0 -0.5099999904632568 -0.4699999988079071 -0.019999999552965164 0.0 -0.5099999904632568 -0.4699999988079071 -0.019999999552965164 0.0 -0.5099999904632568 -0.28999999165534973 0.0 0.0 -0.5099999904632568 -0.4699999988079071 0.0 0.0 -0.5099999904632568 -0.4699999988079071 0.0 0.0 -0.5099999904632568
47 -0.5099999904632568 0.0 -0.5099999904632568 -0.4699999988079071 0.0 0.0 -0.5099999904632568 -0.4699999988079071 0.0 0.0 -0.5099999904632568 -0.4699999988079071 0.0 0.0 -0.5099999904632568 -0.4699999988079071 0.0 0.0 -0.5099999904632568 -0.4699999988079071 0.0 0.0 -0.5099999904632568 -0.4699999988079071 0.0 0.0 -0.5099999904632568 -0.4699999988079071 0.0 0.0 -0.5099999904632568 -0.4699999988079071 0.0 0.0 -0.5099999904632568 -0.4699999988079071 0.0 0.0 -0.5099999904632568 -0.4699999988079071 0.0 0.0 -0.5099999904632568 -0.4699999988079071 0.0 0.0 -0.5099999904632568 -0.4699999988079071 0.0 0.0 -0.5099999904632568 -0.4699999988079071 0.0 0.0 -0.5099999904632568 -0.4699999988079071 0.0 0.0 -0.5099999904632568 -0.4699999988079071 0.0 0.0 -0.4699999988079071 0.0
470 0.0 0.0 -0.5099999904632568 -0.4699999988079071 -0.019999999552965164 0.0 -0.5099999904632568 -0.4699999988079071 -0.019999999552965164 0.0 -0.5099999904632568 -0.28999999165534973 0.0 0.0 -0.5099999904632568 -0.4699999988079071 0.0 0.0 -0.5099999904632568 -0.4699999988079071 0.0 0.0 -0.5099999904632568 -0.4699999988079071 0.0 -0.5099999904632568
471 -0.4699999988079071 -0.019999999552965164 0.0 -0.5099999904632568 -0.4699999988079071 -0.019999999552965164 0.0 -0.5099999904632568 -0.28999999165534973 0.0 0.0 -0.5099999904632568 -0.4699999988079071 0.0 0.0 -0.5099999904632568 -0.4699999988079071 0.0 0.0 -0.5099999904632568 -0.4699999988079071 0.0 0.0 -0.5099999904632568 -0.28999999165534973 0.0 0.0
472 -0.019999999552965164 0.0 -0.5099999904632568 -0.28999999165534973 0.0 0.0 -0.5099999904632568 -0.4699999988079071 0.0 0.0 -0.5099999904632568 -0.4699999988079071 0.0 0.0 -0.5099999904632568 -0.4699999988079071 0.0 0.0 -0.5099999904632568 -0.28999999165534973 0.0 0.0 -0.5099999904632568 -0.4699999988079071 0.0 0.0 -0.5099999904632568
473 0.0 0.0 -0.5099999904632568 -0.4699999988079071 0.0 0.0 -0.5099999904632568 -0.4699999988079071 0.0 0.0 -0.5099999904632568 -0.4699999988079071 0.0 0.0 -0.5099999904632568 -0.28999999165534973 0.0 0.0 -0.5099999904632568 -0.4699999988079071 0.0 0.0 -0.5099999904632568 -0.4699999988079071 0.0 -0.5099999904632568
474 0.0 0.0 -0.5099999904632568 -0.4699999988079071 0.0 0.0 -0.5099999904632568 -0.4699999988079071 0.0 0.0 -0.5099999904632568 -0.28999999165534973 0.0 0.0 -0.5099999904632568 -0.4699999988079071 0.0 0.0 -0.5099999904632568 -0.4699999988079071 0.0 0.0 -0.5099999904632568 -0.28999999165534973 0.0 0.0 -0.5099999904632568 -0.4699999988079071 0.0
475 -0.5099999904632568 -0.4699999988079071 0.0 0.0 -0.5099999904632568 -0.4699999988079071 0.0 0.0 -0.5099999904632568 -0.28999999165534973 0.0 0.0 -0.5099999904632568 -0.4699999988079071 0.0 0.0 -0.5099999904632568 -0.4699999988079071 0.0 0.0 -0.5099999904632568 -0.28999999165534973 0.0 0.0 -0.5099999904632568 -0.4699999988079071 0.0 0.0 -0.5099999904632568
476 -0.4699999988079071 0.0 0.0 -0.5099999904632568 -0.28999999165534973 0.0 0.0 -0.5099999904632568 -0.4699999988079071 0.0 0.0 -0.5099999904632568 -0.4699999988079071 0.0 0.0 -0.5099999904632568 -0.28999999165534973 0.0 0.0 -0.5099999904632568 -0.4699999988079071 0.0 0.0 -0.5099999904632568 -0.4699999988079071 0.0 0.0 -0.4699999988079071
477 0.0 0.0 -0.5099999904632568 -0.4699999988079071 0.0 0.0 -0.5099999904632568 -0.4699999988079071 0.0 0.0 -0.5099999904632568 -0.28999999165534973 0.0 0.0 -0.5099999904632568 -0.4699999988079071 0.0 0.0 -0.5099999904632568 -0.4699999988079071 0.0 0.0 -0.5099999904632568 -0.4699999988079071 0.0 0.0 -0.5099999904632568 -0.4699999988079071
478 0.0 0.0 -0.5099999904632568 -0.28999999165534973 0.0 0.0 -0.5099999904632568 -0.4699999988079071 0.0 0.0 -0.5099999904632568 -0.4699999988079071 0.0 0.0 -0.5099999904632568 -0.28999999165534973 0.0 0.0 -0.5099999904632568 -0.4699999988079071 0.0 0.0 -0.5099999904632568 -0.4699999988079071 0.0 0.0 -0.5099999904632568 -0.4699999988079071 0.0 0.0 -0.5099999904632568 -0.4699999988079071 0.0 0.0 -0.5099999904632568 -0.4699999988079071 0.0 0.0 -0.5099999904632568
479 -0.4699999988079071 0.0 0.0 -0.5099999904632568 -0.28999999165534973 0.0 0.0 -0.5099999904632568 -0.4699999988079071 0.0 0.0 -0.5099999904632568 -0.4699999988079071 0.0 0.0 -0.5099999904632568 -0.4699999988079071 0.0 0.0 -0.5099999904632568 -0.4699999988079071 0.0 0.0 -0.5099999904632568 -0.4699999988079071 0.0 0.0 -0.5099999904632568
48 -0.5099999904632568 0.0 -0.5099999904632568 -0.4699999988079071 0.0 0.0 -0.5099999904632568 -0.4699999988079071 0.0 0.0 -0.5099999904632568 -0.4699999988079071 0.0 0.0 -0.5099999904632568 -0.4699999988079071 0.0 0.0 -0.5099999904632568 -0.4699999988079071 0.0 0.0 -0.5099999904632568 -0.4699999988079071 0.0 0.0 -0.5099999904632568 -0.4699999988079071 0.0 0.0 -0.5099999904632568 -0.4699999988079071 0.0 0.0 -0.5099999904632568 -0.4699999988079071 0.0 0.0 -0.5099999904632568 -0.4699999988079071 0.0 0.0 -0.5099999904632568 -0.4699999988079071 0.0 0.0 -0.5099999904632568 -0.4699999988079071 0.0 0.0 -0.5099999904632568 -0.4699999988079071 0.0 0.0 -0.5099999904632568 -0.4699999988079071 0.0 0.0 -0.5099999904632568 -0.4699999988079071 0.0 0.0 -0.4699999988079071 0.0
480 0.0 -0.5099999904632568 -0.28999999165534973 0.0 0.0 -0.5099999904632568 -0.4699999988079071 0.0 0.0 -0.5099999904632568 -0.4699999988079071 0.0 0.0 -0.5099999904632568 -0.4699999988079071 0.0 0.0 -0.5099999904632568 -0.4699999988079071 0.0 0.0 -0.5099999904632568 -0.4699999988079071 0.0 0.0 -0.5099999904632568 -0.28999999165534973 0.0 0.0 -0.5099999904632568 -0.4699999988079071 0.0
481 0.0 -0.5099999904632568 -0.4699999988079071 0.0 0.0 -0.5099999904632568 -0.4699999988079071 0.0 0.0 -0.5099999904632568 -0.4699999988079071 0.0 0.0 -0.5099999904632568 -0.4699999988079071 0.0 0.0 -0.5099999904632568 -0.4699999988079071 0.0 0.0 -0.5099999904632568 -0.28999999165534973 0.0 0.0 -0.5099999904632568 -0.4699999988079071 0.0 0.0 -0.5099999904632568 -0.4699999988079071
482 -0.5099999904632568 0.0 0.0 -0.5099999904632568 -0.4699999988079071 0.0 0.0 -0.5099999904632568 -0.4699999988079071 0.0 0.0 -0.5099999904632568 -0.4699999988079071 0.0 0.0 -0.5099999904632568 -0.4699999988079071 0.0 0.0 -0.5099999904632568 -0.28999999165534973 0.0 0.0 -0.5099999904632568 -0.4699999988079071 0.0 0.0 -0.5099999904632568 -0.4699999988079071 0.0 0.0 -0.5099999904632568 -0.4699999988079071 0.0
483 0.0 -0.5099999904632568 -0.4699999988079071 0.0 0.0 -0.5099999904632568 -0.4699999988079071 0.0 0.0 -0.5099999904632568 -0.4699999988079071 0.0 0.0 -0.5099999904632568 -0.28999999165534973 0.0 0.0 -0.5099999904632568 -0.4699999988079071 0.0 0.0 -0.5099999904632568 -0.4699999988079071 0.0 0.0 -0.5099999904632568 -0.4699999988079071 0.0 0.0 -0.5099999904632568 -0.4699999988079071
484 0.0 0.0 -0.5099999904632568 -0.4699999988079071 0.0 0.0 -0.5099999904632568 -0.4699999988079071 0.0 0.0 -0.5099999904632568 -0.28999999165534973 0.0 0.0 -0.5099999904632568 -0.4699999988079071 0.0 0.0 -0.5099999904632568 -0.4699999988079071 0.0 0.0 -0.5099999904632568 -0.4699999988079071 0.0 0.0 -0.5099999904632568 -0.4699999988079071 0.0 0.0 -0.5099999904632568
485 0.0 -0.5099999904632568 -0.4699999988079071 0.0 0.0 -0.5099999904632568 -0.28999999165534973 0.0 0.0 -0.5099999904632568 -0.4699999988079071 0.0 0.0 -0.5099999904632568 -0.4699999988079071 0.0 0.0 -0.5099999904632568 -0.4699999988079071 0.0 0.0 -0.5099999904632568 -0.4699999988079071 0.0 0.0 -0.5099999904632568 -0.4699999988079071 -0.019999999552965164 0.0 -0.5099999904632568
486 0.0 -0.5099999904632568 -0.28999999165534973 0.0 0.0 -0.5099999904632568 -0.4699999988079071 0.0 0.0 -0.5099999904632568 -0.4699999988079071 0.0 0.0 -0.5099999904632568 -0.4699999988079071 0.0 0.0 -0.5099999904632568 -0.4699999988079071 0.0 0.0 -0.5099999904632568 -0.4699999988079071 -0.019999999552965164 0.0 -0.5099999904632568 -0.4699999988079071 0.0 0.0 -0.5099999904632568
487 0.0 -0.5099999904632568 -0.4699999988079071 0.0 0.0 -0.5099999904632568 -0.4699999988079071 0.0 0.0 -0.5099999904632568 -0.4699999988079071 0.0 0.0 -0.5099999904632568 -0.4699999988079071 0.0 0.0 -0.5099999904632568 -0.4699999988079071 -0.019999999552965164 0.0 -0.5099999904632568 -0.4699999988079071 0.0 0.0 -0.5099999904632568 -0.4699999988079071 0.0 0.0 -0.5099999904632568 -0.4699999988079071
488 -0.4699999988079071 0.0 0.0 -0.5099999904632568 -0.4699999988079071 0.0 0.0 -0.5099999904632568 -0.4699999988079071 0.0 0.0 -0.5099999904632568 -0.4699999988079071 -0.019999999552965164 0.0 -0.5099999904632568 -0.4699999988079071 0.0 0.0 -0.5099999904632568 -0.4699999988079071 0.0 0.0 -0.5099999904632568 -0.4699999988079071 -0.019999999552965164 0.0
489 -0.4699999988079071 0.0 0.0 -0.5099999904632568 -0.4699999988079071 0.0 0.0 -0.5099999904632568 -0.4699999988079071 -0.019999999552965164 0.0 -0.5099999904632568 -0.4699999988079071 0.0 0.0 -0.5099999904632568 -0.4699999988079071 0.0 0.0 -0.5099999904632568 -0.4699999988079071 -0.019999999552965164 0.0 -0.5099999904632568 -0.4699999988079071 0.0 0.0 -0.5099999904632568
49 0.0 -0.5099999904632568 -0.4699999988079071 0.0 0.0 -0.5099999904632568 -0.4699999988079071 0.0 0.0 -0.5099999904632568 -0.4699999988079071 0.0 0.0 -0.5099999904632568 -0.4699999988079071 0.0 0.0 -0.5099999904632568 -0.4699999988079071 0.0 0.0 -0.5099999904632568 -0.4699999988079071 0.0 0.0 -0.5099999904632568 -0.4699999988079071 0.0 0.0 -0.5099999904632568 -0.4699999988079071 0.0 0.0 -0.5099999904632568 -0.4699999988079071 0.0 0.0 -0.5099999904632568 -0.4699999988079071 0.0 0.0 -0.5099999904632568 -0.4699999988079071 0.0 0.0 -0.5099999904632568 -0.4699999988079071 0.0 0.0 -0.5099999904632568 -0.4699999988079071 0.0 0.0 -0.5099999904632568 -0.4699999988079071 0.0 0.0 -0.5099999904632568 -0.4699999988079071 0.0 0.0 -0.4699999988079071 0.0
490 -0.4699999988079071 0.0 0.0 -0.5099999904632568 -0.4699999988079071 -0.019999999552965164 0.0 -0.5099999904632568 -0.4699999988079071 0.0 0.0 -0.5099999904632568 -0.4699999988079071 0.0 0.0 -0.5099999904632568 -0.4699999988079071 -0.019999999552965164 0.0 -0.5099999904632568 -0.4699999988079071 0.0 0.0 -0.5099999904632568 -0.28999999165534973 0.0 0.0 -0.5099999904632568
491 -0.4699999988079071 -0.019999999552965164 0.0 -0.5099999904632568 -0.4699999988079071 0.0 0.0 -0.5099999904632568 -0.4699999988079071 0.0 0.0 -0.5099999904632568 -0.4699999988079071 -0.019999999552965164 0.0 -0.5099999904632568 -0.4699999988079071 0.0 0.0 -0.5099999904632568 -0.28999999165534973 0.0 0.0 -0.5099999904632568 -0.4699999988079071 0.0 0.0 -0.5099999904632568
492 -0.4699999988079071 0.0 0.0 -0.5099999904632568 -0.4699999988079071 0.0 0.0 -0.5099999904632568 -0.4699999988079071 -0.019999999552965164 0.0 -0.5099999904632568 -0.4699999988079071 0.0 0.0 -0.5099999904632568 -0.28999999165534973 0.0 0.0 -0.5099999904632568 -0.4699999988079071 0.0 0.0 -0.5099999904632568 -0.28999999165534973 0.0 0.0
493 0.0 0.0 -0.5099999904632568 -0.4699999988079071 -0.019999999552965164 0.0 -0.5099999904632568 -0.4699999988079071 0.0 0.0 -0.5099999904632568 -0.28999999165534973 0.0 0.0 -0.5099999904632568 -0.4699999988079071 0.0 0.0 -0.5099999904632568 -0.28999999165534973 0.0 0.0 -0.5099999904632568 -0.4699999988079071 0.0 0.0 -0.5099999904632568
494 -0.4699999988079071 -0.019999999552965164 0.0 -0.5099999904632568 -0.4699999988079071 0.0 0.0 -0.5099999904632568 -0.28999999165534973 0.0 0.0 -0.5099999904632568 -0.4699999988079071 0.0 0.0 -0.5099999904632568 -0.28999999165534973 0.0 0.0 -0.5099999904632568 -0.4699999988079071 0.0 0.0 -0.5099999904632568 -0.4699999988079071 0.0 0.0 -0.5099999904632568 -0.4699999988079071
495 0.0 -0.5099999904632568 -0.4699999988079071 0.0 0.0 -0.5099999904632568 -0.28999999165534973 0.0 0.0 -0.5099999904632568 -0.4699999988079071 0.0 0.0 -0.5099999904632568 -0.28999999165534973 0.0 0.0 -0.5099999904632568 -0.4699999988079071 0.0 0.0 -0.5099999904632568 -0.4699999988079071 0.0 0.0 -0.5099999904632568 -0.4699999988079071 0.0 0.0 -0.5099999904632568 -0.4699999988079071
496 0.0 -0.28999999165534973 0.0 0.0 -0.5099999904632568 -0.4699999988079071 0.0 0.0 -0.5099999904632568 -0.28999999165534973 0.0 0.0 -0.5099999904632568 -0.4699999988079071 0.0 0.0 -0.5099999904632568 -0.4699999988079071 0.0 0.0 -0.5099999904632568 -0.4699999988079071 0.0 0.0 -0.5099999904632568 -0.4699999988079071 0.0
497 -0.4699999988079071 0.0 0.0 -0.5099999904632568 -0.28999999165534973 0.0 0.0 -0.5099999904632568 -0.4699999988079071 0.0 0.0 -0.5099999904632568 -0.4699999988079071 0.0 0.0 -0.5099999904632568 -0.4699999988079071 0.0 0.0 -0.5099999904632568 -0.4699999988079071 0.0 0.0 -0.5099999904632568 -0.4699999988079071 0.0 -0.5099999904632568
498 0.0 -0.5099999904632568 -0.28999999165534973 0.0 0.0 -0.5099999904632568 -0.4699999988079071 0.0 0.0 -0.5099999904632568 -0.4699999988079071 0.0 0.0 -0.5099999904632568 -0.4699999988079071 0.0 0.0 -0.5099999904632568 -0.4699999988079071 0.0 0.0 -0.5099999904632568 -0.4699999988079071 0.0 0.0 -0.5099999904632568 -0.4699999988079071 -0.019999999552965164
499 -0.5099999904632568 -0.4699999988079071 0.0 0.0 -0.5099999904632568 -0.4699999988079071 0.0 0.0 -0.5099999904632568 -0.4699999988079071 0.0 0.0 -0.5099999904632568 -0.4699999988079071 0.0 0.0 -0.5099999904632568 -0.4699999988079071 0.0 0.0 -0.5099999904632568 -0.4699999988079071 -0.019999999552965164 0.0 -0.5099999904632568 -0.4699999988079071 0.0 0.0 -0.5099999904632568
5 -0.4699999988079071 0.0 0.0 -0.5099999904632568 -0.4699999988079071 0.0 0.0 -0.5099999904632568 -0.28999999165534973 0.0 0.0 -0.5099999904632568 -0.4699999988079071 0.0 0.0 -0.5099999904632568 -0.4699999988079071 -0.019999999552965164 0.0 -0.5099999904632568 -0.4699999988079071 -0.019999999552965164 0.0 -0.5099999904632568 -0.4699999988079071 0.0 0.0
50 -0.5099999904632568 0.0 -0.5099999904632568 -0.4699999988079071 0.0 0.0 -0.5099999904632568 -0.4699999988079071 0.0 0.0 -0.5099999904632568 -0.4699999988079071 0.0 0.0 -0.5099999904632568 -0.4699999988079071 0.0 0.0 -0.5099999904632568 -0.4699999988079071 0.0 0.0 -0.5099999904632568 -0.4699999988079071 0.0 0.0 -0.5099999904632568 -0.4699999988079071 0.0 0.0 -0.5099999904632568 -0.4699999988079071 0.0 0.0 -0.5099999904632568 -0.4699999988079071 0.0 0.0 -0.5099999904632568 -0.4699999988079071 0.0 0.0 -0.5099999904632568 -0.4699999988079071 0.0 0.0 -0.5099999904632568 -0.4699999988079071 0.0 0.0 -0.5099999904632568 -0.4699999988079071 0.0 0.0 -0.5099999904632568 -0.4699999988079071 0.0 0.0 -0.5099999904632568 -0.4699999988079071 0.0 0.0 -0.4699999988079071
500 0.0 0.0 -0.5099999904632568 -0.4699999988079071 0.0 0.0 -0.5099999904632568 -0.4699999988079071 0.0 0.0 -0.5099999904632568 -0.4699999988079071 0.0 0.0 -0.5099999904632568 -0.4699999988079071 -0.019999999552965164 0.0 -0.5099999904632568 -0.4699999988079071 0.0 0.0 -0.5099999904632568 -0.4699999988079071 -0.019999999552965164 0.0 -0.5099999904632568
501 0.0 0.0 -0.5099999904632568 -0.4699999988079071 0.0 0.0 -0.5099999904632568 -0.4699999988079071 0.0 0.0 -0.5099999904632568 -0.4699999988079071 -0.019999999552965164 0.0 -0.5099999904632568 -0.4699999988079071 0.0 0.0 -0.5099999904632568 -0.4699999988079071 -0.019999999552965164 0.0 -0.5099999904632568 -0.4699999988079071 -0.019999999552965164
502 -0.4699999988079071 0.0 0.0 -0.5099999904632568 -0.4699999988079071 0.0 0.0 -0.5099999904632568 -0.4699999988079071 -0.019999999552965164 0.0 -0.5099999904632568 -0.4699999988079071 0.0 0.0 -0.5099999904632568 -0.4699999988079071 -0.019999999552965164 0.0 -0.5099999904632568 -0.4699999988079071 -0.019999999552965164 0.0 -0.5099999904632568 -0.4699999988079071 -0.019999999552965164 0.0 -0.5099999904632568
503 -0.4699999988079071 0.0 0.0 -0.5099999904632568 -0.4699999988079071 -0.019999999552965164 0.0 -0.5099999904632568 -0.4699999988079071 0.0 0.0 -0.5099999904632568 -0.4699999988079071 -0.019999999552965164 0.0 -0.5099999904632568 -0.4699999988079071 -0.019999999552965164 0.0 -0.5099999904632568 -0.4699999988079071 -0.019999999552965164 0.0 -0.5099999904632568 -0.4699999988079071 0.0 0.0 -0.5099999904632568
504 -0.019999999552965164 0.0 -0.5099999904632568 -0.4699999988079071 0.0 0.0 -0.5099999904632568 -0.4699999988079071 -0.019999999552965164 0.0 -0.5099999904632568 -0.4699999988079071 -0.019999999552965164 0.0 -0.5099999904632568 -0.4699999988079071 -0.019999999552965164 0.0 -0.5099999904632568 -0.4699999988079071 0.0 0.0 -0.5099999904632568 -0.4699999988079071 0.0 0.0 -0.5099999904632568
505 -0.4699999988079071 0.0 0.0 -0.5099999904632568 -0.4699999988079071 -0.019999999552965164 0.0 -0.5099999904632568 -0.4699999988079071 -0.019999999552965164 0.0 -0.5099999904632568 -0.4699999988079071 -0.019999999552965164 0.0 -0.5099999904632568 -0.4699999988079071 0.0 0.0 -0.5099999904632568 -0.4699999988079071 0.0 0.0 -0.5099999904632568 -0.4699999988079071 0.0 0.0 -0.5099999904632568
506 -0.019999999552965164 0.0 -0.5099999904632568 -0.4699999988079071 -0.019999999552965164 0.0 -0.5099999904632568 -0.4699999988079071 -0.019999999552965164 0.0 -0.5099999904632568 -0.4699999988079071 0.0 0.0 -0.5099999904632568 -0.4699999988079071 0.0 0.0 -0.5099999904632568 -0.4699999988079071 0.0 0.0 -0.5099999904632568 -0.28999999165534973 0.0 -0.5099999904632568
507 -0.4699999988079071 -0.019999999552965164 0.0 -0.5099999904632568 -0.4699999988079071 -0.019999999552965164 0.0 -0.5099999904632568 -0.4699999988079071 0.0 0.0 -0.5099999904632568 -0.4699999988079071 0.0 0.0 -0.5099999904632568 -0.4699999988079071 0.0 0.0 -0.5099999904632568 -0.28999999165534973 0.0 0.0 -0.5099999904632568 -0.4699999988079071 0.0 0.0 -0.5099999904632568
508 -0.4699999988079071 -0.019999999552965164 0.0 -0.5099999904632568 -0.4699999988079071 0.0 0.0 -0.5099999904632568 -0.4699999988079071 0.0 0.0 -0.5099999904632568 -0.4699999988079071 0.0 0.0 -0.5099999904632568 -0.28999999165534973 0.0 0.0 -0.5099999904632568 -0.4699999988079071 0.0 0.0 -0.5099999904632568 -0.4699999988079071 -0.019999999552965164 -0.5099999904632568
509 0.0 0.0 -0.5099999904632568 -0.4699999988079071 0.0 0.0 -0.5099999904632568 -0.4699999988079071 0.0 0.0 -0.5099999904632568 -0.28999999165534973 0.0 0.0 -0.5099999904632568 -0.4699999988079071 0.0 0.0 -0.5099999904632568 -0.4699999988079071 -0.019999999552965164 0.0 -0.5099999904632568 -0.4699999988079071 0.0 0.0 -0.5099999904632568
51 -0.5099999904632568 0.0 -0.5099999904632568 -0.4699999988079071 0.0 0.0 -0.5099999904632568 -0.4699999988079071 0.0 0.0 -0.5099999904632568 -0.4699999988079071 0.0 0.0 -0.5099999904632568 -0.4699999988079071 0.0 0.0 -0.5099999904632568 -0.4699999988079071 0.0 0.0 -0.5099999904632568 -0.4699999988079071 0.0 0.0 -0.5099999904632568 -0.4699999988079071 0.0 0.0 -0.5099999904632568 -0.4699999988079071 0.0 0.0 -0.5099999904632568 -0.4699999988079071 0.0 0.0 -0.5099999904632568 -0.4699999988079071 0.0 0.0 -0.5099999904632568 -0.4699999988079071 0.0 0.0 -0.5099999904632568 -0.4699999988079071 0.0 0.0 -0.5099999904632568 -0.4699999988079071 0.0 0.0 -0.5099999904632568 -0.4699999988079071 0.0 0.0 -0.5099999904632568 -0.4699999988079071 0.0 0.0 -0.4699999988079071 0.0
510 0.0 0.0 -0.5099999904632568 -0.4699999988079071 0.0 0.0 -0.5099999904632568 -0.28999999165534973 0.0 0.0 -0.5099999904632568 -0.4699999988079071 0.0 0.0 -0.5099999904632568 -0.4699999988079071 -0.019999999552965164 0.0 -0.5099999904632568 -0.4699999988079071 0.0 0.0 -0.5099999904632568 -0.4699999988079071 0.0 0.0 -0.5099999904632568
511 0.0 0.0 -0.5099999904632568 -0.28999999165534973 0.0 0.0 -0.5099999904632568 -0.4699999988079071 0.0 0.0 -0.5099999904632568 -0.4699999988079071 -0.019999999552965164 0.0 -0.5099999904632568 -0.4699999988079071 0.0 0.0 -0.5099999904632568 -0.4699999988079071 0.0 0.0 -0.5099999904632568 -0.4699999988079071 -0.019999999552965164 0.0 -0.5099999904632568 -0.4699999988079071
512 -0.28999999165534973 0.0 0.0 -0.5099999904632568 -0.4699999988079071 0.0 0.0 -0.5099999904632568 -0.4699999988079071 -0.019999999552965164 0.0 -0.5099999904632568 -0.4699999988079071 0.0 0.0 -0.5099999904632568 -0.4699999988079071 0.0 0.0 -0.5099999904632568 -0.4699999988079071 -0.019999999552965164 0.0 -0.5099999904632568 -0.4699999988079071 0.0 0.0 -0.5099999904632568
513 0.0 0.0 -0.5099999904632568 -0.4699999988079071 -0.019999999552965164 0.0 -0.5099999904632568 -0.4699999988079071 0.0 0.0 -0.5099999904632568 -0.4699999988079071 0.0 0.0 -0.5099999904632568 -0.4699999988079071 -0.019999999552965164 0.0 -0.5099999904632568 -0.4699999988079071 0.0 0.0 -0.5099999904632568 -0.28999999165534973 0.0 0.0
514 -0.4699999988079071 -0.019999999552965164 0.0 -0.5099999904632568 -0.4699999988079071 0.0 0.0 -0.5099999904632568 -0.4699999988079071 0.0 0.0 -0.5099999904632568 -0.4699999988079071 -0.019999999552965164 0.0 -0.5099999904632568 -0.4699999988079071 0.0 0.0 -0.5099999904632568 -0.28999999165534973 0.0 0.0 -0.5099999904632568 -0.4699999988079071 -0.019999999552965164 0.0 -0.5099999904632568 -0.4699999988079071
515 -0.019999999552965164 0.0 -0.5099999904632568 -0.4699999988079071 0.0 0.0 -0.5099999904632568 -0.4699999988079071 0.0 0.0 -0.5099999904632568 -0.4699999988079071 -0.019999999552965164 0.0 -0.5099999904632568 -0.4699999988079071 0.0 0.0 -0.5099999904632568 -0.28999999165534973 0.0 0.0 -0.5099999904632568 -0.4699999988079071 -0.019999999552965164 0.0 -0.5099999904632568 -0.4699999988079071 0.0
516 -0.4699999988079071 0.0 0.0 -0.5099999904632568 -0.4699999988079071 -0.019999999552965164 0.0 -0.5099999904632568 -0.4699999988079071 0.0 0.0 -0.5099999904632568 -0.28999999165534973 0.0 0.0 -0.5099999904632568 -0.4699999988079071 -0.019999999552965164 0.0 -0.5099999904632568 -0.4699999988079071 0.0 0.0 -0.5099999904632568 -0.28999999165534973 0.0 0.0 -0.5099999904632568
517 -0.4699999988079071 -0.019999999552965164 0.0 -0.5099999904632568 -0.4699999988079071 0.0 0.0 -0.5099999904632568 -0.28999999165534973 0.0 0.0 -0.5099999904632568 -0.4699999988079071 -0.019999999552965164 0.0 -0.5099999904632568 -0.4699999988079071 0.0 0.0 -0.5099999904632568 -0.28999999165534973 0.0 0.0 -0.5099999904632568 -0.4699999988079071 0.0 0.0 -0.5099999904632568
518 -0.5099999904632568 0.0 0.0 -0.5099999904632568 -0.28999999165534973 0.0 0.0 -0.5099999904632568 -0.4699999988079071 -0.019999999552965164 0.0 -0.5099999904632568 -0.4699999988079071 0.0 0.0 -0.5099999904632568 -0.28999999165534973 0.0 0.0 -0.5099999904632568 -0.4699999988079071 0.0 0.0 -0.5099999904632568 -0.28999999165534973 0.0 0.0
519 0.0 -0.5099999904632568 -0.28999999165534973 0.0 0.0 -0.5099999904632568 -0.4699999988079071 -0.019999999552965164 0.0 -0.5099999904632568 -0.4699999988079071 0.0 0.0 -0.5099999904632568 -0.28999999165534973 0.0 0.0 -0.5099999904632568 -0.4699999988079071 0.0 0.0 -0.5099999904632568 -0.28999999165534973 0.0 0.0 -0.5099999904632568 -0.4699999988079071 0.0 0.0 -0.5099999904632568
52 0.0 -0.5099999904632568 -0.4699999988079071 0.0 0.0 -0.5099999904632568 -0.4699999988079071 0.0 0.0 -0.5099999904632568 -0.4699999988079071 0.0 0.0 -0.5099999904632568 -0.4699999988079071 0.0 0.0 -0.5099999904632568 -0.4699999988079071 0.0 0.0 -0.5099999904632568 -0.4699999988079071 0.0 0.0 -0.5099999904632568 -0.4699999988079071 0.0 0.0 -0.5099999904632568 -0.4699999988079071 0.0 0.0 -0.5099999904632568 -0.4699999988079071 0.0 0.0 -0.5099999904632568 -0.4699999988079071 0.0 0.0 -0.5099999904632568 -0.4699999988079071 0.0 0.0 -0.5099999904632568 -0.4699999988079071 0.0 0.0 -0.5099999904632568 -0.4699999988079071 0.0 0.0 -0.5099999904632568 -0.4699999988079071 0.0 0.0 -0.5099999904632568 -0.4699999988079071 0.0 0.0 -0.4699999988079071 0.0
520 -0.019999999552965164 0.0 -0.5099999904632568 -0.4699999988079071 0.0 0.0 -0.5099999904632568 -0.28999999165534973 0.0 0.0 -0.5099999904632568 -0.4699999988079071 0.0 0.0 -0.5099999904632568 -0.28999999165534973 0.0 0.0 -0.5099999904632568 -0.4699999988079071 0.0 0.0 -0.5099999904632568 -0.4699999988079071 0.0
521 0.0 0.0 -0.5099999904632568 -0.28999999165534973 0.0 0.0 -0.5099999904632568 -0.4699999988079071 0.0 0.0 -0.5099999904632568 -0.28999999165534973 0.0 0.0 -0.5099999904632568 -0.4699999988079071 0.0 0.0 -0.5099999904632568 -0.4699999988079071 0.0 0.0 -0.5099999904632568 -0.4699999988079071 0.0
522 0.0 0.0 -0.5099999904632568 -0.4699999988079071 0.0 0.0 -0.5099999904632568 -0.28999999165534973 0.0 0.0 -0.5099999904632568 -0.4699999988079071 0.0 0.0 -0.5099999904632568 -0.4699999988079071 0.0 0.0 -0.5099999904632568 -0.4699999988079071 0.0 0.0 -0.5099999904632568 -0.4699999988079071 0.0 -0.5099999904632568
523 -0.4699999988079071 0.0 0.0 -0.5099999904632568 -0.28999999165534973 0.0 0.0 -0.5099999904632568 -0.4699999988079071 0.0 0.0 -0.5099999904632568 -0.4699999988079071 0.0 0.0 -0.5099999904632568 -0.4699999988079071 0.0 0.0 -0.5099999904632568 -0.4699999988079071 0.0 0.0 -0.5099999904632568 -0.28999999165534973 0.0
524 0.0 0.0 -0.5099999904632568 -0.4699999988079071 0.0 0.0 -0.5099999904632568 -0.4699999988079071 0.0 0.0 -0.5099999904632568 -0.4699999988079071 0.0 0.0 -0.5099999904632568 -0.4699999988079071 0.0 0.0 -0.5099999904632568 -0.28999999165534973 0.0 0.0 -0.5099999904632568 -0.4699999988079071 0.0 0.0
525 -0.4699999988079071 0.0 0.0 -0.5099999904632568 -0.4699999988079071 0.0 0.0 -0.5099999904632568 -0.4699999988079071 0.0 0.0 -0.5099999904632568 -0.4699999988079071 0.0 0.0 -0.5099999904632568 -0.28999999165534973 0.0 0.0 -0.5099999904632568 -0.4699999988079071 0.0 0.0 -0.5099999904632568 -0.4699999988079071 0.0 0.0 -0.5099999904632568 -0.4699999988079071 0.0 0.0 -0.5099999904632568 -0.4699999988079071 0.0
526 0.0 0.0 -0.5099999904632568 -0.4699999988079071 0.0 0.0 -0.5099999904632568 -0.4699999988079071 0.0 0.0 -0.5099999904632568 -0.28999999165534973 0.0 0.0 -0.5099999904632568 -0.4699999988079071 0.0 0.0 -0.5099999904632568 -0.4699999988079071 0.0 0.0 -0.5099999904632568 -0.4699999988079071 0.0
527 0.0 0.0 -0.5099999904632568 -0.4699999988079071 0.0 0.0 -0.5099999904632568 -0.28999999165534973 0.0 0.0 -0.5099999904632568 -0.4699999988079071 0.0 0.0 -0.5099999904632568 -0.4699999988079071 0.0 0.0 -0.5099999904632568 -0.4699999988079071 0.0 0.0 -0.5099999904632568 -0.4699999988079071 0.0 0.0 -0.5099999904632568
528 0.0 -0.5099999904632568 -0.4699999988079071 0.0 0.0 -0.5099999904632568 -0.28999999165534973 0.0 0.0 -0.5099999904632568 -0.4699999988079071 0.0 0.0 -0.5099999904632568 -0.4699999988079071 0.0 0.0 -0.5099999904632568 -0.4699999988079071 0.0 0.0 -0.5099999904632568 -0.4699999988079071 0.0 0.0 -0.5099999904632568 -0.4699999988079071 0.0
529 0.0 0.0 -0.5099999904632568 -0.4699999988079071 0.0 0.0 -0.5099999904632568 -0.4699999988079071 0.0 0.0 -0.5099999904632568 -0.4699999988079071 0.0 0.0 -0.5099999904632568 -0.4699999988079071 0.0 0.0 -0.5099999904632568 -0.4699999988079071 0.0 0.0 -0.5099999904632568 -0.4699999988079071 0.0 0.0 -0.5099999904632568
53 -0.5099999904632568 0.0 -0.5099999904632568 -0.4699999988079071 0.0 0.0 -0.5099999904632568 -0.4699999988079071 0.0 0.0 -0.5099999904632568 -0.4699999988079071 0.0 0.0 -0.5099999904632568 -0.4699999988079071 0.0 0.0 -0.5099999904632568 -0.4699999988079071 0.0 0.0 -0.5099999904632568 -0.4699999988079071 0.0 0.0 -0.5099999904632568 -0.4699999988079071 0.0 0.0 -0.5099999904632568 -0.4699999988079071 0.0 0.0 -0.5099999904632568 -0.4699999988079071 0.0 0.0 -0.5099999904632568 -0.4699999988079071 0.0 0.0 -0.5099999904632568 -0.4699999988079071 0.0 0.0 -0.5099999904632568 -0.4699999988079071 0.0 0.0 -0.5099999904632568 -0.4699999988079071 0.0 0.0 -0.5099999904632568 -0.4699999988079071 0.0 0.0 -0.5099999904632568 -0.4699999988079071 0.0 0.0 -0.4699999988079071
530 -0.4699999988079071 0.0 0.0 -0.5099999904632568 -0.4699999988079071 0.0 0.0 -0.5099999904632568 -0.4699999988079071 0.0 0.0 -0.5099999904632568 -0.4699999988079071 0.0 0.0 -0.5099999904632568 -0.4699999988079071 0.0 0.0 -0.5099999904632568 -0.4699999988079071 0.0 0.0 -0.5099999904632568 -0.28999999165534973 0.0 0.0 -0.5099999904632568
531 0.0 0.0 -0.5099999904632568 -0.4699999988079071 0.0 0.0 -0.5099999904632568 -0.4699999988079071 0.0 0.0 -0.5099999904632568 -0.4699999988079071 0.0 0.0 -0.5099999904632568 -0.4699999988079071 0.0 0.0 -0.5099999904632568 -0.28999999165534973 0.0 0.0 -0.5099999904632568 -0.4699999988079071 0.0 0.0 -0.5099999904632568
532 -0.4699999988079071 0.0 0.0 -0.5099999904632568 -0.4699999988079071 0.0 0.0 -0.5099999904632568 -0.4699999988079071 0.0 0.0 -0.5099999904632568 -0.4699999988079071 0.0 0.0 -0.5099999904632568 -0.28999999165534973 0.0 0.0 -0.5099999904632568 -0.4699999988079071 0.0 0.0 -0.5099999904632568 -0.4699999988079071 0.0 0.0 -0.5099999904632568 -0.4699999988079071 0.0 0.0 -0.5099999904632568
533 -0.4699999988079071 0.0 0.0 -0.5099999904632568 -0.4699999988079071 0.0 0.0 -0.5099999904632568 -0.4699999988079071 0.0 0.0 -0.5099999904632568 -0.28999999165534973 0.0 0.0 -0.5099999904632568 -0.4699999988079071 0.0 0.0 -0.5099999904632568 -0.4699999988079071 0.0 0.0 -0.5099999904632568 -0.4699999988079071 0.0 0.0 -0.5099999904632568
534 -0.4699999988079071 0.0 0.0 -0.5099999904632568 -0.4699999988079071 0.0 0.0 -0.5099999904632568 -0.28999999165534973 0.0 0.0 -0.5099999904632568 -0.4699999988079071 0.0 0.0 -0.5099999904632568 -0.4699999988079071 0.0 0.0 -0.5099999904632568 -0.4699999988079071 0.0 0.0 -0.5099999904632568 -0.4699999988079071 0.0 0.0 -0.5099999904632568
535 -0.4699999988079071 0.0 0.0 -0.5099999904632568 -0.28999999165534973 0.0 0.0 -0.5099999904632568 -0.4699999988079071 0.0 0.0 -0.5099999904632568 -0.4699999988079071 0.0 0.0 -0.5099999904632568 -0.4699999988079071 0.0 0.0 -0.5099999904632568 -0.4699999988079071 0.0 0.0 -0.5099999904632568 -0.4699999988079071 0.0 0.0
536 0.0 0.0 -0.5099999904632568 -0.4699999988079071 0.0 0.0 -0.5099999904632568 -0.4699999988079071 0.0 0.0 -0.5099999904632568 -0.4699999988079071 0.0 0.0 -0.5099999904632568 -0.4699999988079071 0.0 0.0 -0.5099999904632568 -0.4699999988079071 0.0 0.0 -0.5099999904632568 -0.4699999988079071 0.0 0.0 -0.5099999904632568
537 -0.4699999988079071 0.0 0.0 -0.5099999904632568 -0.4699999988079071 0.0 0.0 -0.5099999904632568 -0.4699999988079071 0.0 0.0 -0.5099999904632568 -0.4699999988079071 0.0 0.0 -0.5099999904632568 -0.4699999988079071 0.0 0.0 -0.5099999904632568 -0.4699999988079071 0.0 0.0 -0.5099999904632568 -0.4699999988079071 0.0
538 -0.4699999988079071 0.0 0.0 -0.5099999904632568 -0.4699999988079071 0.0 0.0 -0.5099999904632568 -0.4699999988079071 0.0 0.0 -0.5099999904632568 -0.4699999988079071 0.0 0.0 -0.5099999904632568 -0.4699999988079071 0.0 0.0 -0.5099999904632568 -0.4699999988079071 0.0 0.0 -0.5099999904632568 -0.4699999988079071 0.0 0.0 -0.5099999904632568
539 -0.4699999988079071 0.0 0.0 -0.5099999904632568 -0.4699999988079071 0.0 0.0 -0.5099999904632568 -0.4699999988079071 0.0 0.0 -0.5099999904632568 -0.4699999988079071 0.0 0.0 -0.5099999904632568 -0.4699999988079071 0.0 0.0 -0.5099999904632568 -0.4699999988079071 0.0 0.0 -0.5099999904632568 -0.4699999988079071 0.0
54 0.0 0.0 -0.5099999904632568 -0.4699999988079071 0.0 0.0 -0.5099999904632568 -0.4699999988079071 0.0 0.0 -0.5099999904632568 -0.4699999988079071 0.0 0.0 -0.5099999904632568 -0.4699999988079071 0.0 0.0 -0.5099999904632568 -0.4699999988079071 0.0 0.0 -0.5099999904632568 -0.4699999988079071 0.0 0.0 -0.5099999904632568 -0.4699999988079071 0.0 0.0 -0.5099999904632568 -0.4699999988079071 0.0 0.0 -0.5099999904632568 -0.4699999988079071 0.0 0.0 -0.5099999904632568 -0.4699999988079071 0.0 0.0 -0.5099999904632568 -0.4699999988079071 0.0 0.0 -0.5099999904632568 -0.4699999988079071 0.0 0.0 -0.5099999904632568 -0.4699999988079071 0.0 0.0 -0.5099999904632568 -0.4699999988079071 0.0 0.0 -0.5099999904632568 -0.4699999988079071 0.0 0.0 -0.4699999988079071 0.0
540 -0.4699999988079071 0.0 0.0 -0.5099999904632568 -0.4699999988079071 0.0 0.0 -0.5099999904632568 -0.4699999988079071 0.0 0.0 -0.5099999904632568 -0.4699999988079071 0.0 0.0 -0.5099999904632568 -0.4699999988079071 0.0 0.0 -0.5099999904632568 -0.4699999988079071 0.0 0.0 -0.5099999904632568 -0.4699999988079071 0.0 0.0 -0.5099999904632568
541 0.0 0.0 -0.5099999904632568 -0.4699999988079071 0.0 0.0 -0.5099999904632568 -0.4699999988079071 0.0 0.0 -0.5099999904632568 -0.4699999988079071 0.0 0.0 -0.5099999904632568 -0.4699999988079071 0.0 0.0 -0.5099999904632568 -0.4699999988079071 0.0 0.0 -0.5099999904632568 -0.28999999165534973 0.0
542 -0.4699999988079071 0.0 0.0 -0.5099999904632568 -0.4699999988079071 0.0 0.0 -0.5099999904632568 -0.4699999988079071 0.0 0.0 -0.5099999904632568 -0.4699999988079071 0.0 0.0 -0.5099999904632568 -0.4699999988079071 0.0 0.0 -0.5099999904632568 -0.28999999165534973 0.0 0.0 -0.5099999904632568 -0.4699999988079071 -0.019999999552965164 0.0 -0.5099999904632568
543 -0.4699999988079071 0.0 0.0 -0.5099999904632568 -0.4699999988079071 0.0 0.0 -0.5099999904632568 -0.4699999988079071 0.0 0.0 -0.5099999904632568 -0.4699999988079071 0.0 0.0 -0.5099999904632568 -0.28999999165534973 0.0 0.0 -0.5099999904632568 -0.4699999988079071 -0.019999999552965164 0.0 -0.5099999904632568 -0.28999999165534973 0.0 0.0
544 -0.4699999988079071 0.0 0.0 -0.5099999904632568 -0.4699999988079071 0.0 0.0 -0.5099999904632568 -0.4699999988079071 0.0 0.0 -0.5099999904632568 -0.28999999165534973 0.0 0.0 -0.5099999904632568 -0.4699999988079071 -0.019999999552965164 0.0 -0.5099999904632568 -0.28999999165534973 0.0 0.0 -0.5099999904632568 -0.4699999988079071 0.0
545 -0.4699999988079071 0.0 0.0 -0.5099999904632568 -0.4699999988079071 0.0 0.0 -0.5099999904632568 -0.28999999165534973 0.0 0.0 -0.5099999904632568 -0.4699999988079071 -0.019999999552965164 0.0 -0.5099999904632568 -0.28999999165534973 0.0 0.0 -0.5099999904632568 -0.4699999988079071 0.0 0.0 -0.5099999904632568 -0.4699999988079071 0.0 0.0 -0.5099999904632568
546 0.0 0.0 -0.5099999904632568 -0.28999999165534973 0.0 0.0 -0.5099999904632568 -0.4699999988079071 -0.019999999552965164 0.0 -0.5099999904632568 -0.28999999165534973 0.0 0.0 -0.5099999904632568 -0.4699999988079071 0.0 0.0 -0.5099999904632568 -0.4699999988079071 0.0 0.0 -0.5099999904632568 -0.4699999988079071 0.0 0.0 -0.5099999904632568
547 0.0 -0.5099999904632568 -0.28999999165534973 0.0 0.0 -0.5099999904632568 -0.4699999988079071 -0.019999999552965164 0.0 -0.5099999904632568 -0.28999999165534973 0.0 0.0 -0.5099999904632568 -0.4699999988079071 0.0 0.0 -0.5099999904632568 -0.4699999988079071 0.0 0.0 -0.5099999904632568 -0.4699999988079071 0.0 0.0 -0.5099999904632568 -0.28999999165534973 0.0 0.0
548 -0.4699999988079071 -0.019999999552965164 0.0 -0.5099999904632568 -0.28999999165534973 0.0 0.0 -0.5099999904632568 -0.4699999988079071 0.0 0.0 -0.5099999904632568 -0.4699999988079071 0.0 0.0 -0.5099999904632568 -0.4699999988079071 0.0 0.0 -0.5099999904632568 -0.28999999165534973 0.0 0.0 -0.5099999904632568 -0.4699999988079071 0.0 0.0 -0.5099999904632568 -0.4699999988079071
549 -0.28999999165534973 0.0 0.0 -0.5099999904632568 -0.4699999988079071 0.0 0.0 -0.5099999904632568 -0.4699999988079071 0.0 0.0 -0.5099999904632568 -0.4699999988079071 0.0 0.0 -0.5099999904632568 -0.28999999165534973 0.0 0.0 -0.5099999904632568 -0.4699999988079071 0.0 0.0 -0.5099999904632568 -0.4699999988079071 0.0 0.0 -0.4699999988079071 0.0 0.0 -0.4699999988079071 0.0 0.0 -0.5099999904632568 -0.4699999988079071 -0.019999999552965164 -0.4699999988079071
55 0.0 -0.5099999904632568 -0.4699999988079071 0.0 0.0 -0.5099999904632568 -0.4699999988079071 0.0 0.0 -0.5099999904632568 -0.4699999988079071 0.0 0.0 -0.5099999904632568 -0.4699999988079071 0.0 0.0 -0.5099999904632568 -0.4699999988079071 0.0 0.0 -0.5099999904632568 -0.4699999988079071 0.0 0.0 -0.5099999904632568 -0.4699999988079071 0.0 0.0 -0.5099999904632568 -0.4699999988079071 0.0 0.0 -0.5099999904632568 -0.4699999988079071 0.0 0.0 -0.5099999904632568 -0.4699999988079071 0.0 0.0 -0.5099999904632568 -0.4699999988079071 0.0 0.0 -0.5099999904632568 -0.4699999988079071 0.0 0.0 -0.5099999904632568 -0.4699999988079071 0.0 0.0 -0.5099999904632568 -0.4699999988079071 0.0 0.0 -0.5099999904632568 -0.4699999988079071 0.0 0.0 -0.4699999988079071 0.0
550 -0.4699999988079071 0.0 0.0 -0.5099999904632568 -0.4699999988079071 0.0 0.0 -0.5099999904632568 -0.4699999988079071 0.0 0.0 -0.5099999904632568 -0.28999999165534973 0.0 0.0 -0.5099999904632568 -0.4699999988079071 0.0 0.0 -0.5099999904632568 -0.4699999988079071 0.0 0.0 -0.5099999904632568 -0.4699999988079071 0.0 0.0 -0.5099999904632568 -0.4699999988079071
551 0.0 -0.5099999904632568 -0.4699999988079071 0.0 0.0 -0.5099999904632568 -0.4699999988079071 0.0 0.0 -0.5099999904632568 -0.28999999165534973 0.0 0.0 -0.5099999904632568 -0.4699999988079071 0.0 0.0 -0.5099999904632568 -0.4699999988079071 0.0 0.0 -0.5099999904632568 -0.4699999988079071 0.0 0.0 -0.5099999904632568 -0.4699999988079071 0.0 0.0 -0.5099999904632568 -0.4699999988079071 0.0 -0.5099999904632568 -0.4699999988079071 0.0 0.0 -0.5099999904632568 -0.4699999988079071 0.0 0.0
552 -0.4699999988079071 0.0 0.0 -0.5099999904632568 -0.28999999165534973 0.0 0.0 -0.5099999904632568 -0.4699999988079071 0.0 0.0 -0.5099999904632568 -0.4699999988079071 0.0 0.0 -0.5099999904632568 -0.4699999988079071 0.0 0.0 -0.5099999904632568 -0.4699999988079071 0.0 0.0 -0.5099999904632568 -0.4699999988079071 0.0 0.0 -0.5099999904632568 -0.4699999988079071
553 0.0 -0.5099999904632568 -0.28999999165534973 0.0 0.0 -0.5099999904632568 -0.4699999988079071 0.0 0.0 -0.5099999904632568 -0.4699999988079071 0.0 0.0 -0.5099999904632568 -0.4699999988079071 0.0 0.0 -0.5099999904632568 -0.4699999988079071 0.0 0.0 -0.5099999904632568 -0.4699999988079071 0.0 0.0 -0.5099999904632568 -0.4699999988079071 0.0 0.0 -0.5099999904632568 -0.4699999988079071 0.0
554 0.0 -0.4699999988079071 0.0 0.0 -0.5099999904632568 -0.4699999988079071 0.0 0.0 -0.5099999904632568 -0.4699999988079071 0.0 0.0 -0.5099999904632568 -0.4699999988079071 0.0 0.0 -0.5099999904632568 -0.4699999988079071 0.0 0.0 -0.5099999904632568 -0.4699999988079071 0.0 0.0 -0.5099999904632568 -0.4699999988079071 0.0 0.0 -0.5099999904632568 -0.4699999988079071 0.0
555 -0.5099999904632568 -0.4699999988079071 0.0 0.0 -0.5099999904632568 -0.4699999988079071 0.0 0.0 -0.5099999904632568 -0.4699999988079071 0.0 0.0 -0.5099999904632568 -0.4699999988079071 0.0 0.0 -0.5099999904632568 -0.4699999988079071 0.0 0.0 -0.5099999904632568 -0.4699999988079071 0.0 0.0 -0.5099999904632568 -0.4699999988079071 0.0 0.0 -0.5099999904632568 -0.4699999988079071
556 0.0 -0.5099999904632568 -0.4699999988079071 0.0 0.0 -0.5099999904632568 -0.4699999988079071 0.0 0.0 -0.5099999904632568 -0.4699999988079071 0.0 0.0 -0.5099999904632568 -0.4699999988079071 0.0 0.0 -0.5099999904632568 -0.4699999988079071 0.0 0.0 -0.5099999904632568 -0.4699999988079071 0.0 0.0 -0.5099999904632568 -0.4699999988079071 0.0 0.0 -0.5099999904632568
557 0.0 0.0 -0.5099999904632568 -0.4699999988079071 0.0 0.0 -0.5099999904632568 -0.4699999988079071 0.0 0.0 -0.5099999904632568 -0.4699999988079071 0.0 0.0 -0.5099999904632568 -0.4699999988079071 0.0 0.0 -0.5099999904632568 -0.4699999988079071 0.0 0.0 -0.5099999904632568 -0.4699999988079071 0.0 0.0 -0.5099999904632568 -0.4699999988079071 0.0 0.0 -0.5099999904632568
558 0.0 0.0 -0.5099999904632568 -0.4699999988079071 0.0 0.0 -0.5099999904632568 -0.4699999988079071 0.0 0.0 -0.5099999904632568 -0.4699999988079071 0.0 0.0 -0.5099999904632568 -0.4699999988079071 0.0 0.0 -0.5099999904632568 -0.4699999988079071 0.0 0.0 -0.5099999904632568 -0.4699999988079071 0.0 0.0 -0.5099999904632568 -0.4699999988079071 0.0 0.0 -0.5099999904632568 -0.4699999988079071 -0.4699999988079071 -0.019999999552965164 0.0 -0.28999999165534973 0.0 0.0 -0.5099999904632568
559 0.0 0.0 -0.5099999904632568 -0.4699999988079071 0.0 0.0 -0.5099999904632568 -0.4699999988079071 0.0 0.0 -0.5099999904632568 -0.4699999988079071 0.0 0.0 -0.5099999904632568 -0.4699999988079071 0.0 0.0 -0.5099999904632568 -0.4699999988079071 0.0 0.0 -0.5099999904632568 -0.4699999988079071 0.0 0.0 -0.5099999904632568 -0.4699999988079071 0.0 0.0
56 0.0 -0.5099999904632568 -0.4699999988079071 0.0 0.0 -0.5099999904632568 -0.4699999988079071 0.0 0.0 -0.5099999904632568 -0.4699999988079071 0.0 0.0 -0.5099999904632568 -0.4699999988079071 0.0 0.0 -0.5099999904632568 -0.4699999988079071 0.0 0.0 -0.5099999904632568 -0.4699999988079071 0.0 0.0 -0.5099999904632568 -0.4699999988079071 0.0 0.0 -0.5099999904632568 -0.4699999988079071 0.0 0.0 -0.5099999904632568 -0.4699999988079071 0.0 0.0 -0.5099999904632568 -0.4699999988079071 0.0 0.0 -0.5099999904632568 -0.4699999988079071 0.0 0.0 -0.5099999904632568 -0.4699999988079071 0.0 0.0 -0.5099999904632568 -0.4699999988079071 0.0 0.0 -0.5099999904632568 -0.4699999988079071 0.0 0.0 -0.5099999904632568 -0.4699999988079071 0.0 0.0 -0.5099999904632568 -0.4699999988079071 0.0 0.0 -0.5099999904632568 -0.4699999988079071 0.0 0.0 -0.5099999904632568 -0.4699999988079071 0.0 0.0 -0.4699999988079071
560 0.0 -0.5099999904632568 0.0 -0.4699999988079071 0.0 0.0 -0.5099999904632568 -0.4699999988079071 0.0 0.0 -0.4699999988079071 -0.4699999988079071 0.0 0.0 -0.5099999904632568 -0.4699999988079071 0.0 0.0 -0.5099999904632568 -0.4699999988079071 0.0 0.0 -0.5099999904632568 -0.4699999988079071 0.0 0.0 -0.5099999904632568 -0.4699999988079071 0.0 0.0 -0.5099999904632568 -0.4699999988079071 0.0 0.0 -0.5099999904632568 -0.4699999988079071 0.0
561 -0.4699999988079071 0.0 0.0 -0.5099999904632568 -0.4699999988079071 0.0 0.0 -0.5099999904632568 -0.4699999988079071 0.0 0.0 -0.5099999904632568 -0.4699999988079071 0.0 0.0 -0.5099999904632568 -0.4699999988079071 0.0 0.0 -0.5099999904632568 -0.4699999988079071 0.0 0.0 -0.5099999904632568 -0.4699999988079071 0.0 0.0
562 0.0 -0.5099999904632568 -0.4699999988079071 0.0 0.0 -0.5099999904632568 -0.4699999988079071 0.0 0.0 -0.5099999904632568 -0.4699999988079071 0.0 0.0 -0.5099999904632568 -0.4699999988079071 0.0 0.0 -0.5099999904632568 -0.4699999988079071 0.0 0.0 -0.5099999904632568 -0.4699999988079071 0.0 0.0 -0.5099999904632568 -0.4699999988079071 -0.019999999552965164
563 -0.4699999988079071 0.0 0.0 -0.5099999904632568 -0.4699999988079071 0.0 0.0 -0.5099999904632568 -0.4699999988079071 0.0 0.0 -0.5099999904632568 -0.4699999988079071 0.0 0.0 -0.5099999904632568 -0.4699999988079071 0.0 0.0 -0.5099999904632568 -0.4699999988079071 -0.019999999552965164 0.0 -0.5099999904632568 -0.4699999988079071 0.0 0.0 -0.5099999904632568
564 -0.4699999988079071 0.0 0.0 -0.5099999904632568 -0.4699999988079071 0.0 0.0 -0.5099999904632568 -0.4699999988079071 0.0 0.0 -0.5099999904632568 -0.4699999988079071 0.0 0.0 -0.5099999904632568 -0.4699999988079071 -0.019999999552965164 0.0 -0.5099999904632568 -0.4699999988079071 0.0 0.0 -0.5099999904632568 -0.28999999165534973 0.0
565 -0.4699999988079071 0.0 0.0 -0.5099999904632568 -0.4699999988079071 0.0 0.0 -0.5099999904632568 -0.4699999988079071 0.0 0.0 -0.5099999904632568 -0.4699999988079071 -0.019999999552965164 0.0 -0.5099999904632568 -0.4699999988079071 0.0 0.0 -0.5099999904632568 -0.28999999165534973 0.0 0.0 -0.5099999904632568 -0.28999999165534973 0.0 0.0 -0.5099999904632568
566 0.0 0.0 -0.5099999904632568 -0.4699999988079071 0.0 0.0 -0.5099999904632568 -0.4699999988079071 -0.019999999552965164 0.0 -0.5099999904632568 -0.4699999988079071 0.0 0.0 -0.5099999904632568 -0.28999999165534973 0.0 0.0 -0.5099999904632568 -0.28999999165534973 0.0 0.0 -0.5099999904632568 -0.4699999988079071 0.0 0.0 -0.5099999904632568
567 -0.4699999988079071 0.0 0.0 -0.5099999904632568 -0.4699999988079071 -0.019999999552965164 0.0 -0.5099999904632568 -0.4699999988079071 0.0 0.0 -0.5099999904632568 -0.28999999165534973 0.0 0.0 -0.5099999904632568 -0.28999999165534973 0.0 0.0 -0.5099999904632568 -0.4699999988079071 0.0 0.0 -0.5099999904632568 -0.28999999165534973 0.0 0.0 -0.5099999904632568
568 -0.4699999988079071 -0.019999999552965164 0.0 -0.5099999904632568 -0.4699999988079071 0.0 0.0 -0.5099999904632568 -0.28999999165534973 0.0 0.0 -0.5099999904632568 -0.28999999165534973 0.0 0.0 -0.5099999904632568 -0.4699999988079071 0.0 0.0 -0.5099999904632568 -0.28999999165534973 0.0 0.0 -0.5099999904632568 -0.28999999165534973 0.0 0.0 -0.5099999904632568
569 -0.4699999988079071 0.0 0.0 -0.5099999904632568 -0.28999999165534973 0.0 0.0 -0.5099999904632568 -0.28999999165534973 0.0 0.0 -0.5099999904632568 -0.4699999988079071 0.0 0.0 -0.5099999904632568 -0.28999999165534973 0.0 0.0 -0.5099999904632568 -0.28999999165534973 0.0 0.0 -0.5099999904632568 -0.28999999165534973 0.0 0.0 -0.5099999904632568 -0.4699999988079071
57 -0.5099999904632568 0.0 -0.5099999904632568 -0.4699999988079071 0.0 0.0 -0.5099999904632568 -0.4699999988079071 0.0 0.0 -0.5099999904632568 -0.4699999988079071 0.0 0.0 -0.5099999904632568 -0.4699999988079071 0.0 0.0 -0.5099999904632568 -0.4699999988079071 0.0 0.0 -0.5099999904632568 -0.4699999988079071 0.0 0.0 -0.5099999904632568 -0.4699999988079071 0.0 0.0 -0.5099999904632568 -0.4699999988079071 0.0 0.0 -0.5099999904632568 -0.4699999988079071 0.0 0.0 -0.5099999904632568 -0.4699999988079071 0.0 0.0 -0.5099999904632568 -0.4699999988079071 0.0 0.0 -0.5099999904632568 -0.4699999988079071 0.0 0.0 -0.5099999904632568 -0.4699999988079071 0.0 0.0 -0.5099999904632568 -0.4699999988079071 0.0 0.0 -0.5099999904632568 -0.4699999988079071 0.0 0.0 -0.4699999988079071
570 -0.28999999165534973 0.0 0.0 -0.5099999904632568 -0.28999999165534973 0.0 0.0 -0.5099999904632568 -0.4699999988079071 0.0 0.0 -0.5099999904632568 -0.28999999165534973 0.0 0.0 -0.5099999904632568 -0.28999999165534973 0.0 0.0 -0.5099999904632568 -0.28999999165534973 0.0 0.0 -0.5099999904632568 -0.4699999988079071 0.0 0.0 -0.5099999904632568 -0.28999999165534973
571 0.0 -0.28999999165534973 0.0 0.0 -0.5099999904632568 -0.4699999988079071 0.0 0.0 -0.5099999904632568 -0.28999999165534973 0.0 0.0 -0.5099999904632568 -0.28999999165534973 0.0 0.0 -0.5099999904632568 -0.28999999165534973 0.0 0.0 -0.5099999904632568 -0.4699999988079071 0.0 0.0 -0.5099999904632568 -0.28999999165534973 0.0 0.0 -0.4699999988079071
572 -0.4699999988079071 0.0 0.0 -0.5099999904632568 -0.28999999165534973 0.0 0.0 -0.5099999904632568 -0.28999999165534973 0.0 0.0 -0.5099999904632568 -0.28999999165534973 0.0 0.0 -0.5099999904632568 -0.4699999988079071 0.0 0.0 -0.5099999904632568 -0.28999999165534973 0.0 0.0 -0.5099999904632568 -0.4699999988079071 0.0 0.0 -0.5099999904632568 -0.4699999988079071
573 0.0 -0.28999999165534973 0.0 0.0 -0.5099999904632568 -0.28999999165534973 0.0 0.0 -0.5099999904632568 -0.28999999165534973 0.0 0.0 -0.5099999904632568 -0.4699999988079071 0.0 0.0 -0.5099999904632568 -0.28999999165534973 0.0 0.0 -0.5099999904632568 -0.4699999988079071 0.0 0.0 -0.5099999904632568 -0.4699999988079071 0.0 0.0 -0.5099999904632568 -0.4699999988079071
574 0.0 -0.5099999904632568 -0.28999999165534973 0.0 0.0 -0.5099999904632568 -0.28999999165534973 0.0 0.0 -0.5099999904632568 -0.4699999988079071 0.0 0.0 -0.5099999904632568 -0.28999999165534973 0.0 0.0 -0.5099999904632568 -0.4699999988079071 0.0 0.0 -0.5099999904632568 -0.4699999988079071 0.0 0.0 -0.5099999904632568 -0.4699999988079071 0.0 0.0 -0.5099999904632568 -0.28999999165534973 0.0
575 0.0 -0.5099999904632568 -0.28999999165534973 0.0 0.0 -0.5099999904632568 -0.4699999988079071 0.0 0.0 -0.5099999904632568 -0.28999999165534973 0.0 0.0 -0.5099999904632568 -0.4699999988079071 0.0 0.0 -0.5099999904632568 -0.4699999988079071 0.0 0.0 -0.5099999904632568 -0.4699999988079071 0.0 0.0 -0.5099999904632568 -0.28999999165534973 0.0 0.0 -0.4699999988079071
576 0.0 -0.5099999904632568 -0.4699999988079071 0.0 0.0 -0.5099999904632568 -0.28999999165534973 0.0 0.0 -0.5099999904632568 -0.4699999988079071 0.0 0.0 -0.5099999904632568 -0.4699999988079071 0.0 0.0 -0.5099999904632568 -0.4699999988079071 0.0 0.0 -0.5099999904632568 -0.28999999165534973 0.0 0.0 -0.5099999904632568 -0.4699999988079071 0.0 0.0 -0.5099999904632568 -0.4699999988079071
577 0.0 -0.5099999904632568 -0.28999999165534973 0.0 0.0 -0.5099999904632568 -0.4699999988079071 0.0 0.0 -0.5099999904632568 -0.4699999988079071 0.0 0.0 -0.5099999904632568 -0.4699999988079071 0.0 0.0 -0.5099999904632568 -0.28999999165534973 0.0 0.0 -0.5099999904632568 -0.4699999988079071 0.0 0.0 -0.5099999904632568 -0.4699999988079071 0.0 0.0 -0.5099999904632568 -0.28999999165534973 0.0 0.0
578 -0.28999999165534973 0.0 0.0 -0.5099999904632568 -0.4699999988079071 0.0 0.0 -0.5099999904632568 -0.4699999988079071 0.0 0.0 -0.5099999904632568 -0.4699999988079071 0.0 0.0 -0.5099999904632568 -0.28999999165534973 0.0 0.0 -0.5099999904632568 -0.4699999988079071 0.0 0.0 -0.5099999904632568 -0.4699999988079071 0.0 0.0 -0.5099999904632568 -0.28999999165534973 0.0 0.0 -0.5099999904632568 -0.4699999988079071 0.0
579 0.0 -0.5099999904632568 -0.4699999988079071 0.0 0.0 -0.5099999904632568 -0.4699999988079071 0.0 0.0 -0.5099999904632568 -0.28999999165534973 0.0 0.0 -0.5099999904632568 -0.4699999988079071 0.0 0.0 -0.5099999904632568 -0.4699999988079071 0.0 0.0 -0.5099999904632568 -0.28999999165534973 0.0 0.0 -0.5099999904632568 -0.4699999988079071 0.0 0.0 -0.5099999904632568 -0.4699999988079071 0.0
58 -0.5099999904632568 0.0 -0.5099999904632568 -0.4699999988079071 0.0 0.0 -0.5099999904632568 -0.4699999988079071 0.0 0.0 -0.5099999904632568 -0.4699999988079071 0.0 0.0 -0.5099999904632568 -0.4699999988079071 0.0 0.0 -0.5099999904632568 -0.4699999988079071 0.0 0.0 -0.5099999904632568 -0.4699999988079071 0.0 0.0 -0.5099999904632568 -0.4699999988079071 0.0 0.0 -0.5099999904632568 -0.4699999988079071 0.0 0.0 -0.5099999904632568 -0.4699999988079071 0.0 0.0 -0.5099999904632568 -0.4699999988079071 0.0 0.0 -0.5099999904632568 -0.4699999988079071 0.0 0.0 -0.5099999904632568 -0.4699999988079071 0.0 0.0 -0.5099999904632568 -0.4699999988079071 0.0 0.0 -0.5099999904632568 -0.4699999988079071 0.0 0.0 -0.5099999904632568 -0.4699999988079071 0.0 0.0 -0.4699999988079071 0.0
580 0.0 -0.5099999904632568 -0.4699999988079071 0.0 0.0 -0.5099999904632568 -0.28999999165534973 0.0 0.0 -0.5099999904632568 -0.4699999988079071 0.0 0.0 -0.5099999904632568 -0.4699999988079071 0.0 0.0 -0.5099999904632568 -0.28999999165534973 0.0 0.0 -0.5099999904632568 -0.4699999988079071 0.0 0.0 -0.5099999904632568 -0.4699999988079071 0.0 0.0 -0.5099999904632568 -0.4699999988079071 0.0 0.0 -0.5099999904632568
581 0.0 0.0 -0.5099999904632568 -0.28999999165534973 0.0 0.0 -0.5099999904632568 -0.4699999988079071 0.0 0.0 -0.5099999904632568 -0.4699999988079071 0.0 0.0 -0.5099999904632568 -0.28999999165534973 0.0 0.0 -0.5099999904632568 -0.4699999988079071 0.0 0.0 -0.5099999904632568 -0.4699999988079071 0.0 0.0 -0.5099999904632568 -0.4699999988079071 0.0 0.0 -0.5099999904632568 -0.4699999988079071 0.0
582 0.0 -0.5099999904632568 -0.4699999988079071 0.0 0.0 -0.5099999904632568 -0.4699999988079071 0.0 0.0 -0.5099999904632568 -0.28999999165534973 0.0 0.0 -0.5099999904632568 -0.4699999988079071 0.0 0.0 -0.5099999904632568 -0.4699999988079071 0.0 0.0 -0.5099999904632568 -0.4699999988079071 0.0 0.0 -0.5099999904632568 -0.4699999988079071 0.0 0.0 -0.5099999904632568 -0.4699999988079071 0.0
583 0.0 0.0 -0.5099999904632568 -0.4699999988079071 0.0 0.0 -0.5099999904632568 -0.28999999165534973 0.0 0.0 -0.5099999904632568 -0.4699999988079071 0.0 0.0 -0.5099999904632568 -0.4699999988079071 0.0 0.0 -0.5099999904632568 -0.4699999988079071 0.0 0.0 -0.5099999904632568 -0.4699999988079071 0.0 0.0 -0.5099999904632568 -0.4699999988079071 0.0 0.0 -0.5099999904632568 -0.4699999988079071 0.0
584 0.0 0.0 -0.5099999904632568 -0.28999999165534973 0.0 0.0 -0.5099999904632568 -0.4699999988079071 0.0 0.0 -0.5099999904632568 -0.4699999988079071 0.0 0.0 -0.5099999904632568 -0.4699999988079071 0.0 0.0 -0.5099999904632568 -0.4699999988079071 0.0 0.0 -0.5099999904632568 -0.4699999988079071 0.0 0.0 -0.5099999904632568 -0.4699999988079071 0.0 0.0 -0.5099999904632568 -0.28999999165534973 0.0
585 0.0 -0.5099999904632568 -0.4699999988079071 0.0 0.0 -0.5099999904632568 -0.4699999988079071 0.0 0.0 -0.5099999904632568 -0.4699999988079071 0.0 0.0 -0.5099999904632568 -0.4699999988079071 0.0 0.0 -0.5099999904632568 -0.4699999988079071 0.0 0.0 -0.5099999904632568 -0.4699999988079071 0.0 0.0 -0.5099999904632568 -0.28999999165534973 0.0 0.0 -0.5099999904632568 -0.4699999988079071 0.0
586 -0.5099999904632568 0.0 0.0 -0.5099999904632568 -0.4699999988079071 0.0 0.0 -0.5099999904632568 -0.4699999988079071 0.0 0.0 -0.5099999904632568 -0.4699999988079071 0.0 0.0 -0.5099999904632568 -0.4699999988079071 0.0 0.0 -0.5099999904632568 -0.4699999988079071 0.0 0.0 -0.5099999904632568 -0.28999999165534973 0.0 0.0 -0.5099999904632568 -0.4699999988079071 0.0 0.0 -0.5099999904632568 -0.4699999988079071 0.0 0.0 -0.5099999904632568
587 0.0 0.0 -0.5099999904632568 -0.4699999988079071 0.0 0.0 -0.5099999904632568 -0.4699999988079071 0.0 0.0 -0.5099999904632568 -0.4699999988079071 0.0 0.0 -0.5099999904632568 -0.4699999988079071 0.0 0.0 -0.5099999904632568 -0.28999999165534973 0.0 0.0 -0.5099999904632568 -0.4699999988079071 0.0 0.0 -0.5099999904632568 -0.4699999988079071 0.0 0.0 -0.5099999904632568 -0.28999999165534973
588 0.0 -0.5099999904632568 -0.4699999988079071 0.0 0.0 -0.5099999904632568 -0.4699999988079071 0.0 0.0 -0.5099999904632568 -0.4699999988079071 0.0 0.0 -0.5099999904632568 -0.28999999165534973 0.0 0.0 -0.5099999904632568 -0.4699999988079071 0.0 0.0 -0.5099999904632568 -0.4699999988079071 0.0 0.0 -0.5099999904632568 -0.28999999165534973 0.0 0.0 -0.5099999904632568 -0.4699999988079071 0.0
589 -0.5099999904632568 -0.4699999988079071 0.0 0.0 -0.5099999904632568 -0.4699999988079071 0.0 0.0 -0.5099999904632568 -0.4699999988079071 0.0 0.0 -0.5099999904632568 -0.28999999165534973 0.0 0.0 -0.5099999904632568 -0.4699999988079071 0.0 0.0 -0.5099999904632568 -0.4699999988079071 0.0 0.0 -0.5099999904632568 -0.28999999165534973 0.0 0.0 -0.5099999904632568 -0.4699999988079071 0.0 0.0 -0.5099999904632568 -0.4699999988079071
59 0.0 -0.5099999904632568 -0.4699999988079071 0.0 0.0 -0.5099999904632568 -0.4699999988079071 0.0 0.0 -0.5099999904632568 -0.4699999988079071 0.0 0.0 -0.5099999904632568 -0.4699999988079071 0.0 0.0 -0.5099999904632568 -0.4699999988079071 0.0 0.0 -0.5099999904632568 -0.4699999988079071 0.0 0.0 -0.5099999904632568 -0.4699999988079071 0.0 0.0 -0.5099999904632568 -0.4699999988079071 0.0 0.0 -0.5099999904632568 -0.4699999988079071 0.0 0.0 -0.5099999904632568 -0.4699999988079071 0.0 0.0 -0.5099999904632568 -0.4699999988079071 0.0 0.0 -0.5099999904632568 -0.4699999988079071 0.0 0.0 -0.5099999904632568 -0.4699999988079071 0.0 0.0 -0.5099999904632568 -0.4699999988079071 0.0 0.0 -0.5099999904632568 -0.4699999988079071 0.0 0.0 -0.4699999988079071 0.0
590 0.0 0.0 -0.5099999904632568 -0.4699999988079071 0.0 0.0 -0.5099999904632568 -0.28999999165534973 0.0 0.0 -0.5099999904632568 -0.4699999988079071 0.0 0.0 -0.5099999904632568 -0.4699999988079071 0.0 0.0 -0.5099999904632568 -0.28999999165534973 0.0 0.0 -0.5099999904632568 -0.4699999988079071 0.0 0.0 -0.5099999904632568 -0.4699999988079071 0.0 0.0 -0.5099999904632568 -0.4699999988079071 0.0 0.0 -0.4699999988079071 0.0 -0.4699999988079071
591 0.0 -0.5099999904632568 -0.28999999165534973 0.0 0.0 -0.5099999904632568 -0.4699999988079071 0.0 0.0 -0.5099999904632568 -0.4699999988079071 0.0 0.0 -0.5099999904632568 -0.28999999165534973 0.0 0.0 -0.5099999904632568 -0.4699999988079071 0.0 0.0 -0.5099999904632568 -0.4699999988079071 0.0 0.0 -0.5099999904632568 -0.4699999988079071 0.0 0.0 -0.5099999904632568 -0.4699999988079071 0.0 0.0
592 0.0 0.0 -0.5099999904632568 -0.4699999988079071 0.0 0.0 -0.5099999904632568 -0.4699999988079071 0.0 0.0 -0.5099999904632568 -0.28999999165534973 0.0 0.0 -0.5099999904632568 -0.4699999988079071 0.0 0.0 -0.5099999904632568 -0.4699999988079071 0.0 0.0 -0.5099999904632568 -0.4699999988079071 0.0 0.0 -0.5099999904632568 -0.4699999988079071 0.0 0.0 -0.5099999904632568 -0.4699999988079071 0.0 0.0 -0.5099999904632568
593 0.0 0.0 -0.5099999904632568 -0.4699999988079071 0.0 0.0 -0.5099999904632568 -0.28999999165534973 0.0 0.0 -0.5099999904632568 -0.4699999988079071 0.0 0.0 -0.5099999904632568 -0.4699999988079071 0.0 0.0 -0.5099999904632568 -0.4699999988079071 0.0 0.0 -0.5099999904632568 -0.4699999988079071 0.0 0.0 -0.5099999904632568 -0.4699999988079071 0.0 0.0 -0.5099999904632568 -0.28999999165534973
594 0.0 0.0 -0.5099999904632568 -0.28999999165534973 0.0 0.0 -0.5099999904632568 -0.4699999988079071 0.0 0.0 -0.5099999904632568 -0.4699999988079071 0.0 0.0 -0.5099999904632568 -0.4699999988079071 0.0 0.0 -0.5099999904632568 -0.4699999988079071 0.0 0.0 -0.5099999904632568 -0.4699999988079071 0.0 0.0 -0.5099999904632568 -0.28999999165534973 0.0 0.0 -0.5099999904632568 -0.4699999988079071
595 0.0 -0.5099999904632568 -0.4699999988079071 0.0 0.0 -0.5099999904632568 -0.4699999988079071 0.0 0.0 -0.5099999904632568 -0.4699999988079071 0.0 0.0 -0.5099999904632568 -0.4699999988079071 0.0 0.0 -0.5099999904632568 -0.4699999988079071 0.0 0.0 -0.5099999904632568 -0.28999999165534973 0.0 0.0 -0.5099999904632568 -0.4699999988079071 -0.019999999552965164 0.0 -0.5099999904632568 -0.4699999988079071
596 0.0 -0.5099999904632568 -0.4699999988079071 0.0 0.0 -0.5099999904632568 -0.4699999988079071 0.0 0.0 -0.5099999904632568 -0.4699999988079071 0.0 0.0 -0.5099999904632568 -0.4699999988079071 0.0 0.0 -0.5099999904632568 -0.4699999988079071 0.0 0.0 -0.5099999904632568 -0.28999999165534973 0.0 0.0 -0.5099999904632568 -0.4699999988079071 -0.019999999552965164 0.0 -0.5099999904632568 -0.4699999988079071 0.0 0.0 -0.5099999904632568
597 0.0 -0.5099999904632568 -0.4699999988079071 0.0 0.0 -0.5099999904632568 -0.4699999988079071 0.0 0.0 -0.5099999904632568 -0.4699999988079071 0.0 0.0 -0.5099999904632568 -0.28999999165534973 0.0 0.0 -0.5099999904632568 -0.4699999988079071 -0.019999999552965164 0.0 -0.5099999904632568 -0.4699999988079071 0.0 0.0 -0.5099999904632568 -0.28999999165534973 0.0
598 -0.4699999988079071 0.0 0.0 -0.5099999904632568 -0.4699999988079071 0.0 0.0 -0.5099999904632568 -0.28999999165534973 0.0 0.0 -0.5099999904632568 -0.4699999988079071 -0.019999999552965164 0.0 -0.5099999904632568 -0.4699999988079071 0.0 0.0 -0.5099999904632568 -0.28999999165534973 0.0 0.0 -0.5099999904632568 -0.4699999988079071 0.0 0.0 -0.5099999904632568
599 0.0 -0.4699999988079071 0.0 0.0 -0.5099999904632568 -0.28999999165534973 0.0 0.0 -0.5099999904632568 -0.4699999988079071 -0.019999999552965164 0.0 -0.5099999904632568 -0.4699999988079071 0.0 0.0 -0.5099999904632568 -0.28999999165534973 0.0 0.0 -0.5099999904632568 -0.4699999988079071 0.0 0.0 -0.5099999904632568 -0.28999999165534973 0.0 0.0 -0.5099999904632568 -0.4699999988079071
6 -0.4699999988079071 0.0 0.0 -0.5099999904632568 -0.28999999165534973 0.0 0.0 -0.5099999904632568 -0.4699999988079071 0.0 0.0 -0.5099999904632568 -0.4699999988079071 -0.019999999552965164 0.0 -0.5099999904632568 -0.4699999988079071 -0.019999999552965164 0.0 -0.5099999904632568 -0.4699999988079071 0.0 0.0 -0.5099999904632568 -0.4699999988079071 -0.019999999552965164 0.0
60 -0.5099999904632568 0.0 -0.5099999904632568 -0.4699999988079071 0.0 0.0 -0.5099999904632568 -0.4699999988079071 0.0 0.0 -0.5099999904632568 -0.4699999988079071 0.0 0.0 -0.5099999904632568 -0.4699999988079071 0.0 0.0 -0.5099999904632568 -0.4699999988079071 0.0 0.0 -0.5099999904632568 -0.4699999988079071 0.0 0.0 -0.5099999904632568 -0.4699999988079071 0.0 0.0 -0.5099999904632568 -0.4699999988079071 0.0 0.0 -0.5099999904632568 -0.4699999988079071 0.0 0.0 -0.5099999904632568 -0.4699999988079071 0.0 0.0 -0.5099999904632568 -0.4699999988079071 0.0 0.0 -0.5099999904632568 -0.4699999988079071 0.0 0.0 -0.5099999904632568 -0.4699999988079071 0.0 0.0 -0.5099999904632568 -0.4699999988079071 0.0 0.0 -0.5099999904632568 -0.4699999988079071 0.0 0.0 -0.4699999988079071 0.0
600 -0.28999999165534973 0.0 0.0 -0.5099999904632568 -0.4699999988079071 -0.019999999552965164 0.0 -0.5099999904632568 -0.4699999988079071 0.0 0.0 -0.5099999904632568 -0.28999999165534973 0.0 0.0 -0.5099999904632568 -0.4699999988079071 0.0 0.0 -0.5099999904632568 -0.28999999165534973 0.0 0.0 -0.5099999904632568 -0.4699999988079071 -0.019999999552965164 0.0 -0.5099999904632568 -0.4699999988079071 -0.5099999904632568
601 -0.4699999988079071 -0.019999999552965164 0.0 -0.5099999904632568 -0.4699999988079071 0.0 0.0 -0.5099999904632568 -0.28999999165534973 0.0 0.0 -0.5099999904632568 -0.4699999988079071 0.0 0.0 -0.5099999904632568 -0.28999999165534973 0.0 0.0 -0.5099999904632568 -0.4699999988079071 -0.019999999552965164 0.0 -0.5099999904632568 -0.4699999988079071 0.0 0.0 -0.5099999904632568 -0.28999999165534973
602 -0.4699999988079071 0.0 0.0 -0.5099999904632568 -0.28999999165534973 0.0 0.0 -0.5099999904632568 -0.4699999988079071 0.0 0.0 -0.5099999904632568 -0.28999999165534973 0.0 0.0 -0.5099999904632568 -0.4699999988079071 -0.019999999552965164 0.0 -0.5099999904632568 -0.4699999988079071 0.0 0.0 -0.5099999904632568 -0.28999999165534973 0.0 0.0 -0.5099999904632568 -0.4699999988079071
603 -0.28999999165534973 0.0 0.0 -0.5099999904632568 -0.4699999988079071 0.0 0.0 -0.5099999904632568 -0.28999999165534973 0.0 0.0 -0.5099999904632568 -0.4699999988079071 -0.019999999552965164 0.0 -0.5099999904632568 -0.4699999988079071 0.0 0.0 -0.5099999904632568 -0.28999999165534973 0.0 0.0 -0.5099999904632568 -0.4699999988079071 0.0 0.0 -0.5099999904632568
604 0.0 -0.5099999904632568 -0.4699999988079071 0.0 0.0 -0.5099999904632568 -0.28999999165534973 0.0 0.0 -0.5099999904632568 -0.4699999988079071 -0.019999999552965164 0.0 -0.5099999904632568 -0.4699999988079071 0.0 0.0 -0.5099999904632568 -0.28999999165534973 0.0 0.0 -0.5099999904632568 -0.4699999988079071 0.0 0.0 -0.5099999904632568 -0.4699999988079071 0.0 0.0 -0.5099999904632568
605 -0.5099999904632568 0.0 0.0 -0.5099999904632568 -0.28999999165534973 0.0 0.0 -0.5099999904632568 -0.4699999988079071 -0.019999999552965164 0.0 -0.5099999904632568 -0.4699999988079071 0.0 0.0 -0.5099999904632568 -0.28999999165534973 0.0 0.0 -0.5099999904632568 -0.4699999988079071 0.0 0.0 -0.5099999904632568 -0.4699999988079071 0.0 0.0 -0.5099999904632568 -0.4699999988079071 0.0 0.0 -0.5099999904632568 -0.28999999165534973 0.0
606 -0.4699999988079071 -0.019999999552965164 0.0 -0.5099999904632568 -0.4699999988079071 0.0 0.0 -0.5099999904632568 -0.28999999165534973 0.0 0.0 -0.5099999904632568 -0.4699999988079071 0.0 0.0 -0.5099999904632568 -0.4699999988079071 0.0 0.0 -0.5099999904632568 -0.4699999988079071 0.0 0.0 -0.5099999904632568 -0.28999999165534973 0.0 0.0 -0.4699999988079071 0.0
607 -0.4699999988079071 0.0 0.0 -0.5099999904632568 -0.28999999165534973 0.0 0.0 -0.5099999904632568 -0.4699999988079071 0.0 0.0 -0.5099999904632568 -0.4699999988079071 0.0 0.0 -0.5099999904632568 -0.4699999988079071 0.0 0.0 -0.5099999904632568 -0.28999999165534973 0.0 0.0 -0.5099999904632568 -0.4699999988079071 0.0 0.0 -0.5099999904632568 -0.4699999988079071
608 -0.28999999165534973 0.0 0.0 -0.5099999904632568 -0.4699999988079071 0.0 0.0 -0.5099999904632568 -0.4699999988079071 0.0 0.0 -0.5099999904632568 -0.4699999988079071 0.0 0.0 -0.5099999904632568 -0.28999999165534973 0.0 0.0 -0.5099999904632568 -0.4699999988079071 0.0 0.0 -0.5099999904632568 -0.4699999988079071 0.0 0.0 -0.5099999904632568 -0.4699999988079071
609 0.0 0.0 -0.5099999904632568 -0.4699999988079071 0.0 0.0 -0.5099999904632568 -0.4699999988079071 0.0 0.0 -0.5099999904632568 -0.4699999988079071 0.0 0.0 -0.5099999904632568 -0.28999999165534973 0.0 0.0 -0.5099999904632568 -0.4699999988079071 0.0 0.0 -0.5099999904632568 -0.4699999988079071 0.0 0.0 -0.5099999904632568 -0.4699999988079071 -0.019999999552965164 0.0 -0.5099999904632568 -0.28999999165534973
61 -0.5099999904632568 0.0 -0.5099999904632568 -0.4699999988079071 0.0 0.0 -0.5099999904632568 -0.4699999988079071 0.0 0.0 -0.5099999904632568 -0.4699999988079071 0.0 0.0 -0.5099999904632568 -0.4699999988079071 0.0 0.0 -0.5099999904632568 -0.4699999988079071 0.0 0.0 -0.5099999904632568 -0.4699999988079071 0.0 0.0 -0.5099999904632568 -0.4699999988079071 0.0 0.0 -0.5099999904632568 -0.4699999988079071 0.0 0.0 -0.5099999904632568 -0.4699999988079071 0.0 0.0 -0.5099999904632568 -0.4699999988079071 0.0 0.0 -0.5099999904632568 -0.4699999988079071 0.0 0.0 -0.5099999904632568 -0.4699999988079071 0.0 0.0 -0.5099999904632568 -0.4699999988079071 0.0 0.0 -0.5099999904632568 -0.4699999988079071 0.0 0.0 -0.5099999904632568 -0.4699999988079071 0.0 0.0 -0.4699999988079071 0.0
610 0.0 -0.5099999904632568 -0.4699999988079071 0.0 0.0 -0.5099999904632568 -0.4699999988079071 0.0 0.0 -0.5099999904632568 -0.28999999165534973 0.0 0.0 -0.5099999904632568 -0.4699999988079071 0.0 0.0 -0.5099999904632568 -0.4699999988079071 0.0 0.0 -0.5099999904632568 -0.4699999988079071 -0.019999999552965164 0.0 -0.5099999904632568 -0.28999999165534973 0.0 0.0 -0.5099999904632568 -0.4699999988079071 0.0 0.0 -0.5099999904632568 -0.4699999988079071 0.0
611 0.0 -0.5099999904632568 -0.4699999988079071 0.0 0.0 -0.5099999904632568 -0.28999999165534973 0.0 0.0 -0.5099999904632568 -0.4699999988079071 0.0 0.0 -0.5099999904632568 -0.4699999988079071 0.0 0.0 -0.5099999904632568 -0.4699999988079071 -0.019999999552965164 0.0 -0.5099999904632568 -0.28999999165534973 0.0 0.0 -0.5099999904632568 -0.4699999988079071 0.0 0.0 -0.5099999904632568 -0.4699999988079071
612 0.0 -0.5099999904632568 -0.28999999165534973 0.0 0.0 -0.5099999904632568 -0.4699999988079071 0.0 0.0 -0.5099999904632568 -0.4699999988079071 0.0 0.0 -0.5099999904632568 -0.4699999988079071 -0.019999999552965164 0.0 -0.5099999904632568 -0.28999999165534973 0.0 0.0 -0.5099999904632568 -0.4699999988079071 0.0 0.0 -0.5099999904632568 -0.4699999988079071 0.0 0.0 -0.5099999904632568 -0.4699999988079071 -0.5099999904632568
613 0.0 -0.5099999904632568 -0.4699999988079071 0.0 0.0 -0.5099999904632568 -0.4699999988079071 0.0 0.0 -0.5099999904632568 -0.4699999988079071 -0.019999999552965164 0.0 -0.5099999904632568 -0.28999999165534973 0.0 0.0 -0.5099999904632568 -0.4699999988079071 0.0 0.0 -0.5099999904632568 -0.4699999988079071 0.0 0.0 -0.5099999904632568 -0.4699999988079071 0.0 0.0 -0.5099999904632568 -0.4699999988079071 0.0 0.0 -0.5099999904632568 -0.5099999904632568
614 0.0 -0.5099999904632568 -0.4699999988079071 0.0 0.0 -0.5099999904632568 -0.4699999988079071 -0.019999999552965164 0.0 -0.5099999904632568 -0.28999999165534973 0.0 0.0 -0.5099999904632568 -0.4699999988079071 0.0 0.0 -0.5099999904632568 -0.4699999988079071 0.0 0.0 -0.5099999904632568 -0.4699999988079071 0.0 0.0 -0.5099999904632568 -0.4699999988079071 0.0 0.0 -0.5099999904632568 -0.4699999988079071 0.0 0.0 -0.5099999904632568
615 0.0 0.0 -0.5099999904632568 -0.4699999988079071 -0.019999999552965164 0.0 -0.5099999904632568 -0.28999999165534973 0.0 0.0 -0.5099999904632568 -0.4699999988079071 0.0 0.0 -0.5099999904632568 -0.4699999988079071 0.0 0.0 -0.5099999904632568 -0.4699999988079071 0.0 0.0 -0.5099999904632568 -0.4699999988079071 0.0 0.0 -0.5099999904632568 -0.4699999988079071 0.0 0.0 -0.5099999904632568
616 -0.019999999552965164 0.0 -0.5099999904632568 -0.28999999165534973 0.0 0.0 -0.5099999904632568 -0.4699999988079071 0.0 0.0 -0.5099999904632568 -0.4699999988079071 0.0 0.0 -0.5099999904632568 -0.4699999988079071 0.0 0.0 -0.5099999904632568 -0.4699999988079071 0.0 0.0 -0.5099999904632568 -0.4699999988079071 0.0 0.0 -0.5099999904632568 -0.4699999988079071 0.0 0.0 -0.5099999904632568 -0.4699999988079071
617 0.0 -0.5099999904632568 -0.4699999988079071 0.0 0.0 -0.5099999904632568 -0.4699999988079071 0.0 0.0 -0.5099999904632568 -0.4699999988079071 0.0 0.0 -0.5099999904632568 -0.4699999988079071 0.0 0.0 -0.5099999904632568 -0.4699999988079071 0.0 0.0 -0.5099999904632568 -0.4699999988079071 0.0 0.0 -0.5099999904632568 -0.4699999988079071 0.0 -0.5099999904632568
618 0.0 -0.5099999904632568 0.0 0.0 -0.5099999904632568 -0.4699999988079071 0.0 0.0 -0.5099999904632568 -0.4699999988079071 0.0 0.0 -0.5099999904632568 -0.4699999988079071 0.0 0.0 -0.5099999904632568 -0.4699999988079071 0.0 0.0 -0.5099999904632568 -0.4699999988079071 0.0 0.0 -0.5099999904632568 -0.4699999988079071 0.0 0.0 -0.5099999904632568
619 -0.4699999988079071 0.0 0.0 -0.5099999904632568 -0.4699999988079071 0.0 0.0 -0.5099999904632568 -0.4699999988079071 0.0 0.0 -0.5099999904632568 -0.4699999988079071 0.0 0.0 -0.5099999904632568 -0.4699999988079071 0.0 0.0 -0.5099999904632568 -0.4699999988079071 0.0 0.0 -0.5099999904632568 -0.4699999988079071 -0.019999999552965164 0.0 -0.5099999904632568
62 0.0 -0.5099999904632568 -0.4699999988079071 0.0 0.0 -0.5099999904632568 -0.4699999988079071 0.0 0.0 -0.5099999904632568 -0.4699999988079071 0.0 0.0 -0.5099999904632568 -0.4699999988079071 0.0 0.0 -0.5099999904632568 -0.4699999988079071 0.0 0.0 -0.5099999904632568 -0.4699999988079071 0.0 0.0 -0.5099999904632568 -0.4699999988079071 0.0 0.0 -0.5099999904632568 -0.4699999988079071 0.0 0.0 -0.5099999904632568 -0.4699999988079071 0.0 0.0 -0.5099999904632568 -0.4699999988079071 0.0 0.0 -0.5099999904632568 -0.4699999988079071 0.0 0.0 -0.5099999904632568 -0.4699999988079071 0.0 0.0 -0.5099999904632568 -0.4699999988079071 0.0 0.0 -0.5099999904632568 -0.4699999988079071 0.0 0.0 -0.5099999904632568 -0.4699999988079071 0.0 0.0 -0.4699999988079071 0.0
620 -0.5099999904632568 -0.4699999988079071 0.0 0.0 -0.5099999904632568 -0.4699999988079071 0.0 0.0 -0.5099999904632568 -0.4699999988079071 0.0 0.0 -0.5099999904632568 -0.4699999988079071 0.0 0.0 -0.5099999904632568 -0.4699999988079071 0.0 0.0 -0.5099999904632568 -0.4699999988079071 -0.019999999552965164 0.0 -0.5099999904632568 -0.4699999988079071 0.0 0.0 -0.5099999904632568 -0.4699999988079071 0.0
621 0.0 0.0 -0.5099999904632568 -0.4699999988079071 0.0 0.0 -0.5099999904632568 -0.4699999988079071 0.0 0.0 -0.5099999904632568 -0.4699999988079071 0.0 0.0 -0.5099999904632568 -0.4699999988079071 -0.019999999552965164 0.0 -0.5099999904632568 -0.4699999988079071 0.0 0.0 -0.5099999904632568 -0.4699999988079071 0.0 0.0 -0.5099999904632568
622 -0.4699999988079071 0.0 0.0 -0.5099999904632568 -0.4699999988079071 0.0 0.0 -0.5099999904632568 -0.4699999988079071 0.0 0.0 -0.5099999904632568 -0.4699999988079071 -0.019999999552965164 0.0 -0.5099999904632568 -0.4699999988079071 0.0 0.0 -0.5099999904632568 -0.4699999988079071 0.0 0.0 -0.5099999904632568 -0.4699999988079071 0.0 0.0 -0.5099999904632568 -0.28999999165534973
623 -0.4699999988079071 0.0 0.0 -0.5099999904632568 -0.4699999988079071 0.0 0.0 -0.5099999904632568 -0.4699999988079071 -0.019999999552965164 0.0 -0.5099999904632568 -0.4699999988079071 0.0 0.0 -0.5099999904632568 -0.4699999988079071 0.0 0.0 -0.5099999904632568 -0.4699999988079071 0.0 0.0 -0.5099999904632568 -0.28999999165534973 0.0 0.0 -0.5099999904632568
624 0.0 0.0 -0.5099999904632568 -0.4699999988079071 0.0 0.0 -0.5099999904632568 -0.4699999988079071 -0.019999999552965164 0.0 -0.5099999904632568 -0.4699999988079071 0.0 0.0 -0.5099999904632568 -0.4699999988079071 0.0 0.0 -0.5099999904632568 -0.4699999988079071 0.0 0.0 -0.5099999904632568 -0.28999999165534973 0.0 0.0 -0.5099999904632568 -0.4699999988079071 0.0 0.0 -0.5099999904632568 -0.4699999988079071
625 0.0 -0.5099999904632568 -0.4699999988079071 -0.019999999552965164 0.0 -0.5099999904632568 -0.4699999988079071 0.0 0.0 -0.5099999904632568 -0.4699999988079071 0.0 0.0 -0.5099999904632568 -0.4699999988079071 0.0 0.0 -0.5099999904632568 -0.28999999165534973 0.0 0.0 -0.5099999904632568 -0.4699999988079071 0.0 0.0 -0.5099999904632568 -0.4699999988079071 0.0 0.0
626 -0.4699999988079071 -0.019999999552965164 0.0 -0.4699999988079071 0.0 0.0 -0.5099999904632568 -0.4699999988079071 0.0 0.0 -0.5099999904632568 -0.4699999988079071 0.0 0.0 -0.5099999904632568 -0.28999999165534973 0.0 0.0 -0.5099999904632568 -0.4699999988079071 0.0 0.0 -0.5099999904632568 -0.4699999988079071 0.0 0.0 -0.5099999904632568 -0.4699999988079071 0.0 0.0 -0.5099999904632568
627 0.0 0.0 -0.5099999904632568 -0.4699999988079071 0.0 0.0 -0.5099999904632568 -0.28999999165534973 0.0 0.0 -0.5099999904632568 -0.4699999988079071 0.0 0.0 -0.5099999904632568 -0.4699999988079071 0.0 0.0 -0.5099999904632568 -0.4699999988079071 0.0 0.0 -0.5099999904632568 -0.4699999988079071 0.0 0.0 -0.5099999904632568
628 0.0 0.0 -0.5099999904632568 -0.28999999165534973 0.0 0.0 -0.5099999904632568 -0.4699999988079071 0.0 0.0 -0.5099999904632568 -0.4699999988079071 0.0 0.0 -0.5099999904632568 -0.4699999988079071 0.0 0.0 -0.5099999904632568 -0.4699999988079071 0.0 0.0 -0.5099999904632568 -0.4699999988079071 0.0 -0.5099999904632568
629 0.0 -0.5099999904632568 -0.28999999165534973 0.0 0.0 -0.5099999904632568 -0.4699999988079071 0.0 0.0 -0.5099999904632568 -0.4699999988079071 0.0 0.0 -0.5099999904632568 -0.4699999988079071 0.0 0.0 -0.5099999904632568 -0.4699999988079071 0.0 0.0 -0.5099999904632568 -0.4699999988079071 0.0 0.0 -0.5099999904632568 -0.4699999988079071 0.0 0.0 -0.5099999904632568
63 -0.5099999904632568 0.0 0.0 -0.5099999904632568 -0.4699999988079071 0.0 0.0 -0.5099999904632568 -0.4699999988079071 0.0 0.0 -0.5099999904632568 -0.4699999988079071 0.0 0.0 -0.5099999904632568 -0.4699999988079071 0.0 0.0 -0.5099999904632568 -0.4699999988079071 0.0 0.0 -0.5099999904632568 -0.4699999988079071 0.0 0.0 -0.5099999904632568 -0.4699999988079071 0.0 0.0 -0.5099999904632568 -0.4699999988079071 0.0 0.0 -0.5099999904632568 -0.4699999988079071 0.0 0.0 -0.5099999904632568 -0.4699999988079071 0.0 0.0 -0.5099999904632568 -0.4699999988079071 0.0 0.0 -0.5099999904632568 -0.4699999988079071 0.0 0.0 -0.5099999904632568 -0.4699999988079071 0.0 0.0 -0.5099999904632568 -0.4699999988079071 0.0 0.0 -0.5099999904632568 -0.4699999988079071 0.0 0.0 -0.4699999988079071 0.0 -0.5099999904632568
630 -0.4699999988079071 0.0 0.0 -0.5099999904632568 -0.4699999988079071 0.0 0.0 -0.5099999904632568 -0.4699999988079071 0.0 0.0 -0.5099999904632568 -0.4699999988079071 0.0 0.0 -0.5099999904632568 -0.4699999988079071 0.0 0.0 -0.5099999904632568 -0.4699999988079071 0.0 0.0 -0.5099999904632568 -0.28999999165534973 0.0 -0.5099999904632568
631 -0.4699999988079071 0.0 0.0 -0.5099999904632568 -0.4699999988079071 0.0 0.0 -0.5099999904632568 -0.4699999988079071 0.0 0.0 -0.5099999904632568 -0.4699999988079071 0.0 0.0 -0.5099999904632568 -0.4699999988079071 0.0 0.0 -0.5099999904632568 -0.28999999165534973 0.0 0.0 -0.5099999904632568 -0.4699999988079071 -0.019999999552965164 0.0
632 0.0 0.0 -0.5099999904632568 -0.4699999988079071 0.0 0.0 -0.5099999904632568 -0.4699999988079071 0.0 0.0 -0.5099999904632568 -0.4699999988079071 0.0 0.0 -0.5099999904632568 -0.28999999165534973 0.0 0.0 -0.5099999904632568 -0.4699999988079071 -0.019999999552965164 0.0 -0.5099999904632568 -0.4699999988079071 -0.019999999552965164 -0.5099999904632568
633 0.0 0.0 -0.5099999904632568 -0.4699999988079071 0.0 0.0 -0.5099999904632568 -0.4699999988079071 0.0 0.0 -0.5099999904632568 -0.28999999165534973 0.0 0.0 -0.5099999904632568 -0.4699999988079071 -0.019999999552965164 0.0 -0.5099999904632568 -0.4699999988079071 -0.019999999552965164 0.0 -0.5099999904632568 -0.4699999988079071 0.0
634 0.0 0.0 -0.5099999904632568 -0.4699999988079071 0.0 0.0 -0.5099999904632568 -0.28999999165534973 0.0 0.0 -0.5099999904632568 -0.4699999988079071 -0.019999999552965164 0.0 -0.5099999904632568 -0.4699999988079071 -0.019999999552965164 0.0 -0.5099999904632568 -0.4699999988079071 0.0 0.0 -0.5099999904632568 -0.4699999988079071 0.0 -0.5099999904632568
635 -0.4699999988079071 0.0 0.0 -0.5099999904632568 -0.28999999165534973 0.0 0.0 -0.5099999904632568 -0.4699999988079071 -0.019999999552965164 0.0 -0.5099999904632568 -0.4699999988079071 -0.019999999552965164 0.0 -0.5099999904632568 -0.4699999988079071 0.0 0.0 -0.5099999904632568 -0.4699999988079071 0.0 0.0 -0.5099999904632568 -0.4699999988079071 0.0
636 0.0 0.0 -0.5099999904632568 -0.4699999988079071 -0.019999999552965164 0.0 -0.5099999904632568 -0.4699999988079071 -0.019999999552965164 0.0 -0.5099999904632568 -0.4699999988079071 0.0 0.0 -0.5099999904632568 -0.4699999988079071 0.0 0.0 -0.5099999904632568 -0.4699999988079071 0.0 0.0 -0.5099999904632568 -0.4699999988079071 0.0 -0.5099999904632568
637 -0.019999999552965164 0.0 -0.5099999904632568 -0.4699999988079071 -0.019999999552965164 0.0 -0.5099999904632568 -0.4699999988079071 0.0 0.0 -0.5099999904632568 -0.4699999988079071 0.0 0.0 -0.5099999904632568 -0.4699999988079071 0.0 0.0 -0.5099999904632568 -0.4699999988079071 0.0 0.0 -0.5099999904632568 -0.28999999165534973 0.0
638 -0.019999999552965164 0.0 -0.5099999904632568 -0.4699999988079071 0.0 0.0 -0.5099999904632568 -0.4699999988079071 0.0 0.0 -0.5099999904632568 -0.4699999988079071 0.0 0.0 -0.5099999904632568 -0.4699999988079071 0.0 0.0 -0.5099999904632568 -0.28999999165534973 0.0 0.0 -0.5099999904632568 -0.4699999988079071 -0.019999999552965164 0.0
639 0.0 0.0 -0.5099999904632568 -0.4699999988079071 0.0 0.0 -0.5099999904632568 -0.4699999988079071 0.0 0.0 -0.5099999904632568 -0.4699999988079071 0.0 0.0 -0.5099999904632568 -0.28999999165534973 0.0 0.0 -0.5099999904632568 -0.4699999988079071 -0.019999999552965164 0.0 -0.5099999904632568 -0.4699999988079071 0.0 0.0 -0.5099999904632568 -0.4699999988079071 -0.019999999552965164
64 -0.5099999904632568 0.0 0.0 -0.5099999904632568 -0.4699999988079071 0.0 0.0 -0.5099999904632568 -0.4699999988079071 0.0 0.0 -0.5099999904632568 -0.4699999988079071 0.0 0.0 -0.5099999904632568 -0.4699999988079071 0.0 0.0 -0.5099999904632568 -0.4699999988079071 0.0 0.0 -0.5099999904632568 -0.4699999988079071 0.0 0.0 -0.5099999904632568 -0.4699999988079071 0.0 0.0 -0.5099999904632568 -0.4699999988079071 0.0 0.0 -0.5099999904632568 -0.4699999988079071 0.0 0.0 -0.5099999904632568 -0.4699999988079071 0.0 0.0 -0.5099999904632568 -0.4699999988079071 0.0 0.0 -0.5099999904632568 -0.4699999988079071 0.0 0.0 -0.5099999904632568 -0.4699999988079071 0.0 0.0 -0.5099999904632568 -0.4699999988079071 0.0 0.0 -0.5099999904632568 -0.4699999988079071 0.0 0.0 -0.4699999988079071 0.0
640 0.0 0.0 -0.5099999904632568 -0.4699999988079071 0.0 0.0 -0.5099999904632568 -0.4699999988079071 0.0 0.0 -0.5099999904632568 -0.28999999165534973 0.0 0.0 -0.5099999904632568 -0.4699999988079071 -0.019999999552965164 0.0 -0.5099999904632568 -0.4699999988079071 0.0 0.0 -0.5099999904632568 -0.4699999988079071 -0.019999999552965164
641 0.0 0.0 -0.5099999904632568 -0.4699999988079071 0.0 0.0 -0.5099999904632568 -0.28999999165534973 0.0 0.0 -0.5099999904632568 -0.4699999988079071 -0.019999999552965164 0.0 -0.5099999904632568 -0.4699999988079071 0.0 0.0 -0.5099999904632568 -0.4699999988079071 -0.019999999552965164 0.0 -0.5099999904632568 -0.4699999988079071 0.0 -0.5099999904632568
642 -0.4699999988079071 0.0 0.0 -0.5099999904632568 -0.28999999165534973 0.0 0.0 -0.5099999904632568 -0.4699999988079071 -0.019999999552965164 0.0 -0.5099999904632568 -0.4699999988079071 0.0 0.0 -0.5099999904632568 -0.4699999988079071 -0.019999999552965164 0.0 -0.5099999904632568 -0.4699999988079071 0.0 0.0 -0.5099999904632568 -0.4699999988079071 -0.019999999552965164
643 0.0 0.0 -0.5099999904632568 -0.4699999988079071 -0.019999999552965164 0.0 -0.5099999904632568 -0.4699999988079071 0.0 0.0 -0.5099999904632568 -0.4699999988079071 -0.019999999552965164 0.0 -0.5099999904632568 -0.4699999988079071 0.0 0.0 -0.5099999904632568 -0.4699999988079071 -0.019999999552965164 0.0 -0.5099999904632568 -0.4699999988079071 0.0 -0.5099999904632568
644 -0.4699999988079071 -0.019999999552965164 0.0 -0.5099999904632568 -0.4699999988079071 0.0 0.0 -0.5099999904632568 -0.4699999988079071 -0.019999999552965164 0.0 -0.5099999904632568 -0.4699999988079071 0.0 0.0 -0.5099999904632568 -0.4699999988079071 -0.019999999552965164 0.0 -0.5099999904632568 -0.4699999988079071 0.0 0.0 -0.5099999904632568 -0.4699999988079071 0.0
645 0.0 0.0 -0.5099999904632568 -0.4699999988079071 -0.019999999552965164 0.0 -0.5099999904632568 -0.4699999988079071 0.0 0.0 -0.5099999904632568 -0.4699999988079071 -0.019999999552965164 0.0 -0.5099999904632568 -0.4699999988079071 0.0 0.0 -0.5099999904632568 -0.4699999988079071 0.0 0.0 -0.5099999904632568 -0.28999999165534973 0.0
646 -0.4699999988079071 -0.019999999552965164 0.0 -0.5099999904632568 -0.4699999988079071 0.0 0.0 -0.5099999904632568 -0.4699999988079071 -0.019999999552965164 0.0 -0.5099999904632568 -0.4699999988079071 0.0 0.0 -0.5099999904632568 -0.4699999988079071 0.0 0.0 -0.5099999904632568 -0.28999999165534973 0.0 0.0 -0.5099999904632568 -0.4699999988079071 -0.019999999552965164
647 -0.4699999988079071 0.0 0.0 -0.5099999904632568 -0.4699999988079071 -0.019999999552965164 0.0 -0.5099999904632568 -0.4699999988079071 0.0 0.0 -0.5099999904632568 -0.4699999988079071 0.0 0.0 -0.5099999904632568 -0.28999999165534973 0.0 0.0 -0.5099999904632568 -0.4699999988079071 -0.019999999552965164 0.0 -0.5099999904632568 -0.4699999988079071 0.0
648 -0.019999999552965164 0.0 -0.5099999904632568 -0.4699999988079071 0.0 0.0 -0.5099999904632568 -0.4699999988079071 0.0 0.0 -0.5099999904632568 -0.28999999165534973 0.0 0.0 -0.5099999904632568 -0.4699999988079071 -0.019999999552965164 0.0 -0.5099999904632568 -0.4699999988079071 0.0 0.0 -0.5099999904632568 -0.28999999165534973 0.0
649 0.0 0.0 -0.5099999904632568 -0.4699999988079071 0.0 0.0 -0.5099999904632568 -0.28999999165534973 0.0 0.0 -0.5099999904632568 -0.4699999988079071 -0.019999999552965164 0.0 -0.5099999904632568 -0.4699999988079071 0.0 0.0 -0.5099999904632568 -0.28999999165534973 0.0 0.0 -0.5099999904632568 -0.4699999988079071 0.0 0.0 -0.5099999904632568 -0.4699999988079071
65 0.0 -0.5099999904632568 -0.4699999988079071 0.0 0.0 -0.5099999904632568 -0.4699999988079071 0.0 0.0 -0.5099999904632568 -0.4699999988079071 0.0 0.0 -0.5099999904632568 -0.4699999988079071 0.0 0.0 -0.5099999904632568 -0.4699999988079071 0.0 0.0 -0.5099999904632568 -0.4699999988079071 0.0 0.0 -0.5099999904632568 -0.4699999988079071 0.0 0.0 -0.5099999904632568 -0.4699999988079071 0.0 0.0 -0.5099999904632568 -0.4699999988079071 0.0 0.0 -0.5099999904632568 -0.4699999988079071 0.0 0.0 -0.5099999904632568 -0.4699999988079071 0.0 0.0 -0.5099999904632568 -0.4699999988079071 0.0 0.0 -0.5099999904632568 -0.4699999988079071 0.0 0.0 -0.5099999904632568 -0.4699999988079071 0.0 0.0 -0.5099999904632568 -0.4699999988079071 0.0 0.0 -0.4699999988079071 0.0
650 0.0 0.0 -0.5099999904632568 -0.28999999165534973 0.0 0.0 -0.5099999904632568 -0.4699999988079071 -0.019999999552965164 0.0 -0.5099999904632568 -0.4699999988079071 0.0 0.0 -0.5099999904632568 -0.28999999165534973 0.0 0.0 -0.5099999904632568 -0.4699999988079071 0.0 0.0 -0.5099999904632568 -0.4699999988079071 0.0 0.0 -0.5099999904632568 -0.4699999988079071
651 0.0 0.0 -0.5099999904632568 -0.4699999988079071 -0.019999999552965164 0.0 -0.5099999904632568 -0.4699999988079071 0.0 0.0 -0.5099999904632568 -0.28999999165534973 0.0 0.0 -0.5099999904632568 -0.4699999988079071 0.0 0.0 -0.5099999904632568 -0.4699999988079071 0.0 0.0 -0.5099999904632568 -0.4699999988079071 0.0 0.0 -0.5099999904632568 -0.4699999988079071 0.0
652 -0.4699999988079071 -0.019999999552965164 0.0 -0.5099999904632568 -0.4699999988079071 0.0 0.0 -0.5099999904632568 -0.28999999165534973 0.0 0.0 -0.5099999904632568 -0.4699999988079071 0.0 0.0 -0.5099999904632568 -0.4699999988079071 0.0 0.0 -0.5099999904632568 -0.4699999988079071 0.0 0.0 -0.5099999904632568 -0.28999999165534973 0.0 0.0 -0.4699999988079071 0.0 0.0 -0.4699999988079071 0.0
653 -0.5099999904632568 -0.4699999988079071 0.0 0.0 -0.5099999904632568 -0.28999999165534973 0.0 0.0 -0.5099999904632568 -0.4699999988079071 0.0 0.0 -0.5099999904632568 -0.4699999988079071 0.0 0.0 -0.5099999904632568 -0.4699999988079071 0.0 0.0 -0.5099999904632568 -0.28999999165534973 0.0 0.0 -0.5099999904632568 -0.4699999988079071 0.0 0.0 -0.5099999904632568 -0.4699999988079071 0.0 0.0 -0.4699999988079071
654 0.0 -0.5099999904632568 -0.28999999165534973 0.0 0.0 -0.5099999904632568 -0.4699999988079071 0.0 0.0 -0.5099999904632568 -0.4699999988079071 0.0 0.0 -0.5099999904632568 -0.4699999988079071 0.0 0.0 -0.5099999904632568 -0.28999999165534973 0.0 0.0 -0.5099999904632568 -0.4699999988079071 0.0 0.0 -0.5099999904632568 -0.4699999988079071 0.0 0.0 -0.5099999904632568 -0.4699999988079071 0.0 0.0 -0.5099999904632568 -0.4699999988079071 0.0 0.0 -0.4699999988079071 0.0 -0.4699999988079071
655 -0.4699999988079071 0.0 0.0 -0.5099999904632568 -0.4699999988079071 0.0 0.0 -0.5099999904632568 -0.4699999988079071 0.0 0.0 -0.5099999904632568 -0.28999999165534973 0.0 0.0 -0.5099999904632568 -0.4699999988079071 0.0 0.0 -0.5099999904632568 -0.4699999988079071 0.0 0.0 -0.5099999904632568 -0.4699999988079071 0.0 0.0 -0.5099999904632568 -0.4699999988079071 0.0 0.0 -0.5099999904632568 -0.4699999988079071 0.0 0.0 -0.4699999988079071
656 -0.4699999988079071 0.0 0.0 -0.5099999904632568 -0.4699999988079071 0.0 0.0 -0.5099999904632568 -0.4699999988079071 0.0 0.0 -0.5099999904632568 -0.28999999165534973 0.0 0.0 -0.5099999904632568 -0.4699999988079071 0.0 0.0 -0.5099999904632568 -0.4699999988079071 0.0 0.0 -0.5099999904632568 -0.4699999988079071 0.0 0.0 -0.5099999904632568 -0.4699999988079071 0.0 0.0 -0.5099999904632568 -0.4699999988079071 0.0 0.0 -0.5099999904632568 -0.4699999988079071 0.0 0.0 -0.5099999904632568 -0.4699999988079071 0.0 0.0 -0.4699999988079071 0.0 -0.5099999904632568
657 0.0 -0.5099999904632568 -0.4699999988079071 -0.019999999552965164 0.0 -0.5099999904632568 -0.4699999988079071 0.0 0.0 -0.5099999904632568 -0.28999999165534973 0.0 0.0 -0.5099999904632568 -0.4699999988079071 0.0 0.0 -0.5099999904632568 -0.4699999988079071 0.0 0.0 -0.5099999904632568 -0.4699999988079071 0.0 0.0 -0.5099999904632568 -0.28999999165534973 0.0 0.0 -0.5099999904632568 -0.4699999988079071 0.0 0.0 -0.5099999904632568 -0.4699999988079071 0.0 0.0 -0.5099999904632568 -0.4699999988079071 0.0 0.0 -0.5099999904632568 -0.4699999988079071 0.0 0.0 -0.5099999904632568 -0.4699999988079071 0.0 0.0 -0.5099999904632568 -0.4699999988079071 0.0 0.0 -0.5099999904632568 -0.4699999988079071 0.0 0.0 -0.5099999904632568 -0.4699999988079071 0.0 0.0 -0.5099999904632568 -0.4699999988079071 -0.019999999552965164
658 0.0 0.0 -0.4699999988079071 0.0 0.0 -0.5099999904632568 -0.28999999165534973 0.0 0.0 -0.5099999904632568 -0.4699999988079071 0.0 0.0 -0.5099999904632568 -0.4699999988079071 0.0 0.0 -0.5099999904632568 -0.4699999988079071 0.0 0.0 -0.5099999904632568 -0.4699999988079071 0.0 0.0 -0.5099999904632568 -0.4699999988079071 0.0 0.0 -0.5099999904632568 -0.4699999988079071 0.0 0.0 -0.5099999904632568 -0.4699999988079071 0.0 0.0 -0.5099999904632568 -0.4699999988079071 0.0 0.0 -0.5099999904632568 -0.4699999988079071 -0.019999999552965164
659 -0.4699999988079071 0.0 0.0 -0.5099999904632568 -0.28999999165534973 0.0 0.0 -0.5099999904632568 -0.4699999988079071 0.0 0.0 -0.5099999904632568 -0.4699999988079071 0.0 0.0 -0.5099999904632568 -0.4699999988079071 0.0 0.0 -0.5099999904632568 -0.4699999988079071 0.0 0.0 -0.5099999904632568 -0.4699999988079071 0.0 0.0 -0.5099999904632568 -0.4699999988079071 0.0 0.0 -0.5099999904632568 -0.4699999988079071 0.0 0.0 -0.5099999904632568 -0.4699999988079071 0.0 0.0 -0.5099999904632568 -0.4699999988079071 -0.019999999552965164
66 0.0 -0.5099999904632568 -0.4699999988079071 0.0 0.0 -0.5099999904632568 -0.4699999988079071 0.0 0.0 -0.5099999904632568 -0.4699999988079071 0.0 0.0 -0.5099999904632568 -0.4699999988079071 0.0 0.0 -0.5099999904632568 -0.4699999988079071 0.0 0.0 -0.5099999904632568 -0.4699999988079071 0.0 0.0 -0.5099999904632568 -0.4699999988079071 0.0 0.0 -0.5099999904632568 -0.4699999988079071 0.0 0.0 -0.5099999904632568 -0.4699999988079071 0.0 0.0 -0.5099999904632568 -0.4699999988079071 0.0 0.0 -0.5099999904632568 -0.4699999988079071 0.0 0.0 -0.5099999904632568 -0.4699999988079071 0.0 0.0 -0.5099999904632568 -0.4699999988079071 0.0 0.0 -0.5099999904632568 -0.4699999988079071 0.0 0.0 -0.5099999904632568 -0.4699999988079071 0.0 0.0 -0.4699999988079071
660 0.0 -0.5099999904632568 -0.4699999988079071 0.0 0.0 -0.5099999904632568 -0.28999999165534973 0.0 0.0 -0.5099999904632568 -0.4699999988079071 0.0 0.0 -0.5099999904632568 -0.4699999988079071 0.0 0.0 -0.5099999904632568 -0.4699999988079071 0.0 0.0 -0.5099999904632568 -0.4699999988079071 0.0 0.0 -0.5099999904632568 -0.4699999988079071 0.0 0.0 -0.5099999904632568 -0.4699999988079071 0.0 0.0 -0.5099999904632568 -0.4699999988079071 0.0 0.0 -0.5099999904632568 -0.4699999988079071 0.0 0.0 -0.5099999904632568 -0.4699999988079071 -0.019999999552965164 0.0 -0.5099999904632568 -0.4699999988079071 0.0 0.0 -0.5099999904632568 -0.4699999988079071
661 -0.5099999904632568 0.0 0.0 -0.5099999904632568 -0.4699999988079071 0.0 0.0 -0.5099999904632568 -0.4699999988079071 0.0 0.0 -0.5099999904632568 -0.4699999988079071 0.0 0.0 -0.5099999904632568 -0.4699999988079071 0.0 0.0 -0.5099999904632568 -0.4699999988079071 0.0 0.0 -0.5099999904632568 -0.4699999988079071 0.0 0.0 -0.5099999904632568 -0.4699999988079071 0.0 0.0 -0.5099999904632568 -0.4699999988079071 0.0 0.0 -0.5099999904632568 -0.4699999988079071 -0.019999999552965164 0.0 -0.5099999904632568 -0.4699999988079071 0.0 0.0 -0.5099999904632568 -0.4699999988079071
662 -0.4699999988079071 0.0 0.0 -0.5099999904632568 -0.4699999988079071 0.0 0.0 -0.5099999904632568 -0.4699999988079071 0.0 0.0 -0.5099999904632568 -0.4699999988079071 0.0 0.0 -0.5099999904632568 -0.4699999988079071 0.0 0.0 -0.5099999904632568 -0.4699999988079071 0.0 0.0 -0.5099999904632568 -0.4699999988079071 0.0 0.0 -0.5099999904632568 -0.4699999988079071 0.0 0.0 -0.5099999904632568 -0.4699999988079071 -0.019999999552965164 0.0 -0.5099999904632568 -0.4699999988079071 0.0 0.0 -0.5099999904632568 -0.4699999988079071
663 0.0 -0.5099999904632568 -0.4699999988079071 0.0 0.0 -0.5099999904632568 -0.4699999988079071 0.0 0.0 -0.5099999904632568 -0.4699999988079071 0.0 0.0 -0.5099999904632568 -0.4699999988079071 0.0 0.0 -0.5099999904632568 -0.4699999988079071 0.0 0.0 -0.5099999904632568 -0.4699999988079071 0.0 0.0 -0.5099999904632568 -0.4699999988079071 0.0 0.0 -0.5099999904632568 -0.4699999988079071 -0.019999999552965164 0.0 -0.5099999904632568 -0.4699999988079071 0.0 0.0 -0.5099999904632568 -0.4699999988079071 0.0
664 0.0 0.0 -0.5099999904632568 0.0 -0.5099999904632568 -0.4699999988079071 0.0 0.0 -0.5099999904632568 -0.4699999988079071 0.0 0.0 -0.5099999904632568 -0.4699999988079071 0.0 0.0 -0.5099999904632568 -0.4699999988079071 0.0 0.0 -0.5099999904632568 -0.4699999988079071 0.0 0.0 -0.5099999904632568 -0.4699999988079071 -0.019999999552965164 0.0 -0.5099999904632568 -0.4699999988079071 0.0 0.0 -0.5099999904632568 -0.4699999988079071 0.0 0.0 -0.5099999904632568 -0.4699999988079071 0.0 0.0 -0.5099999904632568
665 0.0 0.0 -0.5099999904632568 -0.4699999988079071 0.0 0.0 -0.5099999904632568 -0.4699999988079071 0.0 0.0 -0.5099999904632568 -0.4699999988079071 0.0 0.0 -0.5099999904632568 -0.4699999988079071 -0.019999999552965164 0.0 -0.5099999904632568 -0.4699999988079071 0.0 0.0 -0.5099999904632568 -0.4699999988079071 0.0 0.0 -0.5099999904632568 -0.4699999988079071 0.0 0.0 -0.5099999904632568 -0.4699999988079071 0.0
666 -0.5099999904632568 0.0 -0.5099999904632568 0.0 -0.5099999904632568 -0.4699999988079071 0.0 0.0 -0.5099999904632568 -0.4699999988079071 -0.019999999552965164 0.0 -0.5099999904632568 -0.4699999988079071 0.0 0.0 -0.5099999904632568 -0.4699999988079071 0.0 0.0 -0.5099999904632568 -0.4699999988079071 0.0 0.0 -0.5099999904632568 -0.4699999988079071 0.0 0.0 -0.5099999904632568 -0.4699999988079071 -0.019999999552965164
667 -0.4699999988079071 -0.019999999552965164 0.0 -0.5099999904632568 -0.4699999988079071 0.0 0.0 -0.5099999904632568 -0.4699999988079071 0.0 0.0 -0.5099999904632568 -0.4699999988079071 0.0 0.0 -0.5099999904632568 -0.4699999988079071 0.0 0.0 -0.5099999904632568 -0.4699999988079071 -0.019999999552965164 0.0 -0.5099999904632568 -0.28999999165534973 0.0 0.0 -0.5099999904632568 -0.4699999988079071
668 0.0 0.0 -0.5099999904632568 -0.4699999988079071 0.0 0.0 -0.5099999904632568 -0.4699999988079071 0.0 0.0 -0.5099999904632568 -0.4699999988079071 0.0 0.0 -0.5099999904632568 -0.4699999988079071 -0.019999999552965164 0.0 -0.5099999904632568 -0.28999999165534973 0.0 0.0 -0.5099999904632568 -0.4699999988079071 0.0 0.0 -0.5099999904632568
669 0.0 0.0 -0.5099999904632568 -0.4699999988079071 0.0 0.0 -0.5099999904632568 -0.4699999988079071 0.0 0.0 -0.5099999904632568 -0.4699999988079071 -0.019999999552965164 0.0 -0.5099999904632568 -0.28999999165534973 0.0 0.0 -0.5099999904632568 -0.4699999988079071 0.0 0.0 -0.5099999904632568 -0.4699999988079071 -0.019999999552965164
67 -0.5099999904632568 0.0 -0.5099999904632568 -0.4699999988079071 0.0 0.0 -0.5099999904632568 -0.4699999988079071 0.0 0.0 -0.5099999904632568 -0.4699999988079071 0.0 0.0 -0.5099999904632568 -0.4699999988079071 0.0 0.0 -0.5099999904632568 -0.4699999988079071 0.0 0.0 -0.5099999904632568 -0.4699999988079071 0.0 0.0 -0.5099999904632568 -0.4699999988079071 0.0 0.0 -0.5099999904632568 -0.4699999988079071 0.0 0.0 -0.5099999904632568 -0.4699999988079071 0.0 0.0 -0.5099999904632568 -0.4699999988079071 0.0 0.0 -0.5099999904632568 -0.4699999988079071 0.0 0.0 -0.5099999904632568 -0.4699999988079071 0.0 0.0 -0.5099999904632568 -0.4699999988079071 0.0 0.0 -0.5099999904632568 -0.4699999988079071 0.0 0.0 -0.5099999904632568 -0.4699999988079071 0.0 0.0 -0.4699999988079071 0.0 -0.4699999988079071 0.0 0.0 -0.5099999904632568
670 0.0 0.0 -0.5099999904632568 -0.4699999988079071 0.0 0.0 -0.5099999904632568 -0.4699999988079071 -0.019999999552965164 0.0 -0.5099999904632568 -0.28999999165534973 0.0 0.0 -0.5099999904632568 -0.4699999988079071 0.0 0.0 -0.5099999904632568 -0.4699999988079071 -0.019999999552965164 0.0 -0.5099999904632568 -0.28999999165534973 0.0
671 0.0 0.0 -0.5099999904632568 -0.4699999988079071 -0.019999999552965164 0.0 -0.5099999904632568 -0.28999999165534973 0.0 0.0 -0.5099999904632568 -0.4699999988079071 0.0 0.0 -0.5099999904632568 -0.4699999988079071 -0.019999999552965164 0.0 -0.5099999904632568 -0.28999999165534973 0.0 0.0 -0.5099999904632568 -0.4699999988079071 0.0 -0.5099999904632568
672 -0.4699999988079071 -0.019999999552965164 0.0 -0.5099999904632568 -0.28999999165534973 0.0 0.0 -0.5099999904632568 -0.4699999988079071 0.0 0.0 -0.5099999904632568 -0.4699999988079071 -0.019999999552965164 0.0 -0.5099999904632568 -0.28999999165534973 0.0 0.0 -0.5099999904632568 -0.4699999988079071 0.0 0.0 -0.5099999904632568 -0.4699999988079071 -0.019999999552965164
673 0.0 0.0 -0.5099999904632568 -0.4699999988079071 0.0 0.0 -0.5099999904632568 -0.4699999988079071 -0.019999999552965164 0.0 -0.5099999904632568 -0.28999999165534973 0.0 0.0 -0.5099999904632568 -0.4699999988079071 0.0 0.0 -0.5099999904632568 -0.4699999988079071 -0.019999999552965164 0.0 -0.5099999904632568 -0.28999999165534973 0.0
674 0.0 0.0 -0.5099999904632568 -0.4699999988079071 -0.019999999552965164 0.0 -0.5099999904632568 -0.28999999165534973 0.0 0.0 -0.5099999904632568 -0.4699999988079071 0.0 0.0 -0.5099999904632568 -0.4699999988079071 -0.019999999552965164 0.0 -0.5099999904632568 -0.28999999165534973 0.0 0.0 -0.5099999904632568 -0.4699999988079071 0.0 -0.5099999904632568
675 -0.4699999988079071 -0.019999999552965164 0.0 -0.5099999904632568 -0.28999999165534973 0.0 0.0 -0.5099999904632568 -0.4699999988079071 0.0 0.0 -0.5099999904632568 -0.4699999988079071 -0.019999999552965164 0.0 -0.5099999904632568 -0.28999999165534973 0.0 0.0 -0.5099999904632568 -0.4699999988079071 0.0 0.0 -0.5099999904632568 -0.4699999988079071 0.0
676 0.0 0.0 -0.5099999904632568 -0.4699999988079071 0.0 0.0 -0.5099999904632568 -0.4699999988079071 -0.019999999552965164 0.0 -0.5099999904632568 -0.28999999165534973 0.0 0.0 -0.5099999904632568 -0.4699999988079071 0.0 0.0 -0.5099999904632568 -0.4699999988079071 0.0 0.0 -0.5099999904632568 -0.4699999988079071 0.0
677 -0.4699999988079071 0.0 0.0 -0.5099999904632568 -0.4699999988079071 -0.019999999552965164 0.0 -0.5099999904632568 -0.28999999165534973 0.0 0.0 -0.5099999904632568 -0.4699999988079071 0.0 0.0 -0.5099999904632568 -0.4699999988079071 0.0 0.0 -0.5099999904632568 -0.4699999988079071 0.0 0.0 -0.5099999904632568 -0.4699999988079071 -0.019999999552965164
678 -0.019999999552965164 0.0 -0.5099999904632568 -0.28999999165534973 0.0 0.0 -0.5099999904632568 -0.4699999988079071 0.0 0.0 -0.5099999904632568 -0.4699999988079071 0.0 0.0 -0.5099999904632568 -0.4699999988079071 0.0 0.0 -0.5099999904632568 -0.4699999988079071 -0.019999999552965164 0.0 -0.5099999904632568 -0.4699999988079071 0.0
679 0.0 0.0 -0.5099999904632568 -0.4699999988079071 0.0 0.0 -0.5099999904632568 -0.4699999988079071 0.0 0.0 -0.5099999904632568 -0.4699999988079071 0.0 0.0 -0.5099999904632568 -0.4699999988079071 -0.019999999552965164 0.0 -0.5099999904632568 -0.4699999988079071 0.0 0.0 -0.5099999904632568 -0.28999999165534973 0.0
68 -0.5099999904632568 0.0 -0.5099999904632568 -0.4699999988079071 0.0 0.0 -0.5099999904632568 -0.4699999988079071 0.0 0.0 -0.5099999904632568 -0.4699999988079071 0.0 0.0 -0.5099999904632568 -0.4699999988079071 0.0 0.0 -0.5099999904632568 -0.4699999988079071 0.0 0.0 -0.5099999904632568 -0.4699999988079071 0.0 0.0 -0.5099999904632568 -0.4699999988079071 0.0 0.0 -0.5099999904632568 -0.4699999988079071 0.0 0.0 -0.5099999904632568 -0.4699999988079071 0.0 0.0 -0.5099999904632568 -0.4699999988079071 0.0 0.0 -0.5099999904632568 -0.4699999988079071 0.0 0.0 -0.5099999904632568 -0.4699999988079071 0.0 0.0 -0.5099999904632568 -0.4699999988079071 0.0 0.0 -0.5099999904632568 -0.4699999988079071 0.0 0.0 -0.5099999904632568 -0.4699999988079071 0.0 0.0 -0.4699999988079071 0.0
680 0.0 0.0 -0.5099999904632568 -0.4699999988079071 0.0 0.0 -0.5099999904632568 -0.4699999988079071 0.0 0.0 -0.5099999904632568 -0.4699999988079071 -0.019999999552965164 0.0 -0.5099999904632568 -0.4699999988079071 0.0 0.0 -0.5099999904632568 -0.28999999165534973 0.0 0.0 -0.5099999904632568 -0.4699999988079071 0.0
681 0.0 0.0 -0.5099999904632568 -0.4699999988079071 0.0 0.0 -0.5099999904632568 -0.4699999988079071 -0.019999999552965164 0.0 -0.5099999904632568 -0.4699999988079071 0.0 0.0 -0.5099999904632568 -0.28999999165534973 0.0 0.0 -0.5099999904632568 -0.4699999988079071 0.0 0.0 -0.5099999904632568 -0.4699999988079071 0.0 0.0 -0.5099999904632568
682 -0.4699999988079071 0.0 0.0 -0.5099999904632568 -0.4699999988079071 -0.019999999552965164 0.0 -0.5099999904632568 -0.4699999988079071 0.0 0.0 -0.5099999904632568 -0.28999999165534973 0.0 0.0 -0.5099999904632568 -0.4699999988079071 0.0 0.0 -0.5099999904632568 -0.4699999988079071 0.0 0.0 -0.5099999904632568 -0.4699999988079071 0.0 -0.5099999904632568
683 -0.019999999552965164 0.0 -0.5099999904632568 -0.4699999988079071 0.0 0.0 -0.5099999904632568 -0.28999999165534973 0.0 0.0 -0.5099999904632568 -0.4699999988079071 0.0 0.0 -0.5099999904632568 -0.4699999988079071 0.0 0.0 -0.5099999904632568 -0.4699999988079071 0.0 0.0 -0.5099999904632568 -0.4699999988079071 0.0 0.0 -0.5099999904632568
684 0.0 0.0 -0.5099999904632568 -0.28999999165534973 0.0 0.0 -0.5099999904632568 -0.4699999988079071 0.0 0.0 -0.5099999904632568 -0.4699999988079071 0.0 0.0 -0.5099999904632568 -0.4699999988079071 0.0 0.0 -0.5099999904632568 -0.4699999988079071 0.0 0.0 -0.5099999904632568 -0.4699999988079071 0.0 0.0 -0.5099999904632568
685 0.0 0.0 -0.5099999904632568 -0.4699999988079071 0.0 0.0 -0.5099999904632568 -0.4699999988079071 0.0 0.0 -0.5099999904632568 -0.4699999988079071 0.0 0.0 -0.5099999904632568 -0.4699999988079071 0.0 0.0 -0.5099999904632568 -0.4699999988079071 0.0 0.0 -0.5099999904632568 -0.4699999988079071 0.0 0.0
686 0.0 0.0 -0.5099999904632568 -0.4699999988079071 0.0 0.0 -0.5099999904632568 -0.4699999988079071 0.0 0.0 -0.5099999904632568 -0.4699999988079071 0.0 0.0 -0.5099999904632568 -0.4699999988079071 0.0 0.0 -0.5099999904632568 -0.4699999988079071 0.0 0.0 -0.5099999904632568 -0.4699999988079071 0.0
687 0.0 0.0 -0.5099999904632568 -0.4699999988079071 0.0 0.0 -0.5099999904632568 -0.4699999988079071 0.0 0.0 -0.5099999904632568 -0.4699999988079071 0.0 0.0 -0.5099999904632568 -0.4699999988079071 0.0 0.0 -0.5099999904632568 -0.4699999988079071 0.0 0.0 -0.5099999904632568 -0.4699999988079071 0.0
688 0.0 0.0 -0.5099999904632568 -0.4699999988079071 0.0 0.0 -0.5099999904632568 -0.4699999988079071 0.0 0.0 -0.5099999904632568 -0.4699999988079071 0.0 0.0 -0.5099999904632568 -0.4699999988079071 0.0 0.0 -0.5099999904632568 -0.4699999988079071 0.0 0.0 -0.5099999904632568 -0.4699999988079071 0.0 0.0 -0.5099999904632568 -0.4699999988079071
689 -0.4699999988079071 0.0 0.0 -0.5099999904632568 -0.4699999988079071 0.0 0.0 -0.5099999904632568 -0.4699999988079071 0.0 0.0 -0.5099999904632568 -0.4699999988079071 0.0 0.0 -0.5099999904632568 -0.4699999988079071 0.0 0.0 -0.5099999904632568 -0.4699999988079071 0.0 0.0 -0.5099999904632568 -0.4699999988079071 0.0 0.0 -0.5099999904632568
69 -0.5099999904632568 0.0 -0.5099999904632568 -0.4699999988079071 0.0 0.0 -0.5099999904632568 -0.4699999988079071 0.0 0.0 -0.5099999904632568 -0.4699999988079071 0.0 0.0 -0.5099999904632568 -0.4699999988079071 0.0 0.0 -0.5099999904632568 -0.4699999988079071 0.0 0.0 -0.5099999904632568 -0.4699999988079071 0.0 0.0 -0.5099999904632568 -0.4699999988079071 0.0 0.0 -0.5099999904632568 -0.4699999988079071 0.0 0.0 -0.5099999904632568 -0.4699999988079071 0.0 0.0 -0.5099999904632568 -0.4699999988079071 0.0 0.0 -0.5099999904632568 -0.4699999988079071 0.0 0.0 -0.5099999904632568 -0.4699999988079071 0.0 0.0 -0.5099999904632568 -0.4699999988079071 0.0 0.0 -0.5099999904632568 -0.4699999988079071 0.0 0.0 -0.5099999904632568 -0.4699999988079071 0.0 0.0 -0.4699999988079071
690 -0.4699999988079071 0.0 0.0 -0.5099999904632568 -0.4699999988079071 0.0 0.0 -0.5099999904632568 -0.4699999988079071 0.0 0.0 -0.5099999904632568 -0.4699999988079071 0.0 0.0 -0.5099999904632568 -0.4699999988079071 0.0 0.0 -0.5099999904632568 -0.4699999988079071 0.0 0.0 -0.5099999904632568 -0.4699999988079071 0.0 0.0 -0.5099999904632568
691 0.0 0.0 -0.5099999904632568 -0.4699999988079071 0.0 0.0 -0.5099999904632568 -0.4699999988079071 0.0 0.0 -0.5099999904632568 -0.4699999988079071 0.0 0.0 -0.5099999904632568 -0.4699999988079071 0.0 0.0 -0.5099999904632568 -0.4699999988079071 0.0 0.0 -0.5099999904632568 -0.4699999988079071 0.0 0.0 -0.5099999904632568
692 -0.5099999904632568 0.0 0.0 -0.5099999904632568 -0.4699999988079071 0.0 0.0 -0.5099999904632568 -0.4699999988079071 0.0 0.0 -0.5099999904632568 -0.4699999988079071 0.0 0.0 -0.5099999904632568 -0.4699999988079071 0.0 0.0 -0.5099999904632568 -0.4699999988079071 0.0 0.0 -0.5099999904632568 -0.4699999988079071 0.0 0.0 -0.5099999904632568
693 0.0 0.0 -0.5099999904632568 -0.4699999988079071 0.0 0.0 -0.5099999904632568 -0.4699999988079071 0.0 0.0 -0.5099999904632568 -0.4699999988079071 0.0 0.0 -0.5099999904632568 -0.4699999988079071 0.0 0.0 -0.5099999904632568 -0.4699999988079071 0.0 0.0 -0.5099999904632568 -0.4699999988079071 0.0
694 0.0 0.0 -0.5099999904632568 -0.4699999988079071 0.0 0.0 -0.5099999904632568 -0.4699999988079071 0.0 0.0 -0.5099999904632568 -0.4699999988079071 0.0 0.0 -0.5099999904632568 -0.4699999988079071 0.0 0.0 -0.5099999904632568 -0.4699999988079071 0.0 0.0 -0.5099999904632568 -0.4699999988079071 -0.019999999552965164 -0.5099999904632568
695 0.0 0.0 -0.5099999904632568 -0.4699999988079071 0.0 0.0 -0.5099999904632568 -0.4699999988079071 0.0 0.0 -0.5099999904632568 -0.4699999988079071 0.0 0.0 -0.5099999904632568 -0.4699999988079071 0.0 0.0 -0.5099999904632568 -0.4699999988079071 -0.019999999552965164 0.0 -0.5099999904632568 -0.4699999988079071 0.0
696 0.0 0.0 -0.5099999904632568 -0.4699999988079071 0.0 0.0 -0.5099999904632568 -0.4699999988079071 0.0 0.0 -0.5099999904632568 -0.4699999988079071 0.0 0.0 -0.5099999904632568 -0.4699999988079071 -0.019999999552965164 0.0 -0.5099999904632568 -0.4699999988079071 0.0 0.0 -0.5099999904632568 -0.4699999988079071 0.0
697 0.0 0.0 -0.5099999904632568 -0.4699999988079071 0.0 0.0 -0.5099999904632568 -0.4699999988079071 0.0 0.0 -0.5099999904632568 -0.4699999988079071 -0.019999999552965164 0.0 -0.5099999904632568 -0.4699999988079071 0.0 0.0 -0.5099999904632568 -0.4699999988079071 0.0 0.0 -0.5099999904632568 -0.4699999988079071 0.0 0.0 -0.4699999988079071
698 -0.4699999988079071 0.0 0.0 -0.5099999904632568 -0.4699999988079071 0.0 0.0 -0.5099999904632568 -0.4699999988079071 -0.019999999552965164 0.0 -0.5099999904632568 -0.4699999988079071 0.0 0.0 -0.5099999904632568 -0.4699999988079071 0.0 0.0 -0.5099999904632568 -0.4699999988079071 0.0 0.0 -0.5099999904632568 -0.4699999988079071 -0.019999999552965164
699 0.0 0.0 -0.5099999904632568 -0.4699999988079071 -0.019999999552965164 0.0 -0.5099999904632568 -0.4699999988079071 0.0 0.0 -0.5099999904632568 -0.4699999988079071 0.0 0.0 -0.5099999904632568 -0.4699999988079071 0.0 0.0 -0.5099999904632568 -0.4699999988079071 -0.019999999552965164 0.0 -0.5099999904632568 -0.4699999988079071 0.0
7 -0.28999999165534973 0.0 0.0 -0.5099999904632568 -0.4699999988079071 0.0 0.0 -0.5099999904632568 -0.4699999988079071 -0.019999999552965164 0.0 -0.5099999904632568 -0.4699999988079071 -0.019999999552965164 0.0 -0.5099999904632568 -0.4699999988079071 0.0 0.0 -0.5099999904632568 -0.4699999988079071 -0.019999999552965164 0.0 -0.5099999904632568 -0.4699999988079071 0.0 0.0 -0.5099999904632568 -0.4699999988079071
70 -0.5099999904632568 0.0 -0.5099999904632568 -0.4699999988079071 0.0 0.0 -0.5099999904632568 -0.4699999988079071 0.0 0.0 -0.5099999904632568 -0.4699999988079071 0.0 0.0 -0.5099999904632568 -0.4699999988079071 0.0 0.0 -0.5099999904632568 -0.4699999988079071 0.0 0.0 -0.5099999904632568 -0.4699999988079071 0.0 0.0 -0.5099999904632568 -0.4699999988079071 0.0 0.0 -0.5099999904632568 -0.4699999988079071 0.0 0.0 -0.5099999904632568 -0.4699999988079071 0.0 0.0 -0.5099999904632568 -0.4699999988079071 0.0 0.0 -0.5099999904632568 -0.4699999988079071 0.0 0.0 -0.5099999904632568 -0.4699999988079071 0.0 0.0 -0.5099999904632568 -0.4699999988079071 0.0 0.0 -0.5099999904632568 -0.4699999988079071 0.0 0.0 -0.5099999904632568 -0.4699999988079071 0.0 0.0 -0.4699999988079071 0.0
700 -0.4699999988079071 -0.019999999552965164 0.0 -0.5099999904632568 -0.4699999988079071 0.0 0.0 -0.5099999904632568 -0.4699999988079071 0.0 0.0 -0.5099999904632568 -0.4699999988079071 0.0 0.0 -0.5099999904632568 -0.4699999988079071 -0.019999999552965164 0.0 -0.5099999904632568 -0.4699999988079071 0.0 0.0 -0.5099999904632568 -0.4699999988079071 0.0
701 -0.4699999988079071 0.0 0.0 -0.5099999904632568 -0.4699999988079071 0.0 0.0 -0.5099999904632568 -0.4699999988079071 0.0 0.0 -0.5099999904632568 -0.4699999988079071 -0.019999999552965164 0.0 -0.5099999904632568 -0.4699999988079071 0.0 0.0 -0.5099999904632568 -0.4699999988079071 0.0 0.0 -0.5099999904632568 -0.28999999165534973 0.0
702 0.0 0.0 -0.5099999904632568 -0.4699999988079071 0.0 0.0 -0.5099999904632568 -0.4699999988079071 -0.019999999552965164 0.0 -0.5099999904632568 -0.4699999988079071 0.0 0.0 -0.5099999904632568 -0.4699999988079071 0.0 0.0 -0.5099999904632568 -0.28999999165534973 0.0 0.0 -0.5099999904632568 -0.28999999165534973 0.0
703 0.0 -0.4699999988079071 0.0 0.0 -0.5099999904632568 -0.4699999988079071 -0.019999999552965164 0.0 -0.5099999904632568 -0.4699999988079071 0.0 0.0 -0.5099999904632568 -0.4699999988079071 0.0 0.0 -0.5099999904632568 -0.28999999165534973 0.0 0.0 -0.5099999904632568 -0.28999999165534973 0.0 0.0 -0.5099999904632568 -0.4699999988079071 0.0
704 -0.4699999988079071 -0.019999999552965164 0.0 -0.5099999904632568 -0.4699999988079071 0.0 0.0 -0.5099999904632568 -0.4699999988079071 0.0 0.0 -0.5099999904632568 -0.28999999165534973 0.0 0.0 -0.5099999904632568 -0.28999999165534973 0.0 0.0 -0.5099999904632568 -0.4699999988079071 0.0 0.0 -0.5099999904632568 -0.4699999988079071 0.0 0.0 -0.5099999904632568
705 0.0 0.0 -0.5099999904632568 -0.4699999988079071 0.0 0.0 -0.5099999904632568 -0.28999999165534973 0.0 0.0 -0.5099999904632568 -0.28999999165534973 0.0 0.0 -0.5099999904632568 -0.4699999988079071 0.0 0.0 -0.5099999904632568 -0.4699999988079071 0.0 0.0 -0.5099999904632568 -0.4699999988079071 0.0
706 0.0 0.0 -0.5099999904632568 -0.28999999165534973 0.0 0.0 -0.5099999904632568 -0.28999999165534973 0.0 0.0 -0.5099999904632568 -0.4699999988079071 0.0 0.0 -0.5099999904632568 -0.4699999988079071 0.0 0.0 -0.5099999904632568 -0.4699999988079071 0.0 0.0 -0.5099999904632568 -0.28999999165534973 0.0 0.0 -0.5099999904632568
707 0.0 0.0 -0.5099999904632568 -0.28999999165534973 0.0 0.0 -0.5099999904632568 -0.4699999988079071 0.0 0.0 -0.5099999904632568 -0.4699999988079071 0.0 0.0 -0.5099999904632568 -0.4699999988079071 0.0 0.0 -0.5099999904632568 -0.28999999165534973 0.0 0.0 -0.5099999904632568 -0.4699999988079071 0.0 0.0 -0.5099999904632568
708 0.0 0.0 -0.5099999904632568 -0.4699999988079071 0.0 0.0 -0.5099999904632568 -0.4699999988079071 0.0 0.0 -0.5099999904632568 -0.4699999988079071 0.0 0.0 -0.5099999904632568 -0.28999999165534973 0.0 0.0 -0.5099999904632568 -0.4699999988079071 0.0 0.0 -0.5099999904632568 -0.4699999988079071 0.0 0.0 -0.5099999904632568 -0.4699999988079071
709 0.0 0.0 -0.5099999904632568 -0.4699999988079071 0.0 0.0 -0.5099999904632568 -0.4699999988079071 0.0 0.0 -0.5099999904632568 -0.28999999165534973 0.0 0.0 -0.5099999904632568 -0.4699999988079071 0.0 0.0 -0.5099999904632568 -0.4699999988079071 0.0 0.0 -0.5099999904632568 -0.4699999988079071 0.0 0.0 -0.5099999904632568
71 -0.5099999904632568 0.0 -0.5099999904632568 -0.4699999988079071 0.0 0.0 -0.5099999904632568 -0.4699999988079071 0.0 0.0 -0.5099999904632568 -0.4699999988079071 0.0 0.0 -0.5099999904632568 -0.4699999988079071 0.0 0.0 -0.5099999904632568 -0.4699999988079071 0.0 0.0 -0.5099999904632568 -0.4699999988079071 0.0 0.0 -0.5099999904632568 -0.4699999988079071 0.0 0.0 -0.5099999904632568 -0.4699999988079071 0.0 0.0 -0.5099999904632568 -0.4699999988079071 0.0 0.0 -0.5099999904632568 -0.4699999988079071 0.0 0.0 -0.5099999904632568 -0.4699999988079071 0.0 0.0 -0.5099999904632568 -0.4699999988079071 0.0 0.0 -0.5099999904632568 -0.4699999988079071 0.0 0.0 -0.5099999904632568 -0.4699999988079071 0.0 0.0 -0.5099999904632568 -0.4699999988079071 0.0 0.0 -0.4699999988079071 0.0
710 0.0 0.0 -0.5099999904632568 -0.4699999988079071 0.0 0.0 -0.5099999904632568 -0.28999999165534973 0.0 0.0 -0.5099999904632568 -0.4699999988079071 0.0 0.0 -0.5099999904632568 -0.4699999988079071 0.0 0.0 -0.5099999904632568 -0.4699999988079071 0.0 0.0 -0.5099999904632568 -0.28999999165534973 0.0
711 0.0 0.0 -0.5099999904632568 -0.28999999165534973 0.0 0.0 -0.5099999904632568 -0.4699999988079071 0.0 0.0 -0.5099999904632568 -0.4699999988079071 0.0 0.0 -0.5099999904632568 -0.4699999988079071 0.0 0.0 -0.5099999904632568 -0.28999999165534973 0.0 0.0 -0.5099999904632568 -0.4699999988079071 0.0
712 -0.28999999165534973 0.0 0.0 -0.5099999904632568 -0.4699999988079071 0.0 0.0 -0.5099999904632568 -0.4699999988079071 0.0 0.0 -0.5099999904632568 -0.4699999988079071 0.0 0.0 -0.5099999904632568 -0.28999999165534973 0.0 0.0 -0.5099999904632568 -0.4699999988079071 0.0 0.0 -0.5099999904632568 -0.4699999988079071 0.0
713 -0.4699999988079071 0.0 0.0 -0.5099999904632568 -0.4699999988079071 0.0 0.0 -0.5099999904632568 -0.4699999988079071 0.0 0.0 -0.5099999904632568 -0.28999999165534973 0.0 0.0 -0.5099999904632568 -0.4699999988079071 0.0 0.0 -0.5099999904632568 -0.4699999988079071 0.0 0.0 -0.5099999904632568 -0.4699999988079071 0.0 0.0 -0.5099999904632568
714 0.0 0.0 -0.5099999904632568 -0.4699999988079071 0.0 0.0 -0.5099999904632568 -0.28999999165534973 0.0 0.0 -0.5099999904632568 -0.4699999988079071 0.0 0.0 -0.5099999904632568 -0.4699999988079071 0.0 0.0 -0.5099999904632568 -0.4699999988079071 0.0 0.0 -0.5099999904632568 -0.4699999988079071 -0.019999999552965164
715 -0.4699999988079071 0.0 0.0 -0.5099999904632568 -0.28999999165534973 0.0 0.0 -0.5099999904632568 -0.4699999988079071 0.0 0.0 -0.5099999904632568 -0.4699999988079071 0.0 0.0 -0.5099999904632568 -0.4699999988079071 0.0 0.0 -0.5099999904632568 -0.4699999988079071 -0.019999999552965164 0.0 -0.5099999904632568 -0.4699999988079071 0.0 0.0 -0.5099999904632568
716 0.0 0.0 -0.28999999165534973 0.0 0.0 -0.5099999904632568 -0.4699999988079071 0.0 0.0 -0.5099999904632568 -0.4699999988079071 0.0 0.0 -0.5099999904632568 -0.4699999988079071 0.0 0.0 -0.5099999904632568 -0.4699999988079071 -0.019999999552965164 0.0 -0.5099999904632568 -0.4699999988079071 0.0 0.0 -0.5099999904632568 -0.4699999988079071 0.0 0.0 -0.5099999904632568
717 0.0 0.0 -0.5099999904632568 -0.4699999988079071 0.0 0.0 -0.5099999904632568 -0.4699999988079071 0.0 0.0 -0.5099999904632568 -0.4699999988079071 -0.019999999552965164 0.0 -0.5099999904632568 -0.4699999988079071 0.0 0.0 -0.5099999904632568 -0.4699999988079071 0.0 0.0 -0.5099999904632568 -0.4699999988079071 0.0 0.0 -0.5099999904632568
718 -0.4699999988079071 0.0 0.0 -0.5099999904632568 -0.4699999988079071 0.0 0.0 -0.5099999904632568 -0.4699999988079071 -0.019999999552965164 0.0 -0.5099999904632568 -0.4699999988079071 0.0 0.0 -0.5099999904632568 -0.4699999988079071 0.0 0.0 -0.5099999904632568 -0.4699999988079071 0.0 0.0 -0.5099999904632568 -0.4699999988079071 -0.019999999552965164 -0.5099999904632568
719 -0.4699999988079071 0.0 0.0 -0.5099999904632568 -0.4699999988079071 -0.019999999552965164 0.0 -0.5099999904632568 -0.4699999988079071 0.0 0.0 -0.5099999904632568 -0.4699999988079071 0.0 0.0 -0.5099999904632568 -0.4699999988079071 0.0 0.0 -0.5099999904632568 -0.4699999988079071 -0.019999999552965164 0.0 -0.5099999904632568 -0.4699999988079071 0.0 0.0 -0.5099999904632568
72 -0.5099999904632568 0.0 -0.5099999904632568 -0.4699999988079071 0.0 0.0 -0.5099999904632568 -0.4699999988079071 0.0 0.0 -0.5099999904632568 -0.4699999988079071 0.0 0.0 -0.5099999904632568 -0.4699999988079071 0.0 0.0 -0.5099999904632568 -0.4699999988079071 0.0 0.0 -0.5099999904632568 -0.4699999988079071 0.0 0.0 -0.5099999904632568 -0.4699999988079071 0.0 0.0 -0.5099999904632568 -0.4699999988079071 0.0 0.0 -0.5099999904632568 -0.4699999988079071 0.0 0.0 -0.5099999904632568 -0.4699999988079071 0.0 0.0 -0.5099999904632568 -0.4699999988079071 0.0 0.0 -0.5099999904632568 -0.4699999988079071 0.0 0.0 -0.5099999904632568 -0.4699999988079071 0.0 0.0 -0.5099999904632568 -0.4699999988079071 0.0 0.0 -0.5099999904632568 -0.4699999988079071 0.0 0.0 -0.4699999988079071
720 -0.4699999988079071 -0.019999999552965164 0.0 -0.5099999904632568 -0.4699999988079071 0.0 0.0 -0.5099999904632568 -0.4699999988079071 0.0 0.0 -0.5099999904632568 -0.4699999988079071 0.0 0.0 -0.5099999904632568 -0.4699999988079071 -0.019999999552965164 0.0 -0.5099999904632568 -0.4699999988079071 0.0 0.0 -0.5099999904632568 -0.4699999988079071 0.0 0.0 -0.5099999904632568
721 0.0 0.0 -0.5099999904632568 -0.4699999988079071 0.0 0.0 -0.5099999904632568 -0.4699999988079071 0.0 0.0 -0.5099999904632568 -0.4699999988079071 -0.019999999552965164 0.0 -0.5099999904632568 -0.4699999988079071 0.0 0.0 -0.5099999904632568 -0.4699999988079071 0.0 0.0 -0.5099999904632568 -0.4699999988079071 0.0 0.0 -0.5099999904632568
722 0.0 0.0 -0.5099999904632568 -0.4699999988079071 0.0 0.0 -0.5099999904632568 -0.4699999988079071 -0.019999999552965164 0.0 -0.5099999904632568 -0.4699999988079071 0.0 0.0 -0.5099999904632568 -0.4699999988079071 0.0 0.0 -0.5099999904632568 -0.4699999988079071 0.0 0.0 -0.5099999904632568 -0.4699999988079071 0.0 0.0 -0.5099999904632568
723 -0.4699999988079071 0.0 0.0 -0.5099999904632568 -0.4699999988079071 -0.019999999552965164 0.0 -0.5099999904632568 -0.4699999988079071 0.0 0.0 -0.5099999904632568 -0.4699999988079071 0.0 0.0 -0.5099999904632568 -0.4699999988079071 0.0 0.0 -0.5099999904632568 -0.4699999988079071 0.0 0.0 -0.5099999904632568 -0.4699999988079071 -0.019999999552965164 0.0 -0.5099999904632568
724 -0.4699999988079071 -0.019999999552965164 0.0 -0.5099999904632568 -0.4699999988079071 0.0 0.0 -0.5099999904632568 -0.4699999988079071 0.0 0.0 -0.5099999904632568 -0.4699999988079071 0.0 0.0 -0.5099999904632568 -0.4699999988079071 0.0 0.0 -0.5099999904632568 -0.4699999988079071 -0.019999999552965164 0.0 -0.5099999904632568 -0.4699999988079071 0.0 0.0
725 0.0 -0.5099999904632568 -0.4699999988079071 0.0 0.0 -0.5099999904632568 -0.4699999988079071 0.0 0.0 -0.5099999904632568 -0.4699999988079071 0.0 0.0 -0.5099999904632568 -0.4699999988079071 0.0 0.0 -0.5099999904632568 -0.4699999988079071 -0.019999999552965164 0.0 -0.5099999904632568 -0.4699999988079071 0.0 0.0 -0.5099999904632568 -0.4699999988079071 0.0 0.0 -0.5099999904632568
726 0.0 0.0 -0.5099999904632568 -0.4699999988079071 0.0 0.0 -0.5099999904632568 -0.4699999988079071 0.0 0.0 -0.5099999904632568 -0.4699999988079071 -0.019999999552965164 0.0 -0.5099999904632568 -0.4699999988079071 0.0 0.0 -0.5099999904632568 -0.4699999988079071 0.0 0.0 -0.5099999904632568 -0.4699999988079071 0.0 0.0 -0.5099999904632568
727 -0.4699999988079071 0.0 0.0 -0.5099999904632568 -0.4699999988079071 0.0 0.0 -0.5099999904632568 -0.4699999988079071 -0.019999999552965164 0.0 -0.5099999904632568 -0.4699999988079071 0.0 0.0 -0.5099999904632568 -0.4699999988079071 0.0 0.0 -0.5099999904632568 -0.4699999988079071 0.0 0.0 -0.5099999904632568 -0.4699999988079071 0.0 0.0 -0.5099999904632568
728 0.0 0.0 -0.5099999904632568 -0.4699999988079071 -0.019999999552965164 0.0 -0.5099999904632568 -0.4699999988079071 0.0 0.0 -0.5099999904632568 -0.4699999988079071 0.0 0.0 -0.5099999904632568 -0.4699999988079071 0.0 0.0 -0.5099999904632568 -0.4699999988079071 0.0 0.0 -0.5099999904632568 -0.4699999988079071 0.0
729 -0.5099999904632568 -0.019999999552965164 0.0 -0.5099999904632568 -0.4699999988079071 0.0 0.0 -0.5099999904632568 -0.4699999988079071 0.0 0.0 -0.5099999904632568 -0.4699999988079071 0.0 0.0 -0.5099999904632568 -0.4699999988079071 0.0 0.0 -0.5099999904632568 -0.4699999988079071 0.0 0.0 -0.5099999904632568 -0.4699999988079071 0.0 0.0 -0.5099999904632568
73 -0.5099999904632568 0.0 -0.5099999904632568 -0.4699999988079071 0.0 0.0 -0.5099999904632568 -0.4699999988079071 0.0 0.0 -0.5099999904632568 -0.4699999988079071 0.0 0.0 -0.5099999904632568 -0.4699999988079071 0.0 0.0 -0.5099999904632568 -0.4699999988079071 0.0 0.0 -0.5099999904632568 -0.4699999988079071 0.0 0.0 -0.5099999904632568 -0.4699999988079071 0.0 0.0 -0.5099999904632568 -0.4699999988079071 0.0 0.0 -0.5099999904632568 -0.4699999988079071 0.0 0.0 -0.5099999904632568 -0.4699999988079071 0.0 0.0 -0.5099999904632568 -0.4699999988079071 0.0 0.0 -0.5099999904632568 -0.4699999988079071 0.0 0.0 -0.5099999904632568 -0.4699999988079071 0.0 0.0 -0.5099999904632568 -0.4699999988079071 0.0 0.0 -0.5099999904632568 -0.4699999988079071 0.0 0.0 -0.4699999988079071
730 0.0 0.0 -0.5099999904632568 -0.4699999988079071 0.0 0.0 -0.5099999904632568 -0.4699999988079071 0.0 0.0 -0.5099999904632568 -0.4699999988079071 0.0 0.0 -0.5099999904632568 -0.4699999988079071 0.0 0.0 -0.5099999904632568 -0.4699999988079071 0.0 0.0 -0.5099999904632568 -0.4699999988079071 0.0
731 0.0 0.0 -0.5099999904632568 -0.4699999988079071 0.0 0.0 -0.5099999904632568 -0.4699999988079071 0.0 0.0 -0.5099999904632568 -0.4699999988079071 0.0 0.0 -0.5099999904632568 -0.4699999988079071 0.0 0.0 -0.5099999904632568 -0.4699999988079071 0.0 0.0 -0.5099999904632568 -0.4699999988079071 0.0 0.0 -0.5099999904632568
732 -0.4699999988079071 0.0 0.0 -0.5099999904632568 -0.4699999988079071 0.0 0.0 -0.5099999904632568 -0.4699999988079071 0.0 0.0 -0.5099999904632568 -0.4699999988079071 0.0 0.0 -0.5099999904632568 -0.4699999988079071 0.0 0.0 -0.5099999904632568 -0.4699999988079071 0.0 0.0 -0.5099999904632568 -0.28999999165534973 0.0
733 -0.4699999988079071 0.0 0.0 -0.5099999904632568 -0.4699999988079071 0.0 0.0 -0.5099999904632568 -0.4699999988079071 0.0 0.0 -0.5099999904632568 -0.4699999988079071 0.0 0.0 -0.5099999904632568 -0.4699999988079071 0.0 0.0 -0.5099999904632568 -0.28999999165534973 0.0 0.0 -0.5099999904632568 -0.4699999988079071 -0.019999999552965164 0.0 -0.5099999904632568
734 -0.4699999988079071 0.0 0.0 -0.5099999904632568 -0.4699999988079071 0.0 0.0 -0.5099999904632568 -0.4699999988079071 0.0 0.0 -0.5099999904632568 -0.4699999988079071 0.0 0.0 -0.5099999904632568 -0.28999999165534973 0.0 0.0 -0.5099999904632568 -0.4699999988079071 -0.019999999552965164 0.0 -0.5099999904632568 -0.4699999988079071 0.0 0.0 -0.5099999904632568 -0.4699999988079071
735 0.0 0.0 -0.5099999904632568 -0.4699999988079071 0.0 0.0 -0.5099999904632568 -0.4699999988079071 0.0 0.0 -0.5099999904632568 -0.28999999165534973 0.0 0.0 -0.5099999904632568 -0.4699999988079071 -0.019999999552965164 0.0 -0.5099999904632568 -0.4699999988079071 0.0 0.0 -0.5099999904632568 -0.4699999988079071 0.0
736 0.0 0.0 -0.5099999904632568 -0.4699999988079071 0.0 0.0 -0.5099999904632568 -0.28999999165534973 0.0 0.0 -0.5099999904632568 -0.4699999988079071 -0.019999999552965164 0.0 -0.5099999904632568 -0.4699999988079071 0.0 0.0 -0.5099999904632568 -0.4699999988079071 0.0 0.0 -0.5099999904632568 -0.4699999988079071 0.0
737 -0.4699999988079071 0.0 0.0 -0.5099999904632568 -0.28999999165534973 0.0 0.0 -0.5099999904632568 -0.4699999988079071 -0.019999999552965164 0.0 -0.5099999904632568 -0.4699999988079071 0.0 0.0 -0.5099999904632568 -0.4699999988079071 0.0 0.0 -0.5099999904632568 -0.4699999988079071 0.0 0.0 -0.5099999904632568 -0.28999999165534973 0.0
738 0.0 0.0 -0.5099999904632568 -0.4699999988079071 -0.019999999552965164 0.0 -0.5099999904632568 -0.4699999988079071 0.0 0.0 -0.5099999904632568 -0.4699999988079071 0.0 0.0 -0.5099999904632568 -0.4699999988079071 0.0 0.0 -0.5099999904632568 -0.28999999165534973 0.0 0.0 -0.5099999904632568 -0.4699999988079071 -0.019999999552965164 0.0
739 -0.4699999988079071 -0.019999999552965164 0.0 -0.5099999904632568 -0.4699999988079071 0.0 0.0 -0.5099999904632568 -0.4699999988079071 0.0 0.0 -0.5099999904632568 -0.4699999988079071 0.0 0.0 -0.5099999904632568 -0.28999999165534973 0.0 0.0 -0.5099999904632568 -0.4699999988079071 -0.019999999552965164 0.0 -0.5099999904632568 -0.4699999988079071 0.0 0.0 -0.5099999904632568 -0.4699999988079071
74 0.0 -0.5099999904632568 -0.4699999988079071 0.0 0.0 -0.5099999904632568 -0.4699999988079071 0.0 0.0 -0.5099999904632568 -0.4699999988079071 0.0 0.0 -0.5099999904632568 -0.4699999988079071 0.0 0.0 -0.5099999904632568 -0.4699999988079071 0.0 0.0 -0.5099999904632568 -0.4699999988079071 0.0 0.0 -0.5099999904632568 -0.4699999988079071 0.0 0.0 -0.5099999904632568 -0.4699999988079071 0.0 0.0 -0.5099999904632568 -0.4699999988079071 0.0 0.0 -0.5099999904632568 -0.4699999988079071 0.0 0.0 -0.5099999904632568 -0.4699999988079071 0.0 0.0 -0.5099999904632568 -0.4699999988079071 0.0 0.0 -0.5099999904632568 -0.4699999988079071 0.0 0.0 -0.5099999904632568 -0.4699999988079071 0.0 0.0 -0.5099999904632568 -0.4699999988079071 0.0 0.0 -0.4699999988079071 0.0
740 0.0 0.0 -0.5099999904632568 -0.4699999988079071 0.0 0.0 -0.5099999904632568 -0.4699999988079071 0.0 0.0 -0.5099999904632568 -0.28999999165534973 0.0 0.0 -0.5099999904632568 -0.4699999988079071 -0.019999999552965164 0.0 -0.5099999904632568 -0.4699999988079071 0.0 0.0 -0.5099999904632568 -0.4699999988079071 0.0 0.0 -0.5099999904632568
741 -0.4699999988079071 0.0 0.0 -0.5099999904632568 -0.4699999988079071 0.0 0.0 -0.5099999904632568 -0.28999999165534973 0.0 0.0 -0.5099999904632568 -0.4699999988079071 -0.019999999552965164 0.0 -0.5099999904632568 -0.4699999988079071 0.0 0.0 -0.5099999904632568 -0.4699999988079071 0.0 0.0 -0.5099999904632568 -0.4699999988079071 0.0 0.0 -0.5099999904632568 -0.4699999988079071
742 -0.4699999988079071 0.0 0.0 -0.5099999904632568 -0.28999999165534973 0.0 0.0 -0.5099999904632568 -0.4699999988079071 -0.019999999552965164 0.0 -0.5099999904632568 -0.4699999988079071 0.0 0.0 -0.5099999904632568 -0.4699999988079071 0.0 0.0 -0.5099999904632568 -0.4699999988079071 0.0 0.0 -0.5099999904632568 -0.4699999988079071 0.0 0.0 -0.5099999904632568
743 -0.28999999165534973 0.0 0.0 -0.5099999904632568 -0.4699999988079071 -0.019999999552965164 0.0 -0.5099999904632568 -0.4699999988079071 0.0 0.0 -0.5099999904632568 -0.4699999988079071 0.0 0.0 -0.5099999904632568 -0.4699999988079071 0.0 0.0 -0.5099999904632568 -0.4699999988079071 0.0 0.0 -0.5099999904632568 -0.4699999988079071 0.0 0.0 -0.5099999904632568 -0.4699999988079071 0.0
744 -0.4699999988079071 -0.019999999552965164 0.0 -0.5099999904632568 -0.4699999988079071 0.0 0.0 -0.5099999904632568 -0.4699999988079071 0.0 0.0 -0.5099999904632568 -0.4699999988079071 0.0 0.0 -0.5099999904632568 -0.4699999988079071 0.0 0.0 -0.5099999904632568 -0.4699999988079071 0.0 0.0 -0.5099999904632568 -0.4699999988079071 0.0 0.0 -0.5099999904632568 -0.4699999988079071
745 0.0 -0.5099999904632568 -0.4699999988079071 0.0 0.0 -0.5099999904632568 -0.4699999988079071 0.0 0.0 -0.5099999904632568 -0.4699999988079071 0.0 0.0 -0.5099999904632568 -0.4699999988079071 0.0 0.0 -0.5099999904632568 -0.4699999988079071 0.0 0.0 -0.5099999904632568 -0.4699999988079071 0.0 0.0 -0.5099999904632568 -0.4699999988079071 0.0 0.0 -0.5099999904632568 -0.4699999988079071
746 0.0 -0.5099999904632568 -0.4699999988079071 0.0 0.0 -0.5099999904632568 -0.4699999988079071 0.0 0.0 -0.5099999904632568 -0.4699999988079071 0.0 0.0 -0.5099999904632568 -0.4699999988079071 0.0 0.0 -0.5099999904632568 -0.4699999988079071 0.0 0.0 -0.5099999904632568 -0.4699999988079071 0.0 0.0 -0.5099999904632568 -0.4699999988079071 0.0 0.0 -0.5099999904632568 -0.4699999988079071
747 0.0 -0.4699999988079071 0.0 0.0 -0.5099999904632568 -0.4699999988079071 0.0 0.0 -0.5099999904632568 -0.4699999988079071 0.0 0.0 -0.5099999904632568 -0.4699999988079071 0.0 0.0 -0.5099999904632568 -0.4699999988079071 0.0 0.0 -0.5099999904632568 -0.4699999988079071 0.0 0.0 -0.5099999904632568 -0.4699999988079071 0.0 0.0 -0.5099999904632568 -0.4699999988079071
748 0.0 0.0 -0.5099999904632568 -0.4699999988079071 0.0 0.0 -0.5099999904632568 -0.4699999988079071 0.0 0.0 -0.5099999904632568 -0.4699999988079071 0.0 0.0 -0.5099999904632568 -0.4699999988079071 0.0 0.0 -0.5099999904632568 -0.4699999988079071 0.0 0.0 -0.5099999904632568 -0.4699999988079071 0.0 0.0 -0.5099999904632568 -0.4699999988079071 -0.019999999552965164 0.0 -0.5099999904632568 -0.4699999988079071
749 -0.4699999988079071 0.0 0.0 -0.5099999904632568 -0.4699999988079071 0.0 0.0 -0.5099999904632568 -0.4699999988079071 0.0 0.0 -0.5099999904632568 -0.4699999988079071 0.0 0.0 -0.5099999904632568 -0.4699999988079071 0.0 0.0 -0.5099999904632568 -0.4699999988079071 -0.019999999552965164 0.0 -0.5099999904632568 -0.4699999988079071 0.0 0.0 -0.5099999904632568 -0.4699999988079071
75 -0.5099999904632568 0.0 -0.5099999904632568 -0.4699999988079071 0.0 0.0 -0.5099999904632568 -0.4699999988079071 0.0 0.0 -0.5099999904632568 -0.4699999988079071 0.0 0.0 -0.5099999904632568 -0.4699999988079071 0.0 0.0 -0.5099999904632568 -0.4699999988079071 0.0 0.0 -0.5099999904632568 -0.4699999988079071 0.0 0.0 -0.5099999904632568 -0.4699999988079071 0.0 0.0 -0.5099999904632568 -0.4699999988079071 0.0 0.0 -0.5099999904632568 -0.4699999988079071 0.0 0.0 -0.5099999904632568 -0.4699999988079071 0.0 0.0 -0.5099999904632568 -0.4699999988079071 0.0 0.0 -0.5099999904632568 -0.4699999988079071 0.0 0.0 -0.5099999904632568 -0.4699999988079071 0.0 0.0 -0.5099999904632568 -0.4699999988079071 0.0 0.0 -0.5099999904632568 -0.4699999988079071 0.0 0.0 -0.4699999988079071 0.0
750 0.0 -0.4699999988079071 0.0 0.0 -0.5099999904632568 -0.4699999988079071 0.0 0.0 -0.5099999904632568 -0.4699999988079071 0.0 0.0 -0.5099999904632568 -0.4699999988079071 0.0 0.0 -0.5099999904632568 -0.4699999988079071 -0.019999999552965164 0.0 -0.5099999904632568 -0.4699999988079071 0.0 0.0 -0.5099999904632568 -0.4699999988079071 0.0 0.0 -0.5099999904632568 -0.4699999988079071 0.0
751 0.0 -0.5099999904632568 -0.4699999988079071 0.0 0.0 -0.5099999904632568 -0.4699999988079071 0.0 0.0 -0.5099999904632568 -0.4699999988079071 0.0 0.0 -0.5099999904632568 -0.4699999988079071 -0.019999999552965164 0.0 -0.5099999904632568 -0.4699999988079071 0.0 0.0 -0.5099999904632568 -0.4699999988079071 0.0 0.0 -0.5099999904632568 -0.4699999988079071 0.0 0.0 -0.5099999904632568 -0.4699999988079071
752 0.0 -0.5099999904632568 -0.4699999988079071 0.0 0.0 -0.5099999904632568 -0.4699999988079071 0.0 0.0 -0.5099999904632568 -0.4699999988079071 -0.019999999552965164 0.0 -0.5099999904632568 -0.4699999988079071 0.0 0.0 -0.5099999904632568 -0.4699999988079071 0.0 0.0 -0.5099999904632568 -0.4699999988079071 0.0 0.0 -0.5099999904632568 -0.4699999988079071 0.0 0.0 -0.5099999904632568
753 0.0 0.0 -0.5099999904632568 -0.4699999988079071 0.0 0.0 -0.5099999904632568 -0.4699999988079071 -0.019999999552965164 0.0 -0.5099999904632568 -0.4699999988079071 0.0 0.0 -0.5099999904632568 -0.4699999988079071 0.0 0.0 -0.5099999904632568 -0.4699999988079071 0.0 0.0 -0.5099999904632568 -0.4699999988079071 0.0 0.0 -0.5099999904632568 -0.4699999988079071 0.0 0.0 -0.5099999904632568
754 0.0 -0.5099999904632568 -0.4699999988079071 -0.019999999552965164 0.0 -0.5099999904632568 -0.4699999988079071 0.0 0.0 -0.5099999904632568 -0.4699999988079071 0.0 0.0 -0.5099999904632568 -0.4699999988079071 0.0 0.0 -0.5099999904632568 -0.4699999988079071 0.0 0.0 -0.5099999904632568 -0.4699999988079071 0.0 0.0 -0.5099999904632568 -0.4699999988079071 0.0 0.0 -0.5099999904632568 -0.28999999165534973
755 -0.019999999552965164 0.0 -0.5099999904632568 -0.4699999988079071 0.0 0.0 -0.5099999904632568 -0.4699999988079071 0.0 0.0 -0.5099999904632568 -0.4699999988079071 0.0 0.0 -0.5099999904632568 -0.4699999988079071 0.0 0.0 -0.5099999904632568 -0.4699999988079071 0.0 0.0 -0.5099999904632568 -0.4699999988079071 0.0 0.0 -0.5099999904632568 -0.28999999165534973 0.0 0.0 -0.4699999988079071
756 -0.4699999988079071 0.0 0.0 -0.5099999904632568 -0.4699999988079071 0.0 0.0 -0.5099999904632568 -0.4699999988079071 0.0 0.0 -0.5099999904632568 -0.4699999988079071 0.0 0.0 -0.5099999904632568 -0.4699999988079071 0.0 0.0 -0.5099999904632568 -0.28999999165534973 0.0 0.0 -0.5099999904632568 -0.4699999988079071 0.0 0.0 -0.5099999904632568 -0.4699999988079071
757 -0.4699999988079071 0.0 0.0 -0.5099999904632568 -0.4699999988079071 0.0 0.0 -0.5099999904632568 -0.4699999988079071 0.0 0.0 -0.5099999904632568 -0.4699999988079071 0.0 0.0 -0.5099999904632568 -0.28999999165534973 0.0 0.0 -0.5099999904632568 -0.4699999988079071 0.0 0.0 -0.5099999904632568 -0.4699999988079071 0.0 0.0 -0.5099999904632568 -0.28999999165534973 0.0 -0.4699999988079071
758 0.0 -0.5099999904632568 -0.4699999988079071 0.0 0.0 -0.5099999904632568 -0.4699999988079071 0.0 0.0 -0.5099999904632568 -0.4699999988079071 0.0 0.0 -0.5099999904632568 -0.28999999165534973 0.0 0.0 -0.5099999904632568 -0.4699999988079071 0.0 0.0 -0.5099999904632568 -0.4699999988079071 0.0 0.0 -0.5099999904632568 -0.28999999165534973 0.0 0.0 -0.5099999904632568 -0.4699999988079071 0.0
759 0.0 0.0 -0.5099999904632568 -0.4699999988079071 0.0 0.0 -0.5099999904632568 -0.4699999988079071 0.0 0.0 -0.5099999904632568 -0.28999999165534973 0.0 0.0 -0.5099999904632568 -0.4699999988079071 0.0 0.0 -0.5099999904632568 -0.4699999988079071 0.0 0.0 -0.5099999904632568 -0.28999999165534973 0.0 0.0 -0.5099999904632568 -0.4699999988079071 0.0 0.0 -0.5099999904632568 -0.4699999988079071 0.0 0.0 -0.5099999904632568 -0.4699999988079071
76 -0.5099999904632568 0.0 0.0 -0.5099999904632568 -0.4699999988079071 0.0 0.0 -0.5099999904632568 -0.4699999988079071 0.0 0.0 -0.5099999904632568 -0.4699999988079071 0.0 0.0 -0.5099999904632568 -0.4699999988079071 0.0 0.0 -0.5099999904632568 -0.4699999988079071 0.0 0.0 -0.5099999904632568 -0.4699999988079071 0.0 0.0 -0.5099999904632568 -0.4699999988079071 0.0 0.0 -0.5099999904632568 -0.4699999988079071 0.0 0.0 -0.5099999904632568 -0.4699999988079071 0.0 0.0 -0.5099999904632568 -0.4699999988079071 0.0 0.0 -0.5099999904632568 -0.4699999988079071 0.0 0.0 -0.5099999904632568 -0.4699999988079071 0.0 0.0 -0.5099999904632568 -0.4699999988079071 0.0 0.0 -0.5099999904632568 -0.4699999988079071 0.0 0.0 -0.5099999904632568 -0.4699999988079071 0.0 0.0 -0.4699999988079071
760 0.0 -0.5099999904632568 -0.4699999988079071 0.0 0.0 -0.5099999904632568 -0.28999999165534973 0.0 0.0 -0.5099999904632568 -0.4699999988079071 0.0 0.0 -0.5099999904632568 -0.4699999988079071 0.0 0.0 -0.5099999904632568 -0.28999999165534973 0.0 0.0 -0.5099999904632568 -0.4699999988079071 0.0 0.0 -0.5099999904632568 -0.4699999988079071 0.0 0.0 -0.5099999904632568 -0.4699999988079071 0.0
761 0.0 -0.5099999904632568 -0.28999999165534973 0.0 0.0 -0.5099999904632568 -0.4699999988079071 0.0 0.0 -0.5099999904632568 -0.4699999988079071 0.0 0.0 -0.5099999904632568 -0.28999999165534973 0.0 0.0 -0.5099999904632568 -0.4699999988079071 0.0 0.0 -0.5099999904632568 -0.4699999988079071 0.0 0.0 -0.5099999904632568 -0.4699999988079071 0.0 0.0 -0.5099999904632568 -0.4699999988079071 0.0
762 0.0 0.0 -0.5099999904632568 -0.4699999988079071 0.0 0.0 -0.5099999904632568 -0.4699999988079071 0.0 0.0 -0.5099999904632568 -0.28999999165534973 0.0 0.0 -0.5099999904632568 -0.4699999988079071 0.0 0.0 -0.5099999904632568 -0.4699999988079071 0.0 0.0 -0.5099999904632568 -0.4699999988079071 0.0 0.0 -0.5099999904632568 -0.4699999988079071 0.0 0.0 -0.5099999904632568 -0.4699999988079071 -0.5099999904632568 -0.5099999904632568 -0.4699999988079071 0.0 0.0 -0.5099999904632568 -0.4699999988079071 0.0 0.0 -0.5099999904632568 -0.4699999988079071 0.0 0.0 -0.5099999904632568 -0.4699999988079071 0.0 0.0 -0.5099999904632568 -0.4699999988079071 0.0 0.0 -0.5099999904632568 -0.4699999988079071 0.0 0.0 -0.5099999904632568 -0.4699999988079071 0.0 0.0 -0.5099999904632568 -0.4699999988079071 -0.019999999552965164 0.0 -0.5099999904632568 -0.4699999988079071 0.0 0.0 -0.5099999904632568 -0.4699999988079071 0.0 0.0 -0.5099999904632568 -0.4699999988079071 -0.5099999904632568
763 0.0 -0.5099999904632568 -0.4699999988079071 0.0 0.0 -0.5099999904632568 -0.28999999165534973 0.0 0.0 -0.5099999904632568 -0.4699999988079071 0.0 0.0 -0.5099999904632568 -0.4699999988079071 0.0 0.0 -0.5099999904632568 -0.4699999988079071 0.0 0.0 -0.5099999904632568 -0.4699999988079071 0.0 0.0 -0.5099999904632568 -0.4699999988079071 0.0 0.0 -0.5099999904632568 -0.4699999988079071 0.0 -0.5099999904632568 0.0 -0.5099999904632568
764 0.0 0.0 -0.5099999904632568 -0.28999999165534973 0.0 0.0 -0.5099999904632568 -0.4699999988079071 0.0 0.0 -0.5099999904632568 -0.4699999988079071 0.0 0.0 -0.5099999904632568 -0.4699999988079071 0.0 0.0 -0.5099999904632568 -0.4699999988079071 0.0 0.0 -0.5099999904632568 -0.4699999988079071 0.0 0.0 -0.5099999904632568 -0.4699999988079071 0.0 0.0
765 0.0 -0.5099999904632568 -0.4699999988079071 0.0 0.0 -0.5099999904632568 -0.4699999988079071 0.0 0.0 -0.5099999904632568 -0.4699999988079071 0.0 0.0 -0.5099999904632568 -0.4699999988079071 0.0 0.0 -0.5099999904632568 -0.4699999988079071 0.0 0.0 -0.5099999904632568 -0.4699999988079071 0.0 0.0 -0.5099999904632568 -0.4699999988079071 0.0 0.0 -0.5099999904632568 -0.4699999988079071
766 0.0 -0.5099999904632568 -0.4699999988079071 0.0 0.0 -0.5099999904632568 -0.4699999988079071 0.0 0.0 -0.5099999904632568 -0.4699999988079071 0.0 0.0 -0.5099999904632568 -0.4699999988079071 0.0 0.0 -0.5099999904632568 -0.4699999988079071 0.0 0.0 -0.5099999904632568 -0.4699999988079071 0.0 0.0 -0.5099999904632568 -0.4699999988079071 0.0 0.0 -0.5099999904632568
767 0.0 -0.5099999904632568 -0.4699999988079071 0.0 0.0 -0.5099999904632568 -0.4699999988079071 0.0 0.0 -0.5099999904632568 -0.4699999988079071 0.0 0.0 -0.5099999904632568 -0.4699999988079071 0.0 0.0 -0.5099999904632568 -0.4699999988079071 0.0 0.0 -0.5099999904632568 -0.4699999988079071 0.0 0.0 -0.5099999904632568 -0.4699999988079071 0.0 0.0 -0.5099999904632568 -0.4699999988079071
768 -0.4699999988079071 0.0 0.0 -0.5099999904632568 -0.4699999988079071 0.0 0.0 -0.5099999904632568 -0.4699999988079071 0.0 0.0 -0.5099999904632568 -0.4699999988079071 0.0 0.0 -0.5099999904632568 -0.4699999988079071 0.0 0.0 -0.5099999904632568 -0.4699999988079071 0.0 0.0 -0.5099999904632568 -0.4699999988079071 0.0 0.0 -0.5099999904632568
769 0.0 -0.5099999904632568 -0.4699999988079071 0.0 0.0 -0.5099999904632568 -0.4699999988079071 0.0 0.0 -0.5099999904632568 -0.4699999988079071 0.0 0.0 -0.5099999904632568 -0.4699999988079071 0.0 0.0 -0.5099999904632568 -0.4699999988079071 0.0 0.0 -0.5099999904632568 -0.4699999988079071 0.0 0.0 -0.5099999904632568 -0.4699999988079071 0.0
77 -0.5099999904632568 0.0 -0.5099999904632568 -0.4699999988079071 0.0 0.0 -0.5099999904632568 -0.4699999988079071 0.0 0.0 -0.5099999904632568 -0.4699999988079071 0.0 0.0 -0.5099999904632568 -0.4699999988079071 0.0 0.0 -0.5099999904632568 -0.4699999988079071 0.0 0.0 -0.5099999904632568 -0.4699999988079071 0.0 0.0 -0.5099999904632568 -0.4699999988079071 0.0 0.0 -0.5099999904632568 -0.4699999988079071 0.0 0.0 -0.5099999904632568 -0.4699999988079071 0.0 0.0 -0.5099999904632568 -0.4699999988079071 0.0 0.0 -0.5099999904632568 -0.4699999988079071 0.0 0.0 -0.5099999904632568 -0.4699999988079071 0.0 0.0 -0.5099999904632568 -0.4699999988079071 0.0 0.0 -0.5099999904632568 -0.4699999988079071 0.0 0.0 -0.5099999904632568 -0.4699999988079071 0.0 0.0 -0.4699999988079071
770 -0.4699999988079071 0.0 0.0 -0.5099999904632568 -0.4699999988079071 0.0 0.0 -0.5099999904632568 -0.4699999988079071 0.0 0.0 -0.5099999904632568 -0.4699999988079071 0.0 0.0 -0.5099999904632568 -0.4699999988079071 0.0 0.0 -0.5099999904632568 -0.4699999988079071 0.0 0.0 -0.5099999904632568 -0.4699999988079071 0.0 0.0 -0.5099999904632568
771 -0.5099999904632568 -0.4699999988079071 0.0 0.0 -0.5099999904632568 -0.4699999988079071 0.0 0.0 -0.5099999904632568 -0.4699999988079071 0.0 0.0 -0.5099999904632568 -0.4699999988079071 0.0 0.0 -0.5099999904632568 -0.4699999988079071 0.0 0.0 -0.5099999904632568 -0.4699999988079071 0.0 0.0 -0.5099999904632568 -0.4699999988079071 0.0
772 -0.5099999904632568 0.0 0.0 -0.5099999904632568 -0.4699999988079071 0.0 0.0 -0.5099999904632568 -0.4699999988079071 0.0 0.0 -0.5099999904632568 -0.4699999988079071 0.0 0.0 -0.5099999904632568 -0.4699999988079071 0.0 0.0 -0.5099999904632568 -0.4699999988079071 0.0 0.0 -0.5099999904632568 -0.4699999988079071 0.0 -0.5099999904632568
773 -0.4699999988079071 0.0 0.0 -0.5099999904632568 -0.4699999988079071 0.0 0.0 -0.5099999904632568 -0.4699999988079071 0.0 0.0 -0.5099999904632568 -0.4699999988079071 0.0 0.0 -0.5099999904632568 -0.4699999988079071 0.0 0.0 -0.5099999904632568 -0.4699999988079071 0.0 0.0 -0.5099999904632568 -0.4699999988079071 0.0
774 0.0 0.0 -0.5099999904632568 -0.4699999988079071 0.0 0.0 -0.5099999904632568 -0.4699999988079071 0.0 0.0 -0.5099999904632568 -0.4699999988079071 0.0 0.0 -0.5099999904632568 -0.4699999988079071 0.0 0.0 -0.5099999904632568 -0.4699999988079071 0.0 0.0 -0.5099999904632568 -0.4699999988079071 -0.019999999552965164 0.0 -0.5099999904632568
775 -0.4699999988079071 0.0 0.0 -0.5099999904632568 -0.4699999988079071 0.0 0.0 -0.5099999904632568 -0.4699999988079071 0.0 0.0 -0.5099999904632568 -0.4699999988079071 0.0 0.0 -0.5099999904632568 -0.4699999988079071 0.0 0.0 -0.5099999904632568 -0.4699999988079071 -0.019999999552965164 0.0 -0.5099999904632568 -0.4699999988079071 0.0
776 0.0 0.0 -0.5099999904632568 -0.4699999988079071 0.0 0.0 -0.5099999904632568 -0.4699999988079071 0.0 0.0 -0.5099999904632568 -0.4699999988079071 0.0 0.0 -0.5099999904632568 -0.4699999988079071 -0.019999999552965164 0.0 -0.5099999904632568 -0.4699999988079071 0.0 0.0 -0.5099999904632568 -0.4699999988079071 0.0
777 0.0 0.0 -0.5099999904632568 -0.4699999988079071 0.0 0.0 -0.5099999904632568 -0.4699999988079071 0.0 0.0 -0.5099999904632568 -0.4699999988079071 -0.019999999552965164 0.0 -0.5099999904632568 -0.4699999988079071 0.0 0.0 -0.5099999904632568 -0.4699999988079071 0.0 0.0 -0.5099999904632568 -0.4699999988079071
778 0.0 0.0 -0.5099999904632568 -0.4699999988079071 0.0 0.0 -0.5099999904632568 -0.4699999988079071 -0.019999999552965164 0.0 -0.5099999904632568 -0.4699999988079071 0.0 0.0 -0.5099999904632568 -0.4699999988079071 0.0 0.0 -0.5099999904632568 -0.4699999988079071 0.0 0.0 -0.5099999904632568 -0.28999999165534973 0.0
779 0.0 0.0 -0.5099999904632568 -0.4699999988079071 -0.019999999552965164 0.0 -0.5099999904632568 -0.4699999988079071 0.0 0.0 -0.5099999904632568 -0.4699999988079071 0.0 0.0 -0.5099999904632568 -0.4699999988079071 0.0 0.0 -0.5099999904632568 -0.28999999165534973 0.0 0.0 -0.5099999904632568 -0.4699999988079071 0.0
78 0.0 -0.5099999904632568 -0.4699999988079071 0.0 0.0 -0.5099999904632568 -0.4699999988079071 0.0 0.0 -0.5099999904632568 -0.4699999988079071 0.0 0.0 -0.5099999904632568 -0.4699999988079071 0.0 0.0 -0.5099999904632568 -0.4699999988079071 0.0 0.0 -0.5099999904632568 -0.4699999988079071 0.0 0.0 -0.5099999904632568 -0.4699999988079071 0.0 0.0 -0.5099999904632568 -0.4699999988079071 0.0 0.0 -0.5099999904632568 -0.4699999988079071 0.0 0.0 -0.5099999904632568 -0.4699999988079071 0.0 0.0 -0.5099999904632568 -0.4699999988079071 0.0 0.0 -0.5099999904632568 -0.4699999988079071 0.0 0.0 -0.5099999904632568 -0.4699999988079071 0.0 0.0 -0.5099999904632568 -0.4699999988079071 0.0 0.0 -0.5099999904632568 -0.4699999988079071 0.0 0.0 -0.4699999988079071 0.0
780 -0.019999999552965164 0.0 -0.5099999904632568 -0.4699999988079071 0.0 0.0 -0.5099999904632568 -0.4699999988079071 0.0 0.0 -0.5099999904632568 -0.4699999988079071 0.0 0.0 -0.5099999904632568 -0.28999999165534973 0.0 0.0 -0.5099999904632568 -0.4699999988079071 0.0 0.0 -0.5099999904632568 -0.4699999988079071 0.0
781 0.0 0.0 -0.5099999904632568 -0.4699999988079071 0.0 0.0 -0.5099999904632568 -0.4699999988079071 0.0 0.0 -0.5099999904632568 -0.28999999165534973 0.0 0.0 -0.5099999904632568 -0.4699999988079071 0.0 0.0 -0.5099999904632568 -0.4699999988079071 0.0 0.0 -0.5099999904632568 -0.28999999165534973 0.0
782 0.0 0.0 -0.5099999904632568 -0.4699999988079071 0.0 0.0 -0.5099999904632568 -0.28999999165534973 0.0 0.0 -0.5099999904632568 -0.4699999988079071 0.0 0.0 -0.5099999904632568 -0.4699999988079071 0.0 0.0 -0.5099999904632568 -0.28999999165534973 0.0 0.0 -0.5099999904632568 -0.4699999988079071 0.0
783 0.0 0.0 -0.5099999904632568 -0.28999999165534973 0.0 0.0 -0.5099999904632568 -0.4699999988079071 0.0 0.0 -0.5099999904632568 -0.4699999988079071 0.0 0.0 -0.5099999904632568 -0.28999999165534973 0.0 0.0 -0.5099999904632568 -0.4699999988079071 0.0 0.0 -0.5099999904632568 -0.4699999988079071 0.0 0.0 -0.5099999904632568 -0.28999999165534973 0.0
784 0.0 0.0 -0.5099999904632568 -0.4699999988079071 0.0 0.0 -0.5099999904632568 -0.4699999988079071 0.0 0.0 -0.5099999904632568 -0.28999999165534973 0.0 0.0 -0.5099999904632568 -0.4699999988079071 0.0 0.0 -0.5099999904632568 -0.4699999988079071 0.0 0.0 -0.5099999904632568 -0.28999999165534973 0.0
785 0.0 0.0 -0.5099999904632568 -0.4699999988079071 0.0 0.0 -0.5099999904632568 -0.28999999165534973 0.0 0.0 -0.5099999904632568 -0.4699999988079071 0.0 0.0 -0.5099999904632568 -0.4699999988079071 0.0 0.0 -0.5099999904632568 -0.28999999165534973 0.0 0.0 -0.5099999904632568 -0.4699999988079071 0.0
786 0.0 0.0 -0.5099999904632568 -0.28999999165534973 0.0 0.0 -0.5099999904632568 -0.4699999988079071 0.0 0.0 -0.5099999904632568 -0.4699999988079071 0.0 0.0 -0.5099999904632568 -0.28999999165534973 0.0 0.0 -0.5099999904632568 -0.4699999988079071 0.0 0.0 -0.5099999904632568 -0.4699999988079071 0.0
787 0.0 0.0 -0.5099999904632568 -0.4699999988079071 0.0 0.0 -0.5099999904632568 -0.4699999988079071 0.0 0.0 -0.5099999904632568 -0.28999999165534973 0.0 0.0 -0.5099999904632568 -0.4699999988079071 0.0 0.0 -0.5099999904632568 -0.4699999988079071 0.0 0.0 -0.5099999904632568 -0.4699999988079071 0.0
788 0.0 0.0 -0.5099999904632568 -0.4699999988079071 0.0 0.0 -0.5099999904632568 -0.28999999165534973 0.0 0.0 -0.5099999904632568 -0.4699999988079071 0.0 0.0 -0.5099999904632568 -0.4699999988079071 0.0 0.0 -0.5099999904632568 -0.4699999988079071 0.0 0.0 -0.5099999904632568 -0.28999999165534973 0.0
789 0.0 0.0 -0.5099999904632568 -0.28999999165534973 0.0 0.0 -0.5099999904632568 -0.4699999988079071 0.0 0.0 -0.5099999904632568 -0.4699999988079071 0.0 0.0 -0.5099999904632568 -0.4699999988079071 0.0 0.0 -0.5099999904632568 -0.28999999165534973 0.0 0.0 -0.5099999904632568 -0.4699999988079071 0.0 -0.5099999904632568 -0.5099999904632568
79 -0.5099999904632568 0.0 -0.5099999904632568 -0.4699999988079071 0.0 0.0 -0.5099999904632568 -0.4699999988079071 0.0 0.0 -0.5099999904632568 -0.4699999988079071 0.0 0.0 -0.5099999904632568 -0.4699999988079071 0.0 0.0 -0.5099999904632568 -0.4699999988079071 0.0 0.0 -0.5099999904632568 -0.4699999988079071 0.0 0.0 -0.5099999904632568 -0.4699999988079071 0.0 0.0 -0.5099999904632568 -0.4699999988079071 0.0 0.0 -0.5099999904632568 -0.4699999988079071 0.0 0.0 -0.5099999904632568 -0.4699999988079071 0.0 0.0 -0.5099999904632568 -0.4699999988079071 0.0 0.0 -0.5099999904632568 -0.4699999988079071 0.0 0.0 -0.5099999904632568 -0.4699999988079071 0.0 0.0 -0.5099999904632568 -0.4699999988079071 0.0 0.0 -0.5099999904632568 -0.4699999988079071 0.0 0.0 -0.4699999988079071 0.0
790 0.0 0.0 -0.5099999904632568 -0.4699999988079071 0.0 0.0 -0.5099999904632568 -0.4699999988079071 0.0 0.0 -0.5099999904632568 -0.4699999988079071 0.0 0.0 -0.5099999904632568 -0.28999999165534973 0.0 0.0 -0.5099999904632568 -0.4699999988079071 0.0 0.0 -0.5099999904632568 -0.4699999988079071 0.0
791 0.0 0.0 -0.5099999904632568 -0.4699999988079071 0.0 0.0 -0.5099999904632568 -0.4699999988079071 0.0 0.0 -0.5099999904632568 -0.28999999165534973 0.0 0.0 -0.5099999904632568 -0.4699999988079071 0.0 0.0 -0.5099999904632568 -0.4699999988079071 0.0 0.0 -0.5099999904632568 -0.4699999988079071 0.0 0.0 -0.5099999904632568 -0.4699999988079071 0.0 0.0 0.0 -0.4699999988079071 0.0
792 0.0 0.0 -0.5099999904632568 -0.4699999988079071 0.0 0.0 -0.5099999904632568 -0.28999999165534973 0.0 0.0 -0.5099999904632568 -0.4699999988079071 0.0 0.0 -0.5099999904632568 -0.4699999988079071 0.0 0.0 -0.5099999904632568 -0.4699999988079071 0.0 0.0 -0.5099999904632568 -0.28999999165534973 0.0 -0.28999999165534973 0.0 0.0 -0.5099999904632568 -0.4699999988079071 0.0 0.0 -0.4699999988079071 0.0 0.0 -0.5099999904632568 -0.4699999988079071 0.0 0.0 -0.5099999904632568 -0.4699999988079071 0.0 0.0 -0.5099999904632568 -0.4699999988079071 0.0 0.0 -0.5099999904632568 -0.28999999165534973
793 0.0 0.0 -0.5099999904632568 -0.28999999165534973 0.0 0.0 -0.5099999904632568 -0.4699999988079071 0.0 0.0 -0.5099999904632568 -0.4699999988079071 0.0 0.0 -0.5099999904632568 -0.4699999988079071 0.0 0.0 -0.5099999904632568 -0.28999999165534973 0.0 0.0 -0.5099999904632568 -0.4699999988079071 0.0 -0.5099999904632568 -0.4699999988079071 0.0 0.0 -0.5099999904632568 -0.4699999988079071 0.0 0.0 -0.5099999904632568 -0.4699999988079071 0.0 0.0 -0.5099999904632568 -0.4699999988079071 0.0 0.0 -0.5099999904632568 -0.4699999988079071 0.0 -0.5099999904632568
794 0.0 0.0 -0.5099999904632568 -0.4699999988079071 0.0 0.0 -0.5099999904632568 -0.4699999988079071 0.0 0.0 -0.5099999904632568 -0.4699999988079071 0.0 0.0 -0.5099999904632568 -0.28999999165534973 0.0 0.0 -0.5099999904632568 -0.4699999988079071 0.0 0.0 -0.5099999904632568 -0.4699999988079071 0.0
795 0.0 0.0 -0.5099999904632568 -0.4699999988079071 0.0 0.0 -0.5099999904632568 -0.4699999988079071 0.0 0.0 -0.5099999904632568 -0.28999999165534973 0.0 0.0 -0.5099999904632568 -0.4699999988079071 0.0 0.0 -0.5099999904632568 -0.4699999988079071 0.0 0.0 -0.5099999904632568 -0.4699999988079071 -0.019999999552965164 0.0 -0.5099999904632568
796 0.0 0.0 -0.5099999904632568 -0.4699999988079071 0.0 0.0 -0.5099999904632568 -0.28999999165534973 0.0 0.0 -0.5099999904632568 -0.4699999988079071 0.0 0.0 -0.5099999904632568 -0.4699999988079071 0.0 0.0 -0.5099999904632568 -0.4699999988079071 -0.019999999552965164 0.0 -0.5099999904632568 -0.4699999988079071 0.0 0.0 -0.28999999165534973
797 0.0 0.0 -0.5099999904632568 -0.28999999165534973 0.0 0.0 -0.5099999904632568 -0.4699999988079071 0.0 0.0 -0.5099999904632568 -0.4699999988079071 0.0 0.0 -0.5099999904632568 -0.4699999988079071 -0.019999999552965164 0.0 -0.5099999904632568 -0.4699999988079071 0.0 0.0 -0.5099999904632568 -0.28999999165534973 0.0
798 0.0 0.0 -0.5099999904632568 -0.4699999988079071 0.0 0.0 -0.5099999904632568 -0.4699999988079071 0.0 0.0 -0.5099999904632568 -0.4699999988079071 -0.019999999552965164 0.0 -0.5099999904632568 -0.4699999988079071 0.0 0.0 -0.5099999904632568 -0.28999999165534973 0.0 0.0 -0.5099999904632568 -0.4699999988079071 0.0 0.0 -0.4699999988079071
799 0.0 0.0 -0.5099999904632568 -0.4699999988079071 0.0 0.0 -0.5099999904632568 -0.4699999988079071 -0.019999999552965164 0.0 -0.5099999904632568 -0.4699999988079071 0.0 0.0 -0.5099999904632568 -0.28999999165534973 0.0 0.0 -0.5099999904632568 -0.4699999988079071 0.0 0.0 -0.5099999904632568 -0.4699999988079071 0.0 0.0 -0.5099999904632568
8 -0.4699999988079071 0.0 0.0 -0.5099999904632568 -0.4699999988079071 -0.019999999552965164 0.0 -0.5099999904632568 -0.4699999988079071 -0.019999999552965164 0.0 -0.5099999904632568 -0.4699999988079071 0.0 0.0 -0.5099999904632568 -0.4699999988079071 -0.019999999552965164 0.0 -0.5099999904632568 -0.4699999988079071 0.0 0.0 -0.5099999904632568 -0.4699999988079071 0.0 0.0 -0.5099999904632568 -0.4699999988079071
80 -0.5099999904632568 0.0 -0.5099999904632568 -0.4699999988079071 0.0 0.0 -0.5099999904632568 -0.4699999988079071 0.0 0.0 -0.5099999904632568 -0.4699999988079071 0.0 0.0 -0.5099999904632568 -0.4699999988079071 0.0 0.0 -0.5099999904632568 -0.4699999988079071 0.0 0.0 -0.5099999904632568 -0.4699999988079071 0.0 0.0 -0.5099999904632568 -0.4699999988079071 0.0 0.0 -0.5099999904632568 -0.4699999988079071 0.0 0.0 -0.5099999904632568 -0.4699999988079071 0.0 0.0 -0.5099999904632568 -0.4699999988079071 0.0 0.0 -0.5099999904632568 -0.4699999988079071 0.0 0.0 -0.5099999904632568 -0.4699999988079071 0.0 0.0 -0.5099999904632568 -0.4699999988079071 0.0 0.0 -0.5099999904632568 -0.4699999988079071 0.0 0.0 -0.5099999904632568 -0.4699999988079071 0.0 0.0 -0.4699999988079071
800 0.0 0.0 -0.5099999904632568 -0.4699999988079071 0.0 0.0 -0.5099999904632568 -0.4699999988079071 -0.019999999552965164 0.0 -0.5099999904632568 -0.4699999988079071 0.0 0.0 -0.5099999904632568 -0.28999999165534973 0.0 0.0 -0.5099999904632568 -0.4699999988079071 0.0 0.0 -0.5099999904632568 -0.4699999988079071 0.0 0.0 -0.5099999904632568 -0.28999999165534973 0.0 0.0 -0.5099999904632568
801 -0.4699999988079071 -0.019999999552965164 0.0 -0.5099999904632568 -0.4699999988079071 0.0 0.0 -0.5099999904632568 -0.28999999165534973 0.0 0.0 -0.5099999904632568 -0.4699999988079071 0.0 0.0 -0.5099999904632568 -0.4699999988079071 0.0 0.0 -0.5099999904632568 -0.28999999165534973 0.0 0.0 -0.5099999904632568 -0.4699999988079071 0.0 0.0 -0.5099999904632568
802 0.0 -0.5099999904632568 -0.4699999988079071 0.0 0.0 -0.5099999904632568 -0.28999999165534973 0.0 0.0 -0.5099999904632568 -0.4699999988079071 0.0 0.0 -0.5099999904632568 -0.4699999988079071 0.0 0.0 -0.5099999904632568 -0.28999999165534973 0.0 0.0 -0.5099999904632568 -0.4699999988079071 0.0 0.0 -0.5099999904632568 -0.4699999988079071 0.0
803 -0.28999999165534973 0.0 0.0 -0.5099999904632568 -0.4699999988079071 0.0 0.0 -0.5099999904632568 -0.4699999988079071 0.0 0.0 -0.5099999904632568 -0.28999999165534973 0.0 0.0 -0.5099999904632568 -0.4699999988079071 0.0 0.0 -0.5099999904632568 -0.4699999988079071 0.0 0.0 -0.5099999904632568 -0.4699999988079071 0.0 0.0 -0.5099999904632568
804 -0.4699999988079071 0.0 0.0 -0.5099999904632568 -0.4699999988079071 0.0 0.0 -0.5099999904632568 -0.28999999165534973 0.0 0.0 -0.5099999904632568 -0.4699999988079071 0.0 0.0 -0.5099999904632568 -0.4699999988079071 0.0 0.0 -0.5099999904632568 -0.4699999988079071 0.0 0.0 -0.5099999904632568 -0.28999999165534973 0.0 0.0 -0.5099999904632568 -0.4699999988079071
805 0.0 0.0 -0.5099999904632568 -0.28999999165534973 0.0 0.0 -0.5099999904632568 -0.4699999988079071 0.0 0.0 -0.5099999904632568 -0.4699999988079071 0.0 0.0 -0.5099999904632568 -0.4699999988079071 0.0 0.0 -0.5099999904632568 -0.28999999165534973 0.0 0.0 -0.5099999904632568 -0.4699999988079071 0.0 0.0 -0.5099999904632568 0.0 -0.5099999904632568 -0.5099999904632568
806 0.0 0.0 -0.5099999904632568 -0.4699999988079071 0.0 0.0 -0.5099999904632568 -0.4699999988079071 0.0 0.0 -0.5099999904632568 -0.4699999988079071 0.0 0.0 -0.5099999904632568 -0.28999999165534973 0.0 0.0 -0.5099999904632568 -0.4699999988079071 0.0 0.0 -0.5099999904632568 -0.4699999988079071 0.0 0.0
807 0.0 -0.5099999904632568 -0.4699999988079071 0.0 0.0 -0.5099999904632568 -0.4699999988079071 0.0 0.0 -0.5099999904632568 -0.4699999988079071 0.0 0.0 -0.5099999904632568 -0.28999999165534973 0.0 0.0 -0.5099999904632568 -0.4699999988079071 0.0 0.0 -0.5099999904632568 -0.4699999988079071 0.0 0.0 -0.5099999904632568 -0.4699999988079071 0.0 0.0 -0.5099999904632568 -0.28999999165534973
808 -0.4699999988079071 0.0 0.0 -0.5099999904632568 -0.4699999988079071 0.0 0.0 -0.5099999904632568 -0.28999999165534973 0.0 0.0 -0.5099999904632568 -0.4699999988079071 0.0 0.0 -0.5099999904632568 -0.4699999988079071 0.0 0.0 -0.5099999904632568 -0.4699999988079071 0.0 0.0 -0.5099999904632568 -0.28999999165534973 0.0 0.0 -0.4699999988079071
809 0.0 -0.5099999904632568 -0.4699999988079071 0.0 0.0 -0.5099999904632568 -0.28999999165534973 0.0 0.0 -0.5099999904632568 -0.4699999988079071 0.0 0.0 -0.5099999904632568 -0.4699999988079071 0.0 0.0 -0.5099999904632568 -0.4699999988079071 0.0 0.0 -0.5099999904632568 -0.28999999165534973 0.0 0.0 -0.5099999904632568 -0.4699999988079071 0.0 0.0 -0.5099999904632568
81 -0.5099999904632568 -0.5099999904632568 0.0 -0.5099999904632568 -0.4699999988079071 0.0 0.0 -0.5099999904632568 -0.4699999988079071 0.0 0.0 -0.5099999904632568 -0.4699999988079071 0.0 0.0 -0.5099999904632568 -0.4699999988079071 0.0 0.0 -0.5099999904632568 -0.4699999988079071 0.0 0.0 -0.5099999904632568 -0.4699999988079071 0.0 0.0 -0.5099999904632568 -0.4699999988079071 0.0 0.0 -0.5099999904632568 -0.4699999988079071 0.0 0.0 -0.5099999904632568 -0.4699999988079071 0.0 0.0 -0.5099999904632568 -0.4699999988079071 0.0 0.0 -0.5099999904632568 -0.4699999988079071 0.0 0.0 -0.5099999904632568 -0.4699999988079071 0.0 0.0 -0.5099999904632568 -0.4699999988079071 0.0 0.0 -0.5099999904632568 -0.4699999988079071 0.0 0.0 -0.5099999904632568 -0.4699999988079071 0.0 0.0 -0.5099999904632568 -0.4699999988079071 0.0 0.0 -0.4699999988079071
810 -0.28999999165534973 0.0 0.0 -0.5099999904632568 -0.4699999988079071 0.0 0.0 -0.5099999904632568 -0.4699999988079071 0.0 0.0 -0.5099999904632568 -0.4699999988079071 0.0 0.0 -0.5099999904632568 -0.28999999165534973 0.0 0.0 -0.5099999904632568 -0.4699999988079071 0.0 0.0 -0.5099999904632568 -0.4699999988079071 0.0 0.0 -0.5099999904632568
811 0.0 -0.5099999904632568 -0.4699999988079071 0.0 0.0 -0.5099999904632568 -0.4699999988079071 0.0 0.0 -0.5099999904632568 -0.4699999988079071 0.0 0.0 -0.5099999904632568 -0.28999999165534973 0.0 0.0 -0.5099999904632568 -0.4699999988079071 0.0 0.0 -0.5099999904632568 -0.4699999988079071 0.0 0.0 -0.5099999904632568 -0.4699999988079071 0.0 0.0 -0.5099999904632568 -0.28999999165534973
812 0.0 -0.5099999904632568 -0.4699999988079071 0.0 0.0 -0.5099999904632568 -0.4699999988079071 0.0 0.0 -0.5099999904632568 -0.28999999165534973 0.0 0.0 -0.5099999904632568 -0.4699999988079071 0.0 0.0 -0.5099999904632568 -0.4699999988079071 0.0 0.0 -0.5099999904632568 -0.4699999988079071 0.0 0.0 -0.5099999904632568 -0.28999999165534973 0.0
813 0.0 -0.5099999904632568 -0.4699999988079071 0.0 0.0 -0.5099999904632568 -0.28999999165534973 0.0 0.0 -0.5099999904632568 -0.4699999988079071 0.0 0.0 -0.5099999904632568 -0.4699999988079071 0.0 0.0 -0.5099999904632568 -0.4699999988079071 0.0 0.0 -0.5099999904632568 -0.28999999165534973 0.0 0.0 -0.5099999904632568 -0.4699999988079071 0.0
814 -0.5099999904632568 -0.28999999165534973 0.0 0.0 -0.5099999904632568 -0.4699999988079071 0.0 0.0 -0.5099999904632568 -0.4699999988079071 0.0 0.0 -0.5099999904632568 -0.4699999988079071 0.0 0.0 -0.5099999904632568 -0.28999999165534973 0.0 0.0 -0.5099999904632568 -0.4699999988079071 0.0 0.0 -0.5099999904632568 -0.4699999988079071 0.0 0.0 -0.5099999904632568
815 0.0 -0.5099999904632568 -0.4699999988079071 0.0 0.0 -0.5099999904632568 -0.4699999988079071 0.0 0.0 -0.5099999904632568 -0.4699999988079071 0.0 0.0 -0.5099999904632568 -0.28999999165534973 0.0 0.0 -0.5099999904632568 -0.4699999988079071 0.0 0.0 -0.5099999904632568 -0.4699999988079071 0.0 0.0 -0.5099999904632568 -0.4699999988079071 0.0 0.0 -0.5099999904632568
816 0.0 0.0 -0.5099999904632568 -0.4699999988079071 0.0 0.0 -0.5099999904632568 -0.28999999165534973 0.0 0.0 -0.5099999904632568 -0.4699999988079071 0.0 0.0 -0.5099999904632568 -0.4699999988079071 0.0 0.0 -0.5099999904632568 -0.4699999988079071 0.0 0.0 -0.5099999904632568 -0.4699999988079071 0.0
817 0.0 0.0 -0.5099999904632568 -0.28999999165534973 0.0 0.0 -0.5099999904632568 -0.4699999988079071 0.0 0.0 -0.5099999904632568 -0.4699999988079071 0.0 0.0 -0.5099999904632568 -0.4699999988079071 0.0 0.0 -0.5099999904632568 -0.4699999988079071 0.0 0.0 -0.5099999904632568 -0.28999999165534973 0.0 -0.5099999904632568 0.0 0.0 -0.5099999904632568 -0.4699999988079071 0.0 0.0 -0.5099999904632568
818 -0.28999999165534973 0.0 0.0 -0.5099999904632568 -0.4699999988079071 0.0 0.0 -0.5099999904632568 -0.4699999988079071 0.0 0.0 -0.5099999904632568 -0.4699999988079071 0.0 0.0 -0.5099999904632568 -0.4699999988079071 0.0 0.0 -0.5099999904632568 -0.28999999165534973 0.0 0.0 -0.5099999904632568 -0.4699999988079071 0.0
819 0.0 -0.4699999988079071 0.0 0.0 -0.5099999904632568 -0.4699999988079071 0.0 0.0 -0.5099999904632568 -0.4699999988079071 0.0 0.0 -0.5099999904632568 -0.4699999988079071 0.0 0.0 -0.5099999904632568 -0.28999999165534973 0.0 0.0 -0.5099999904632568 -0.4699999988079071 0.0 0.0 -0.5099999904632568 -0.28999999165534973 0.0
82 -0.5099999904632568 0.0 -0.5099999904632568 -0.4699999988079071 0.0 0.0 -0.5099999904632568 -0.4699999988079071 0.0 0.0 -0.5099999904632568 -0.4699999988079071 0.0 0.0 -0.5099999904632568 -0.4699999988079071 0.0 0.0 -0.5099999904632568 -0.4699999988079071 0.0 0.0 -0.5099999904632568 -0.4699999988079071 0.0 0.0 -0.5099999904632568 -0.4699999988079071 0.0 0.0 -0.5099999904632568 -0.4699999988079071 0.0 0.0 -0.5099999904632568 -0.4699999988079071 0.0 0.0 -0.5099999904632568 -0.4699999988079071 0.0 0.0 -0.5099999904632568 -0.4699999988079071 0.0 0.0 -0.5099999904632568 -0.4699999988079071 0.0 0.0 -0.5099999904632568 -0.4699999988079071 0.0 0.0 -0.5099999904632568 -0.4699999988079071 0.0 0.0 -0.5099999904632568 -0.4699999988079071 0.0 0.0 -0.4699999988079071 0.0
820 0.0 0.0 -0.5099999904632568 -0.4699999988079071 0.0 0.0 -0.5099999904632568 -0.4699999988079071 0.0 0.0 -0.5099999904632568 -0.28999999165534973 0.0 0.0 -0.5099999904632568 -0.4699999988079071 0.0 0.0 -0.5099999904632568 -0.28999999165534973 0.0 0.0 -0.5099999904632568 -0.4699999988079071
821 0.0 0.0 -0.5099999904632568 -0.4699999988079071 0.0 0.0 -0.5099999904632568 -0.28999999165534973 0.0 0.0 -0.5099999904632568 -0.4699999988079071 0.0 0.0 -0.5099999904632568 -0.28999999165534973 0.0 0.0 -0.5099999904632568 -0.4699999988079071 0.0 0.0 -0.5099999904632568 -0.4699999988079071 0.0 -0.5099999904632568
822 0.0 0.0 -0.5099999904632568 -0.28999999165534973 0.0 0.0 -0.5099999904632568 -0.4699999988079071 0.0 0.0 -0.5099999904632568 -0.28999999165534973 0.0 0.0 -0.5099999904632568 -0.4699999988079071 0.0 0.0 -0.5099999904632568 -0.4699999988079071 0.0 0.0 -0.5099999904632568 -0.28999999165534973 0.0
823 0.0 0.0 -0.5099999904632568 -0.4699999988079071 0.0 0.0 -0.5099999904632568 -0.28999999165534973 0.0 0.0 -0.5099999904632568 -0.4699999988079071 0.0 0.0 -0.5099999904632568 -0.4699999988079071 0.0 0.0 -0.5099999904632568 -0.28999999165534973 0.0 0.0 -0.5099999904632568 -0.4699999988079071 0.0 0.0 -0.5099999904632568
824 -0.4699999988079071 0.0 0.0 -0.5099999904632568 -0.28999999165534973 0.0 0.0 -0.5099999904632568 -0.4699999988079071 0.0 0.0 -0.5099999904632568 -0.4699999988079071 0.0 0.0 -0.5099999904632568 -0.28999999165534973 0.0 0.0 -0.5099999904632568 -0.4699999988079071 0.0 0.0 -0.5099999904632568 -0.4699999988079071 -0.019999999552965164
825 0.0 0.0 -0.5099999904632568 -0.4699999988079071 0.0 0.0 -0.5099999904632568 -0.4699999988079071 0.0 0.0 -0.5099999904632568 -0.28999999165534973 0.0 0.0 -0.5099999904632568 -0.4699999988079071 0.0 0.0 -0.5099999904632568 -0.4699999988079071 -0.019999999552965164 0.0 -0.5099999904632568 -0.4699999988079071 0.0
826 0.0 0.0 -0.5099999904632568 -0.4699999988079071 0.0 0.0 -0.5099999904632568 -0.28999999165534973 0.0 0.0 -0.5099999904632568 -0.4699999988079071 0.0 0.0 -0.5099999904632568 -0.4699999988079071 -0.019999999552965164 0.0 -0.5099999904632568 -0.4699999988079071 0.0 0.0 -0.5099999904632568 -0.4699999988079071 0.0
827 0.0 0.0 -0.5099999904632568 -0.28999999165534973 0.0 0.0 -0.5099999904632568 -0.4699999988079071 0.0 0.0 -0.5099999904632568 -0.4699999988079071 -0.019999999552965164 0.0 -0.5099999904632568 -0.4699999988079071 0.0 0.0 -0.5099999904632568 -0.4699999988079071 0.0 0.0 -0.5099999904632568 -0.4699999988079071 0.0
828 0.0 0.0 -0.5099999904632568 -0.4699999988079071 0.0 0.0 -0.5099999904632568 -0.4699999988079071 -0.019999999552965164 0.0 -0.5099999904632568 -0.4699999988079071 0.0 0.0 -0.5099999904632568 -0.4699999988079071 0.0 0.0 -0.5099999904632568 -0.4699999988079071 0.0 0.0 -0.5099999904632568 -0.28999999165534973 0.0
829 0.0 0.0 -0.5099999904632568 -0.4699999988079071 -0.019999999552965164 0.0 -0.5099999904632568 -0.4699999988079071 0.0 0.0 -0.5099999904632568 -0.4699999988079071 0.0 0.0 -0.5099999904632568 -0.4699999988079071 0.0 0.0 -0.5099999904632568 -0.28999999165534973 0.0 0.0 -0.5099999904632568 -0.28999999165534973 0.0
83 -0.5099999904632568 0.0 -0.5099999904632568 -0.4699999988079071 0.0 0.0 -0.5099999904632568 -0.4699999988079071 0.0 0.0 -0.5099999904632568 -0.4699999988079071 0.0 0.0 -0.5099999904632568 -0.4699999988079071 0.0 0.0 -0.5099999904632568 -0.4699999988079071 0.0 0.0 -0.5099999904632568 -0.4699999988079071 0.0 0.0 -0.5099999904632568 -0.4699999988079071 0.0 0.0 -0.5099999904632568 -0.4699999988079071 0.0 0.0 -0.5099999904632568 -0.4699999988079071 0.0 0.0 -0.5099999904632568 -0.4699999988079071 0.0 0.0 -0.5099999904632568 -0.4699999988079071 0.0 0.0 -0.5099999904632568 -0.4699999988079071 0.0 0.0 -0.5099999904632568 -0.4699999988079071 0.0 0.0 -0.5099999904632568 -0.4699999988079071 0.0 0.0 -0.5099999904632568 -0.4699999988079071 0.0 0.0 -0.4699999988079071 0.0 -0.5099999904632568 0.0 -0.5099999904632568 -0.4699999988079071 0.0 0.0 -0.5099999904632568 -0.4699999988079071 0.0
830 -0.019999999552965164 0.0 -0.5099999904632568 -0.4699999988079071 0.0 0.0 -0.5099999904632568 -0.4699999988079071 0.0 0.0 -0.5099999904632568 -0.4699999988079071 0.0 0.0 -0.5099999904632568 -0.28999999165534973 0.0 0.0 -0.5099999904632568 -0.28999999165534973 0.0 0.0 -0.5099999904632568 -0.4699999988079071 0.0 0.0 -0.5099999904632568
831 0.0 0.0 -0.5099999904632568 -0.4699999988079071 0.0 0.0 -0.5099999904632568 -0.4699999988079071 0.0 0.0 -0.5099999904632568 -0.28999999165534973 0.0 0.0 -0.5099999904632568 -0.28999999165534973 0.0 0.0 -0.5099999904632568 -0.4699999988079071 0.0 0.0 -0.5099999904632568 -0.28999999165534973 0.0
832 0.0 0.0 -0.5099999904632568 -0.4699999988079071 0.0 0.0 -0.5099999904632568 -0.28999999165534973 0.0 0.0 -0.5099999904632568 -0.28999999165534973 0.0 0.0 -0.5099999904632568 -0.4699999988079071 0.0 0.0 -0.5099999904632568 -0.28999999165534973 0.0 0.0 -0.5099999904632568 -0.4699999988079071 0.0
833 0.0 0.0 -0.5099999904632568 -0.28999999165534973 0.0 0.0 -0.5099999904632568 -0.28999999165534973 0.0 0.0 -0.5099999904632568 -0.4699999988079071 0.0 0.0 -0.5099999904632568 -0.28999999165534973 0.0 0.0 -0.5099999904632568 -0.4699999988079071 0.0 0.0 -0.5099999904632568 -0.4699999988079071 0.0
834 0.0 0.0 -0.5099999904632568 -0.28999999165534973 0.0 0.0 -0.5099999904632568 -0.4699999988079071 0.0 0.0 -0.5099999904632568 -0.28999999165534973 0.0 0.0 -0.5099999904632568 -0.4699999988079071 0.0 0.0 -0.5099999904632568 -0.4699999988079071 0.0 0.0 -0.5099999904632568 -0.4699999988079071 0.0
835 0.0 0.0 -0.5099999904632568 -0.4699999988079071 0.0 0.0 -0.5099999904632568 -0.28999999165534973 0.0 0.0 -0.5099999904632568 -0.4699999988079071 0.0 0.0 -0.5099999904632568 -0.4699999988079071 0.0 0.0 -0.5099999904632568 -0.4699999988079071 0.0 0.0 -0.5099999904632568 -0.4699999988079071 0.0
836 0.0 0.0 -0.5099999904632568 -0.28999999165534973 0.0 0.0 -0.5099999904632568 -0.4699999988079071 0.0 0.0 -0.5099999904632568 -0.4699999988079071 0.0 0.0 -0.5099999904632568 -0.4699999988079071 0.0 0.0 -0.5099999904632568 -0.4699999988079071 0.0 0.0 -0.5099999904632568 -0.4699999988079071 -0.019999999552965164
837 0.0 0.0 -0.5099999904632568 -0.4699999988079071 0.0 0.0 -0.5099999904632568 -0.4699999988079071 0.0 0.0 -0.5099999904632568 -0.4699999988079071 0.0 0.0 -0.5099999904632568 -0.4699999988079071 0.0 0.0 -0.5099999904632568 -0.4699999988079071 -0.019999999552965164 0.0 -0.5099999904632568 -0.28999999165534973 0.0
838 0.0 0.0 -0.5099999904632568 -0.4699999988079071 0.0 0.0 -0.5099999904632568 -0.4699999988079071 0.0 0.0 -0.5099999904632568 -0.4699999988079071 0.0 0.0 -0.5099999904632568 -0.4699999988079071 -0.019999999552965164 0.0 -0.5099999904632568 -0.28999999165534973 0.0 0.0 -0.5099999904632568 -0.28999999165534973 0.0 -0.5099999904632568
839 0.0 0.0 -0.5099999904632568 -0.4699999988079071 0.0 0.0 -0.5099999904632568 -0.4699999988079071 0.0 0.0 -0.5099999904632568 -0.4699999988079071 -0.019999999552965164 0.0 -0.5099999904632568 -0.28999999165534973 0.0 0.0 -0.5099999904632568 -0.28999999165534973 0.0 0.0 -0.5099999904632568 -0.4699999988079071 0.0 0.0 -0.5099999904632568 -0.4699999988079071 0.0 0.0 -0.5099999904632568 -0.4699999988079071 0.0 0.0 -0.5099999904632568 -0.4699999988079071 0.0 0.0 -0.5099999904632568 -0.4699999988079071 0.0 -0.5099999904632568
84 -0.5099999904632568 0.0 -0.5099999904632568 -0.4699999988079071 0.0 0.0 -0.5099999904632568 -0.4699999988079071 0.0 0.0 -0.5099999904632568 -0.4699999988079071 0.0 0.0 -0.5099999904632568 -0.4699999988079071 0.0 0.0 -0.5099999904632568 -0.4699999988079071 0.0 0.0 -0.5099999904632568 -0.4699999988079071 0.0 0.0 -0.5099999904632568 -0.4699999988079071 0.0 0.0 -0.5099999904632568 -0.4699999988079071 0.0 0.0 -0.5099999904632568 -0.4699999988079071 0.0 0.0 -0.5099999904632568 -0.4699999988079071 0.0 0.0 -0.5099999904632568 -0.4699999988079071 0.0 0.0 -0.5099999904632568 -0.4699999988079071 0.0 0.0 -0.5099999904632568 -0.4699999988079071 0.0 0.0 -0.5099999904632568 -0.4699999988079071 0.0 0.0 -0.5099999904632568 -0.4699999988079071 0.0 0.0 -0.4699999988079071 0.0
840 0.0 0.0 -0.5099999904632568 -0.4699999988079071 0.0 0.0 -0.5099999904632568 -0.4699999988079071 -0.019999999552965164 0.0 -0.5099999904632568 -0.28999999165534973 0.0 0.0 -0.5099999904632568 -0.28999999165534973 0.0 0.0 -0.5099999904632568 -0.4699999988079071 0.0 0.0 -0.5099999904632568 -0.4699999988079071 0.0 -0.5099999904632568 0.0 0.0 -0.5099999904632568 -0.28999999165534973 0.0 0.0 -0.5099999904632568 -0.4699999988079071 0.0 0.0 -0.5099999904632568 -0.4699999988079071 0.0 0.0 -0.5099999904632568 -0.4699999988079071 0.0 0.0 -0.5099999904632568 -0.4699999988079071 0.0 0.0 -0.5099999904632568 -0.28999999165534973 0.0
841 0.0 0.0 -0.5099999904632568 -0.4699999988079071 -0.019999999552965164 0.0 -0.5099999904632568 -0.28999999165534973 0.0 0.0 -0.5099999904632568 -0.28999999165534973 0.0 0.0 -0.5099999904632568 -0.4699999988079071 0.0 0.0 -0.5099999904632568 -0.4699999988079071 0.0 0.0 -0.5099999904632568 -0.4699999988079071 0.0 -0.019999999552965164 0.0 -0.5099999904632568 -0.4699999988079071 0.0 0.0 -0.5099999904632568 -0.28999999165534973 0.0 0.0 -0.5099999904632568 -0.4699999988079071 0.0 0.0 -0.5099999904632568 -0.4699999988079071 0.0 0.0 -0.5099999904632568 -0.4699999988079071 0.0 0.0 -0.5099999904632568 -0.4699999988079071 0.0 0.0 -0.5099999904632568 -0.28999999165534973 0.0
842 -0.019999999552965164 0.0 -0.5099999904632568 -0.28999999165534973 0.0 0.0 -0.5099999904632568 -0.28999999165534973 0.0 0.0 -0.5099999904632568 -0.4699999988079071 0.0 0.0 -0.5099999904632568 -0.4699999988079071 0.0 0.0 -0.5099999904632568 -0.4699999988079071 0.0 0.0 -0.5099999904632568 -0.4699999988079071 0.0 -0.4699999988079071 -0.019999999552965164 0.0 -0.5099999904632568 -0.4699999988079071 0.0 0.0 -0.5099999904632568 -0.28999999165534973 0.0 0.0 -0.5099999904632568 -0.4699999988079071 0.0 0.0 -0.5099999904632568 -0.4699999988079071 0.0 0.0 -0.5099999904632568 -0.4699999988079071 0.0 0.0 -0.5099999904632568 -0.4699999988079071 0.0 0.0 -0.5099999904632568 -0.28999999165534973 0.0 0.0 -0.5099999904632568 -0.4699999988079071
843 0.0 0.0 -0.5099999904632568 -0.28999999165534973 0.0 0.0 -0.5099999904632568 -0.4699999988079071 0.0 0.0 -0.5099999904632568 -0.4699999988079071 0.0 0.0 -0.5099999904632568 -0.4699999988079071 0.0 0.0 -0.5099999904632568 -0.4699999988079071 0.0 0.0 -0.5099999904632568 -0.4699999988079071 -0.019999999552965164 -0.5099999904632568 0.0 0.0 -0.5099999904632568 -0.4699999988079071 -0.019999999552965164 0.0 -0.5099999904632568 -0.4699999988079071 0.0 0.0 -0.5099999904632568 -0.28999999165534973 0.0 0.0 -0.5099999904632568 -0.4699999988079071 0.0 0.0 -0.5099999904632568 -0.4699999988079071 0.0 0.0 -0.5099999904632568 -0.4699999988079071 0.0 0.0 -0.5099999904632568 -0.4699999988079071
844 0.0 -0.5099999904632568 -0.4699999988079071 0.0 0.0 -0.5099999904632568 -0.4699999988079071 0.0 0.0 -0.5099999904632568 -0.4699999988079071 0.0 0.0 -0.5099999904632568 -0.4699999988079071 0.0 0.0 -0.5099999904632568 -0.4699999988079071 -0.019999999552965164 0.0 -0.5099999904632568 -0.4699999988079071 0.0 0.0 0.0 -0.4699999988079071 -0.019999999552965164 0.0 -0.5099999904632568 -0.4699999988079071 0.0 0.0 -0.5099999904632568 -0.28999999165534973 0.0 0.0 -0.5099999904632568 -0.4699999988079071 0.0 0.0 -0.5099999904632568 -0.4699999988079071 0.0 0.0 -0.5099999904632568
845 0.0 0.0 -0.5099999904632568 -0.4699999988079071 0.0 0.0 -0.5099999904632568 -0.4699999988079071 0.0 0.0 -0.5099999904632568 -0.4699999988079071 0.0 0.0 -0.5099999904632568 -0.4699999988079071 -0.019999999552965164 0.0 -0.5099999904632568 -0.4699999988079071 0.0 0.0 -0.5099999904632568 -0.4699999988079071 0.0 -0.5099999904632568 0.0 0.0 -0.5099999904632568 -0.4699999988079071 0.0 0.0 -0.5099999904632568 -0.4699999988079071 -0.019999999552965164 0.0 -0.5099999904632568 -0.4699999988079071 0.0 0.0 -0.5099999904632568 -0.28999999165534973 0.0 0.0 -0.4699999988079071 0.0
846 0.0 0.0 -0.5099999904632568 -0.4699999988079071 0.0 0.0 -0.5099999904632568 -0.4699999988079071 0.0 0.0 -0.5099999904632568 -0.4699999988079071 -0.019999999552965164 0.0 -0.5099999904632568 -0.4699999988079071 0.0 0.0 -0.5099999904632568 -0.4699999988079071 0.0 0.0 -0.5099999904632568 -0.4699999988079071 0.0 -0.5099999904632568 0.0 -0.4699999988079071
847 0.0 0.0 -0.5099999904632568 -0.4699999988079071 0.0 0.0 -0.5099999904632568 -0.4699999988079071 -0.019999999552965164 0.0 -0.5099999904632568 -0.4699999988079071 0.0 0.0 -0.5099999904632568 -0.4699999988079071 0.0 0.0 -0.5099999904632568 -0.4699999988079071 0.0 0.0 -0.5099999904632568 -0.4699999988079071 -0.019999999552965164 -0.5099999904632568
848 0.0 0.0 -0.5099999904632568 -0.4699999988079071 -0.019999999552965164 0.0 -0.5099999904632568 -0.4699999988079071 0.0 0.0 -0.5099999904632568 -0.4699999988079071 0.0 0.0 -0.5099999904632568 -0.4699999988079071 0.0 0.0 -0.5099999904632568 -0.4699999988079071 -0.019999999552965164 0.0 -0.5099999904632568 -0.4699999988079071
849 -0.019999999552965164 0.0 -0.5099999904632568 -0.4699999988079071 0.0 0.0 -0.5099999904632568 -0.4699999988079071 0.0 0.0 -0.5099999904632568 -0.4699999988079071 0.0 0.0 -0.5099999904632568 -0.4699999988079071 -0.019999999552965164 0.0 -0.5099999904632568 -0.4699999988079071 0.0 0.0 -0.5099999904632568 -0.28999999165534973 0.0
85 -0.5099999904632568 0.0 -0.5099999904632568 -0.4699999988079071 0.0 0.0 -0.5099999904632568 -0.4699999988079071 0.0 0.0 -0.5099999904632568 -0.4699999988079071 0.0 0.0 -0.5099999904632568 -0.4699999988079071 0.0 0.0 -0.5099999904632568 -0.4699999988079071 0.0 0.0 -0.5099999904632568 -0.4699999988079071 0.0 0.0 -0.5099999904632568 -0.4699999988079071 0.0 0.0 -0.5099999904632568 -0.4699999988079071 0.0 0.0 -0.5099999904632568 -0.4699999988079071 0.0 0.0 -0.5099999904632568 -0.4699999988079071 0.0 0.0 -0.5099999904632568 -0.4699999988079071 0.0 0.0 -0.5099999904632568 -0.4699999988079071 0.0 0.0 -0.5099999904632568 -0.4699999988079071 0.0 0.0 -0.5099999904632568 -0.4699999988079071 0.0 0.0 -0.5099999904632568 -0.4699999988079071 0.0 0.0 -0.4699999988079071 0.0
850 0.0 0.0 -0.5099999904632568 -0.4699999988079071 0.0 0.0 -0.5099999904632568 -0.4699999988079071 0.0 0.0 -0.5099999904632568 -0.4699999988079071 -0.019999999552965164 0.0 -0.5099999904632568 -0.4699999988079071 0.0 0.0 -0.5099999904632568 -0.28999999165534973 0.0 0.0 -0.5099999904632568 -0.4699999988079071 0.0
851 0.0 0.0 -0.5099999904632568 -0.4699999988079071 0.0 0.0 -0.5099999904632568 -0.28999999165534973 0.0 0.0 -0.5099999904632568 0.0 0.0 -0.5099999904632568 -0.4699999988079071 0.0 0.0 -0.5099999904632568 -0.4699999988079071 -0.019999999552965164 0.0 -0.5099999904632568 -0.4699999988079071 0.0 0.0 -0.5099999904632568 -0.28999999165534973 0.0 0.0 -0.5099999904632568 -0.4699999988079071 0.0 0.0 -0.5099999904632568 -0.4699999988079071 0.0
852 0.0 -0.5099999904632568 -0.4699999988079071 -0.019999999552965164 0.0 -0.5099999904632568 -0.4699999988079071 0.0 0.0 -0.5099999904632568 -0.28999999165534973 0.0 0.0 -0.5099999904632568 -0.4699999988079071 0.0 0.0 -0.5099999904632568 -0.4699999988079071 0.0 0.0 -0.5099999904632568 -0.28999999165534973 0.0
853 -0.019999999552965164 0.0 -0.5099999904632568 -0.4699999988079071 0.0 0.0 -0.5099999904632568 -0.28999999165534973 0.0 0.0 -0.5099999904632568 -0.4699999988079071 0.0 0.0 -0.5099999904632568 -0.4699999988079071 0.0 0.0 -0.5099999904632568 -0.28999999165534973 0.0 0.0 -0.5099999904632568 -0.4699999988079071 0.0
854 0.0 0.0 -0.5099999904632568 -0.28999999165534973 0.0 0.0 -0.5099999904632568 -0.4699999988079071 0.0 0.0 -0.5099999904632568 -0.4699999988079071 0.0 0.0 -0.5099999904632568 -0.28999999165534973 0.0 0.0 -0.5099999904632568 -0.4699999988079071 0.0 0.0 -0.5099999904632568 -0.4699999988079071 0.0 -0.5099999904632568
855 0.0 0.0 -0.5099999904632568 -0.4699999988079071 0.0 0.0 -0.5099999904632568 -0.4699999988079071 0.0 0.0 -0.5099999904632568 -0.28999999165534973 0.0 0.0 -0.5099999904632568 -0.4699999988079071 0.0 0.0 -0.5099999904632568 -0.4699999988079071 0.0 0.0 -0.5099999904632568 -0.4699999988079071 -0.019999999552965164
856 0.0 0.0 -0.5099999904632568 -0.4699999988079071 0.0 0.0 -0.5099999904632568 -0.28999999165534973 0.0 0.0 -0.5099999904632568 -0.4699999988079071 0.0 0.0 -0.5099999904632568 -0.4699999988079071 0.0 0.0 -0.5099999904632568 -0.4699999988079071 -0.019999999552965164 0.0 -0.5099999904632568 -0.28999999165534973 0.0
857 0.0 0.0 -0.5099999904632568 -0.28999999165534973 0.0 0.0 -0.5099999904632568 -0.4699999988079071 0.0 0.0 -0.5099999904632568 -0.4699999988079071 0.0 0.0 -0.5099999904632568 -0.4699999988079071 -0.019999999552965164 0.0 -0.5099999904632568 -0.28999999165534973 0.0 0.0 -0.5099999904632568 -0.4699999988079071 0.0
858 0.0 0.0 -0.5099999904632568 -0.4699999988079071 0.0 0.0 -0.5099999904632568 -0.4699999988079071 0.0 0.0 -0.5099999904632568 -0.4699999988079071 -0.019999999552965164 0.0 -0.5099999904632568 -0.28999999165534973 0.0 0.0 -0.5099999904632568 -0.4699999988079071 0.0 0.0 -0.5099999904632568 -0.4699999988079071 0.0
859 -0.4699999988079071 0.0 0.0 -0.5099999904632568 -0.4699999988079071 0.0 0.0 -0.5099999904632568 -0.4699999988079071 -0.019999999552965164 0.0 -0.5099999904632568 -0.28999999165534973 0.0 0.0 -0.5099999904632568 -0.4699999988079071 0.0 0.0 -0.5099999904632568 -0.4699999988079071 0.0 0.0 -0.5099999904632568 -0.28999999165534973 0.0
86 -0.5099999904632568 0.0 0.0 -0.5099999904632568 -0.4699999988079071 0.0 0.0 -0.5099999904632568 -0.4699999988079071 0.0 0.0 -0.5099999904632568 -0.4699999988079071 0.0 0.0 -0.5099999904632568 -0.4699999988079071 0.0 0.0 -0.5099999904632568 -0.4699999988079071 0.0 0.0 -0.5099999904632568 -0.4699999988079071 0.0 0.0 -0.5099999904632568 -0.4699999988079071 0.0 0.0 -0.5099999904632568 -0.4699999988079071 0.0 0.0 -0.5099999904632568 -0.4699999988079071 0.0 0.0 -0.5099999904632568 -0.4699999988079071 0.0 0.0 -0.5099999904632568 -0.4699999988079071 0.0 0.0 -0.5099999904632568 -0.4699999988079071 0.0 0.0 -0.5099999904632568 -0.4699999988079071 0.0 0.0 -0.5099999904632568 -0.4699999988079071 0.0 0.0 -0.5099999904632568 -0.4699999988079071 0.0 0.0 -0.4699999988079071 0.0
860 0.0 0.0 -0.5099999904632568 -0.4699999988079071 -0.019999999552965164 0.0 -0.5099999904632568 -0.28999999165534973 0.0 0.0 -0.5099999904632568 -0.4699999988079071 0.0 0.0 -0.5099999904632568 -0.4699999988079071 0.0 0.0 -0.5099999904632568 -0.28999999165534973 0.0 0.0 -0.5099999904632568 -0.4699999988079071 0.0 -0.5099999904632568
861 -0.5099999904632568 -0.019999999552965164 0.0 -0.5099999904632568 -0.28999999165534973 0.0 0.0 -0.5099999904632568 -0.4699999988079071 0.0 0.0 -0.5099999904632568 -0.4699999988079071 0.0 0.0 -0.5099999904632568 -0.28999999165534973 0.0 0.0 -0.5099999904632568 -0.4699999988079071 0.0 0.0 -0.5099999904632568 -0.4699999988079071 0.0 0.0 -0.5099999904632568
862 0.0 -0.5099999904632568 -0.4699999988079071 0.0 0.0 -0.5099999904632568 -0.4699999988079071 0.0 0.0 -0.5099999904632568 0.0 -0.5099999904632568 0.0 0.0 -0.5099999904632568 -0.4699999988079071 0.0 0.0 -0.5099999904632568 -0.4699999988079071 0.0 0.0 -0.5099999904632568 -0.28999999165534973 0.0 0.0 -0.5099999904632568 -0.4699999988079071 0.0 0.0 -0.5099999904632568 -0.4699999988079071 0.0 0.0 -0.5099999904632568 -0.4699999988079071 -0.019999999552965164
863 -0.5099999904632568 -0.019999999552965164 0.0 0.0 -0.5099999904632568 -0.4699999988079071 0.0 0.0 -0.5099999904632568 -0.28999999165534973 0.0 0.0 -0.5099999904632568 -0.4699999988079071 0.0 0.0 -0.5099999904632568 -0.4699999988079071 0.0 0.0 -0.5099999904632568 -0.4699999988079071 -0.019999999552965164 0.0 -0.5099999904632568 -0.4699999988079071 0.0 -0.5099999904632568
864 -0.5099999904632568 0.0 0.0 -0.5099999904632568 -0.28999999165534973 0.0 0.0 -0.5099999904632568 -0.4699999988079071 0.0 0.0 -0.5099999904632568 -0.4699999988079071 0.0 0.0 -0.5099999904632568 -0.4699999988079071 -0.019999999552965164 0.0 -0.5099999904632568 -0.4699999988079071 0.0 0.0 -0.5099999904632568 -0.4699999988079071 0.0
865 0.0 0.0 -0.5099999904632568 -0.4699999988079071 0.0 0.0 -0.5099999904632568 -0.4699999988079071 0.0 0.0 -0.5099999904632568 -0.4699999988079071 -0.019999999552965164 0.0 -0.5099999904632568 -0.4699999988079071 0.0 0.0 -0.5099999904632568 -0.4699999988079071 0.0 0.0 -0.5099999904632568 -0.4699999988079071 -0.019999999552965164
866 -0.4699999988079071 0.0 0.0 -0.5099999904632568 -0.4699999988079071 0.0 0.0 -0.5099999904632568 -0.4699999988079071 -0.019999999552965164 0.0 -0.5099999904632568 -0.4699999988079071 0.0 0.0 -0.5099999904632568 -0.4699999988079071 0.0 0.0 -0.5099999904632568 -0.4699999988079071 -0.019999999552965164 0.0 -0.5099999904632568 -0.28999999165534973 0.0
867 0.0 0.0 -0.5099999904632568 -0.4699999988079071 -0.019999999552965164 0.0 -0.5099999904632568 -0.4699999988079071 0.0 0.0 -0.5099999904632568 -0.4699999988079071 0.0 0.0 -0.5099999904632568 -0.4699999988079071 -0.019999999552965164 0.0 -0.5099999904632568 -0.28999999165534973 0.0 0.0 -0.5099999904632568 -0.4699999988079071 0.0
868 -0.019999999552965164 0.0 -0.5099999904632568 -0.4699999988079071 0.0 0.0 -0.5099999904632568 -0.4699999988079071 0.0 0.0 -0.5099999904632568 -0.4699999988079071 -0.019999999552965164 0.0 -0.5099999904632568 -0.28999999165534973 0.0 0.0 -0.5099999904632568 -0.4699999988079071 0.0 0.0 -0.5099999904632568 -0.28999999165534973 0.0 0.0
869 0.0 0.0 -0.5099999904632568 -0.4699999988079071 0.0 0.0 -0.5099999904632568 -0.4699999988079071 -0.019999999552965164 0.0 -0.5099999904632568 -0.28999999165534973 0.0 0.0 -0.5099999904632568 -0.4699999988079071 0.0 0.0 -0.5099999904632568 -0.28999999165534973 0.0 0.0 -0.5099999904632568 -0.4699999988079071 0.0 0.0 -0.5099999904632568
87 -0.5099999904632568 0.0 -0.5099999904632568 -0.4699999988079071 0.0 0.0 -0.5099999904632568 -0.4699999988079071 0.0 0.0 -0.5099999904632568 -0.4699999988079071 0.0 0.0 -0.5099999904632568 -0.4699999988079071 0.0 0.0 -0.5099999904632568 -0.4699999988079071 0.0 0.0 -0.5099999904632568 -0.4699999988079071 0.0 0.0 -0.5099999904632568 -0.4699999988079071 0.0 0.0 -0.5099999904632568 -0.4699999988079071 0.0 0.0 -0.5099999904632568 -0.4699999988079071 0.0 0.0 -0.5099999904632568 -0.4699999988079071 0.0 0.0 -0.5099999904632568 -0.4699999988079071 0.0 0.0 -0.5099999904632568 -0.4699999988079071 0.0 0.0 -0.5099999904632568 -0.4699999988079071 0.0 0.0 -0.5099999904632568 -0.4699999988079071 0.0 0.0 -0.5099999904632568 -0.4699999988079071 0.0 0.0 -0.4699999988079071 0.0 -0.5099999904632568 -0.4699999988079071 0.0 0.0 -0.5099999904632568 -0.4699999988079071 0.0
870 0.0 0.0 -0.5099999904632568 -0.4699999988079071 -0.019999999552965164 0.0 -0.5099999904632568 -0.28999999165534973 0.0 0.0 -0.5099999904632568 -0.4699999988079071 0.0 0.0 -0.5099999904632568 -0.28999999165534973 0.0 0.0 -0.5099999904632568 -0.4699999988079071 0.0 0.0 -0.5099999904632568 -0.4699999988079071 0.0 0.0 -0.5099999904632568
871 -0.019999999552965164 0.0 -0.5099999904632568 -0.28999999165534973 0.0 0.0 -0.5099999904632568 -0.4699999988079071 0.0 0.0 -0.5099999904632568 -0.28999999165534973 0.0 0.0 -0.5099999904632568 -0.4699999988079071 0.0 0.0 -0.5099999904632568 -0.4699999988079071 0.0 0.0 -0.5099999904632568 -0.4699999988079071 0.0 0.0 -0.5099999904632568 -0.4699999988079071 0.0 0.0 -0.5099999904632568 -0.4699999988079071 0.0 0.0 -0.5099999904632568 -0.4699999988079071 0.0
872 -0.28999999165534973 0.0 0.0 -0.5099999904632568 -0.4699999988079071 0.0 0.0 -0.5099999904632568 -0.28999999165534973 0.0 0.0 -0.5099999904632568 -0.4699999988079071 0.0 0.0 -0.5099999904632568 -0.4699999988079071 0.0 0.0 -0.5099999904632568 -0.4699999988079071 0.0 0.0 -0.5099999904632568 -0.4699999988079071 0.0 0.0 -0.5099999904632568 -0.4699999988079071 0.0 0.0 -0.5099999904632568 -0.4699999988079071 0.0 0.0 -0.5099999904632568 -0.4699999988079071 0.0 0.0 -0.4699999988079071 0.0 0.0 -0.4699999988079071 0.0 0.0 -0.4699999988079071
873 0.0 0.0 -0.5099999904632568 -0.4699999988079071 0.0 -0.5099999904632568 -0.4699999988079071 0.0 0.0 -0.4699999988079071 0.0 0.0 -0.5099999904632568 -0.28999999165534973 0.0 0.0 -0.5099999904632568 -0.4699999988079071 0.0 0.0 -0.5099999904632568 -0.4699999988079071 0.0 0.0 -0.5099999904632568 -0.4699999988079071 0.0 0.0 -0.5099999904632568 -0.4699999988079071 0.0 0.0 -0.5099999904632568 -0.4699999988079071 0.0 0.0 -0.5099999904632568 -0.4699999988079071 0.0 0.0 -0.5099999904632568 -0.4699999988079071 0.0 0.0 -0.5099999904632568 -0.4699999988079071 0.0 0.0 -0.5099999904632568 -0.4699999988079071 0.0 0.0 -0.4699999988079071
874 0.0 -0.5099999904632568 0.0 0.0 -0.5099999904632568 -0.4699999988079071 0.0 0.0 -0.5099999904632568 -0.4699999988079071 0.0 -0.4699999988079071 0.0 0.0 -0.5099999904632568 -0.4699999988079071 0.0 0.0 0.0 0.0 -0.28999999165534973 0.0 0.0 -0.5099999904632568 -0.4699999988079071 0.0 0.0 -0.5099999904632568 -0.4699999988079071 0.0 0.0 -0.5099999904632568 -0.4699999988079071 0.0 0.0 -0.5099999904632568 -0.4699999988079071 0.0 0.0 -0.5099999904632568 -0.4699999988079071 0.0 0.0 -0.5099999904632568 -0.4699999988079071 0.0 0.0 -0.5099999904632568 -0.4699999988079071 0.0 0.0 -0.5099999904632568 -0.4699999988079071 0.0 0.0 -0.5099999904632568 -0.4699999988079071 0.0 0.0 -0.5099999904632568 -0.4699999988079071 0.0 0.0 -0.4699999988079071 -0.019999999552965164
875 -0.5099999904632568 -0.4699999988079071 0.0 0.0 -0.5099999904632568 -0.4699999988079071 -0.4699999988079071 0.0 0.0 -0.5099999904632568 -0.4699999988079071 0.0 0.0 -0.5099999904632568 -0.4699999988079071 0.0 -0.4699999988079071 0.0 0.0 -0.5099999904632568 -0.4699999988079071 -0.28999999165534973 0.0 0.0 -0.5099999904632568 -0.4699999988079071 0.0 0.0 -0.5099999904632568 -0.4699999988079071 0.0 0.0 -0.5099999904632568 -0.4699999988079071 0.0 0.0 -0.5099999904632568 -0.4699999988079071 0.0 0.0 -0.5099999904632568 -0.4699999988079071 0.0 0.0 -0.5099999904632568 -0.4699999988079071 0.0 0.0 -0.5099999904632568 -0.4699999988079071 0.0 0.0 -0.5099999904632568 -0.4699999988079071 0.0 0.0 -0.5099999904632568 -0.4699999988079071 0.0 0.0 -0.5099999904632568 -0.4699999988079071 0.0 0.0 -0.5099999904632568 -0.4699999988079071 -0.019999999552965164 0.0 -0.5099999904632568 -0.4699999988079071 0.0
876 -0.4699999988079071 0.0 0.0 -0.5099999904632568 -0.28999999165534973 0.0 0.0 -0.5099999904632568 -0.4699999988079071 0.0 0.0 -0.5099999904632568 -0.4699999988079071 0.0 0.0 -0.5099999904632568 -0.4699999988079071 0.0 0.0 -0.5099999904632568 -0.4699999988079071 0.0 0.0 -0.5099999904632568 -0.4699999988079071 0.0 0.0 -0.5099999904632568 -0.4699999988079071 0.0 0.0 -0.5099999904632568 -0.4699999988079071 0.0 0.0 -0.5099999904632568 -0.4699999988079071 0.0 0.0 -0.5099999904632568 -0.4699999988079071 0.0 0.0 -0.5099999904632568 -0.4699999988079071 0.0 0.0 -0.5099999904632568 -0.4699999988079071 -0.019999999552965164 0.0 -0.5099999904632568 -0.4699999988079071 0.0 0.0 -0.4699999988079071 0.0
877 0.0 0.0 -0.5099999904632568 -0.4699999988079071 0.0 0.0 -0.5099999904632568 -0.4699999988079071 0.0 0.0 -0.5099999904632568 -0.4699999988079071 0.0 0.0 -0.5099999904632568 -0.4699999988079071 0.0 0.0 -0.5099999904632568 -0.4699999988079071 0.0 0.0 -0.5099999904632568 -0.4699999988079071 0.0 0.0 -0.5099999904632568 -0.4699999988079071 0.0 0.0 -0.5099999904632568 -0.4699999988079071 0.0 0.0 -0.5099999904632568 -0.4699999988079071 0.0 0.0 -0.5099999904632568 -0.4699999988079071 0.0 0.0 -0.5099999904632568 -0.4699999988079071 -0.019999999552965164 0.0 -0.5099999904632568 -0.4699999988079071 0.0 0.0 -0.5099999904632568 -0.4699999988079071 0.0 0.0 -0.4699999988079071 0.0
878 0.0 0.0 -0.5099999904632568 -0.4699999988079071 0.0 0.0 -0.5099999904632568 -0.4699999988079071 0.0 0.0 -0.5099999904632568 -0.4699999988079071 0.0 0.0 -0.5099999904632568 -0.4699999988079071 0.0 0.0 -0.5099999904632568 -0.4699999988079071 0.0 0.0 -0.5099999904632568 -0.4699999988079071 0.0 0.0 -0.5099999904632568 -0.4699999988079071 0.0 0.0 -0.5099999904632568 -0.4699999988079071 0.0 0.0 -0.5099999904632568 -0.4699999988079071 0.0 0.0 -0.4699999988079071 -0.4699999988079071 0.0 0.0 -0.4699999988079071 -0.4699999988079071 0.0 0.0 -0.5099999904632568 -0.4699999988079071 0.0 0.0 -0.5099999904632568 -0.4699999988079071 0.0 0.0 -0.5099999904632568 -0.4699999988079071 0.0 0.0 -0.5099999904632568 -0.4699999988079071 0.0 0.0 -0.5099999904632568 -0.4699999988079071 0.0 0.0 -0.5099999904632568 -0.4699999988079071 0.0 0.0 -0.5099999904632568 -0.4699999988079071 0.0 0.0 -0.5099999904632568 -0.4699999988079071 0.0 0.0 -0.5099999904632568 -0.4699999988079071 0.0 0.0 -0.5099999904632568 -0.4699999988079071 -0.019999999552965164 0.0 -0.5099999904632568 -0.4699999988079071 0.0 0.0 -0.5099999904632568 -0.4699999988079071 0.0 0.0 -0.5099999904632568 -0.4699999988079071 0.0 0.0 -0.5099999904632568 -0.4699999988079071 0.0
879 0.0 0.0 -0.5099999904632568 -0.4699999988079071 0.0 0.0 -0.5099999904632568 -0.4699999988079071 0.0 0.0 -0.5099999904632568 -0.4699999988079071 0.0 0.0 -0.5099999904632568 -0.4699999988079071 0.0 0.0 -0.5099999904632568 -0.4699999988079071 0.0 0.0 -0.5099999904632568 -0.4699999988079071 0.0 0.0 -0.5099999904632568 -0.4699999988079071 0.0 0.0 -0.5099999904632568 -0.4699999988079071 0.0 0.0 -0.5099999904632568 -0.4699999988079071 0.0 0.0 -0.5099999904632568 -0.4699999988079071 -0.019999999552965164 0.0 -0.5099999904632568 -0.4699999988079071 0.0 0.0 -0.5099999904632568 -0.4699999988079071 0.0 0.0 -0.5099999904632568 -0.4699999988079071 0.0 0.0 -0.5099999904632568 -0.4699999988079071 0.0 0.0 -0.5099999904632568 -0.4699999988079071 0.0
88 -0.5099999904632568 0.0 -0.5099999904632568 -0.4699999988079071 0.0 0.0 -0.5099999904632568 -0.4699999988079071 0.0 0.0 -0.5099999904632568 -0.4699999988079071 0.0 0.0 -0.5099999904632568 -0.4699999988079071 0.0 0.0 -0.5099999904632568 -0.4699999988079071 0.0 0.0 -0.5099999904632568 -0.4699999988079071 0.0 0.0 -0.5099999904632568 -0.4699999988079071 0.0 0.0 -0.5099999904632568 -0.4699999988079071 0.0 0.0 -0.5099999904632568 -0.4699999988079071 0.0 0.0 -0.5099999904632568 -0.4699999988079071 0.0 0.0 -0.5099999904632568 -0.4699999988079071 0.0 0.0 -0.5099999904632568 -0.4699999988079071 0.0 0.0 -0.5099999904632568 -0.4699999988079071 0.0 0.0 -0.5099999904632568 -0.4699999988079071 0.0 0.0 -0.5099999904632568 -0.4699999988079071 0.0 0.0 -0.4699999988079071 0.0
880 0.0 -0.5099999904632568 -0.4699999988079071 0.0 0.0 -0.5099999904632568 -0.4699999988079071 0.0 0.0 -0.5099999904632568 -0.4699999988079071 0.0 0.0 -0.5099999904632568 -0.4699999988079071 0.0 0.0 -0.5099999904632568 -0.4699999988079071 0.0 0.0 -0.5099999904632568 -0.4699999988079071 0.0 0.0 -0.5099999904632568 -0.4699999988079071 0.0 0.0 -0.5099999904632568 -0.4699999988079071 0.0 0.0 -0.5099999904632568 -0.4699999988079071 0.0 0.0 -0.5099999904632568 -0.4699999988079071 0.0 0.0 -0.5099999904632568 -0.4699999988079071 -0.019999999552965164 0.0 -0.5099999904632568 -0.4699999988079071 0.0 0.0 -0.5099999904632568 -0.4699999988079071 0.0 0.0 -0.5099999904632568 -0.4699999988079071 0.0 0.0 -0.5099999904632568 -0.4699999988079071 0.0 0.0 -0.5099999904632568 -0.4699999988079071 0.0 0.0 -0.4699999988079071 0.0
881 0.0 -0.5099999904632568 -0.4699999988079071 0.0 0.0 -0.5099999904632568 -0.4699999988079071 0.0 0.0 -0.5099999904632568 -0.4699999988079071 0.0 0.0 -0.5099999904632568 -0.4699999988079071 0.0 0.0 -0.5099999904632568 -0.4699999988079071 0.0 0.0 -0.5099999904632568 -0.4699999988079071 0.0 0.0 -0.5099999904632568 -0.4699999988079071 0.0 0.0 -0.5099999904632568 -0.4699999988079071 0.0 0.0 -0.5099999904632568 -0.4699999988079071 -0.019999999552965164 0.0 -0.5099999904632568 -0.4699999988079071 0.0 0.0 -0.5099999904632568 -0.4699999988079071 0.0 0.0 -0.5099999904632568 -0.4699999988079071 0.0 0.0 -0.5099999904632568 -0.4699999988079071 0.0 0.0 -0.5099999904632568 -0.4699999988079071 0.0 0.0 -0.5099999904632568 -0.4699999988079071 0.0 0.0 -0.5099999904632568 -0.4699999988079071 0.0
882 -0.5099999904632568 0.0 0.0 -0.5099999904632568 -0.4699999988079071 0.0 0.0 -0.5099999904632568 -0.4699999988079071 0.0 0.0 -0.5099999904632568 -0.4699999988079071 0.0 0.0 -0.5099999904632568 -0.4699999988079071 0.0 0.0 -0.5099999904632568 -0.4699999988079071 0.0 0.0 -0.5099999904632568 -0.4699999988079071 0.0 0.0 -0.5099999904632568 -0.4699999988079071 0.0 0.0 -0.5099999904632568 -0.4699999988079071 -0.019999999552965164 0.0 -0.5099999904632568 -0.4699999988079071 0.0 0.0 -0.5099999904632568 -0.4699999988079071 0.0 0.0 -0.5099999904632568 -0.4699999988079071 0.0 0.0 -0.5099999904632568 -0.4699999988079071 0.0 0.0 -0.5099999904632568 -0.4699999988079071 0.0 0.0 -0.5099999904632568 -0.4699999988079071 0.0 0.0 -0.5099999904632568 -0.4699999988079071 0.0 0.0 -0.4699999988079071 0.0
883 -0.5099999904632568 0.0 0.0 -0.5099999904632568 -0.4699999988079071 0.0 0.0 -0.5099999904632568 -0.4699999988079071 0.0 0.0 -0.5099999904632568 -0.4699999988079071 0.0 0.0 -0.5099999904632568 -0.4699999988079071 0.0 0.0 -0.5099999904632568 -0.4699999988079071 0.0 0.0 -0.5099999904632568 -0.4699999988079071 0.0 0.0 -0.5099999904632568 -0.4699999988079071 -0.019999999552965164 0.0 -0.5099999904632568 -0.4699999988079071 0.0 0.0 -0.5099999904632568 -0.4699999988079071 0.0 0.0 -0.5099999904632568 -0.4699999988079071 0.0 0.0 -0.5099999904632568 -0.4699999988079071 0.0 0.0 -0.5099999904632568 -0.4699999988079071 0.0 0.0 -0.5099999904632568 -0.4699999988079071 0.0 0.0 -0.5099999904632568 -0.4699999988079071 0.0 0.0 -0.5099999904632568 -0.4699999988079071 0.0 0.0 -0.4699999988079071 0.0
884 -0.5099999904632568 0.0 0.0 -0.5099999904632568 -0.4699999988079071 0.0 0.0 -0.5099999904632568 -0.4699999988079071 0.0 0.0 -0.5099999904632568 -0.4699999988079071 0.0 0.0 -0.5099999904632568 -0.4699999988079071 0.0 0.0 -0.5099999904632568 -0.4699999988079071 0.0 0.0 -0.5099999904632568 -0.4699999988079071 -0.019999999552965164 0.0 -0.5099999904632568 -0.4699999988079071 0.0 0.0 -0.5099999904632568 -0.4699999988079071 0.0 0.0 -0.5099999904632568 -0.4699999988079071 0.0 0.0 -0.5099999904632568 -0.4699999988079071 0.0 0.0 -0.5099999904632568 -0.4699999988079071 0.0 0.0 -0.5099999904632568 -0.4699999988079071 0.0 0.0 -0.5099999904632568 -0.4699999988079071 0.0 0.0 -0.5099999904632568 -0.4699999988079071 0.0 0.0 -0.5099999904632568 -0.4699999988079071 0.0 0.0 -0.4699999988079071
885 -0.5099999904632568 0.0 0.0 -0.5099999904632568 -0.4699999988079071 0.0 0.0 -0.5099999904632568 -0.4699999988079071 0.0 0.0 -0.5099999904632568 -0.4699999988079071 0.0 0.0 -0.5099999904632568 -0.4699999988079071 0.0 0.0 -0.5099999904632568 -0.4699999988079071 -0.019999999552965164 0.0 -0.5099999904632568 -0.4699999988079071 0.0 0.0 -0.5099999904632568 -0.4699999988079071 0.0 0.0 -0.5099999904632568 -0.4699999988079071 0.0 0.0 -0.5099999904632568 -0.4699999988079071 0.0 0.0 -0.5099999904632568 -0.4699999988079071 0.0 0.0 -0.5099999904632568 -0.4699999988079071 0.0 0.0 -0.5099999904632568 -0.4699999988079071 0.0 0.0 -0.5099999904632568 -0.4699999988079071 0.0 0.0 -0.5099999904632568 -0.4699999988079071 0.0 0.0 -0.5099999904632568 -0.4699999988079071 -0.019999999552965164 0.0 -0.4699999988079071
886 -0.5099999904632568 0.0 0.0 -0.5099999904632568 -0.4699999988079071 0.0 0.0 -0.5099999904632568 -0.4699999988079071 0.0 0.0 -0.5099999904632568 -0.4699999988079071 0.0 0.0 -0.5099999904632568 -0.4699999988079071 -0.019999999552965164 0.0 -0.5099999904632568 -0.4699999988079071 0.0 0.0 -0.5099999904632568 -0.4699999988079071 0.0 0.0 -0.5099999904632568 -0.4699999988079071 0.0 0.0 -0.5099999904632568 -0.4699999988079071 0.0 0.0 -0.5099999904632568 -0.4699999988079071 0.0 0.0 -0.5099999904632568 -0.4699999988079071 0.0 0.0 -0.5099999904632568 -0.4699999988079071 0.0 0.0 -0.5099999904632568 -0.4699999988079071 0.0 0.0 -0.5099999904632568 -0.4699999988079071 0.0 0.0 -0.5099999904632568 -0.4699999988079071 -0.019999999552965164 0.0 -0.5099999904632568 -0.4699999988079071 0.0
887 -0.5099999904632568 0.0 0.0 -0.5099999904632568 -0.4699999988079071 0.0 0.0 -0.5099999904632568 -0.4699999988079071 0.0 0.0 -0.5099999904632568 -0.4699999988079071 -0.019999999552965164 0.0 -0.5099999904632568 -0.4699999988079071 0.0 0.0 -0.5099999904632568 -0.4699999988079071 0.0 0.0 -0.5099999904632568 -0.4699999988079071 0.0 0.0 -0.5099999904632568 -0.4699999988079071 0.0 0.0 -0.5099999904632568 -0.4699999988079071 0.0 0.0 -0.5099999904632568 -0.4699999988079071 0.0 0.0 -0.5099999904632568 -0.4699999988079071 0.0 0.0 -0.5099999904632568 -0.4699999988079071 0.0 0.0 -0.5099999904632568 -0.4699999988079071 0.0 0.0 -0.5099999904632568 -0.4699999988079071 -0.019999999552965164 0.0 -0.5099999904632568 -0.4699999988079071 0.0 0.0
888 -0.5099999904632568 0.0 -0.5099999904632568 -0.4699999988079071 0.0 0.0 -0.5099999904632568 -0.4699999988079071 -0.019999999552965164 0.0 -0.5099999904632568 -0.4699999988079071 0.0 0.0 -0.5099999904632568 -0.4699999988079071 0.0 0.0 -0.5099999904632568 -0.4699999988079071 0.0 0.0 -0.5099999904632568 -0.4699999988079071 0.0 0.0 -0.5099999904632568 -0.4699999988079071 0.0 0.0 -0.5099999904632568 -0.4699999988079071 0.0 0.0 -0.5099999904632568 -0.4699999988079071 0.0 0.0 -0.5099999904632568 -0.4699999988079071 0.0 0.0 -0.5099999904632568 -0.4699999988079071 0.0 0.0 -0.5099999904632568 -0.4699999988079071 -0.019999999552965164 0.0 -0.5099999904632568 -0.4699999988079071 0.0 0.0 -0.5099999904632568 -0.4699999988079071
889 -0.5099999904632568 0.0 0.0 -0.5099999904632568 -0.4699999988079071 -0.019999999552965164 0.0 -0.5099999904632568 -0.4699999988079071 0.0 0.0 -0.5099999904632568 -0.4699999988079071 0.0 0.0 -0.5099999904632568 -0.4699999988079071 0.0 0.0 -0.5099999904632568 -0.4699999988079071 0.0 0.0 -0.5099999904632568 -0.4699999988079071 0.0 0.0 -0.5099999904632568 -0.4699999988079071 0.0 0.0 -0.5099999904632568 -0.4699999988079071 0.0 0.0 -0.5099999904632568 -0.4699999988079071 0.0 0.0 -0.5099999904632568 -0.4699999988079071 0.0 0.0 -0.5099999904632568 -0.4699999988079071 -0.019999999552965164 0.0 -0.5099999904632568 -0.4699999988079071 0.0 0.0 -0.5099999904632568 -0.4699999988079071 0.0 0.0 -0.5099999904632568
89 0.0 -0.5099999904632568 -0.4699999988079071 0.0 0.0 -0.5099999904632568 -0.4699999988079071 0.0 0.0 -0.5099999904632568 -0.4699999988079071 0.0 0.0 -0.5099999904632568 -0.4699999988079071 0.0 0.0 -0.5099999904632568 -0.4699999988079071 0.0 0.0 -0.5099999904632568 -0.4699999988079071 0.0 0.0 -0.5099999904632568 -0.4699999988079071 0.0 0.0 -0.5099999904632568 -0.4699999988079071 0.0 0.0 -0.5099999904632568 -0.4699999988079071 0.0 0.0 -0.5099999904632568 -0.4699999988079071 0.0 0.0 -0.5099999904632568 -0.4699999988079071 0.0 0.0 -0.5099999904632568 -0.4699999988079071 0.0 0.0 -0.5099999904632568 -0.4699999988079071 0.0 0.0 -0.5099999904632568 -0.4699999988079071 0.0 0.0 -0.5099999904632568 -0.4699999988079071 0.0 0.0 -0.4699999988079071 0.0
890 -0.5099999904632568 -0.019999999552965164 0.0 -0.5099999904632568 -0.4699999988079071 0.0 0.0 -0.5099999904632568 -0.4699999988079071 0.0 0.0 -0.5099999904632568 -0.4699999988079071 0.0 0.0 -0.5099999904632568 -0.4699999988079071 0.0 0.0 -0.5099999904632568 -0.4699999988079071 0.0 0.0 -0.5099999904632568 -0.4699999988079071 0.0 0.0 -0.5099999904632568 -0.4699999988079071 0.0 0.0 -0.5099999904632568 -0.4699999988079071 0.0 0.0 -0.5099999904632568 -0.4699999988079071 0.0 0.0 -0.5099999904632568 -0.4699999988079071 -0.019999999552965164 0.0 -0.5099999904632568 -0.4699999988079071 0.0 0.0 -0.5099999904632568 -0.4699999988079071 0.0 0.0 -0.5099999904632568 -0.4699999988079071
891 -0.5099999904632568 0.0 0.0 -0.5099999904632568 -0.4699999988079071 0.0 0.0 -0.5099999904632568 -0.4699999988079071 0.0 0.0 -0.5099999904632568 -0.4699999988079071 0.0 0.0 -0.5099999904632568 -0.4699999988079071 0.0 0.0 -0.5099999904632568 -0.4699999988079071 0.0 0.0 -0.5099999904632568 -0.4699999988079071 0.0 0.0 -0.5099999904632568 -0.4699999988079071 0.0 0.0 -0.5099999904632568 -0.4699999988079071 0.0 0.0 -0.5099999904632568 -0.4699999988079071 -0.019999999552965164 0.0 -0.5099999904632568 -0.4699999988079071 0.0 0.0 -0.5099999904632568 -0.4699999988079071 0.0 0.0 -0.5099999904632568 -0.4699999988079071 0.0
892 0.0 -0.5099999904632568 0.0 0.0 -0.5099999904632568 -0.4699999988079071 0.0 0.0 -0.5099999904632568 -0.4699999988079071 0.0 0.0 -0.5099999904632568 -0.4699999988079071 0.0 0.0 -0.5099999904632568 -0.4699999988079071 0.0 0.0 -0.5099999904632568 -0.4699999988079071 0.0 0.0 -0.5099999904632568 -0.4699999988079071 0.0 0.0 -0.5099999904632568 -0.4699999988079071 -0.019999999552965164 0.0 -0.5099999904632568 -0.4699999988079071 0.0 0.0 -0.5099999904632568 -0.4699999988079071 0.0 0.0 -0.5099999904632568 -0.4699999988079071 0.0 0.0 -0.5099999904632568 -0.4699999988079071 0.0 0.0 -0.5099999904632568 -0.4699999988079071 -0.4699999988079071 0.0
893 -0.5099999904632568 0.0 0.0 -0.5099999904632568 -0.4699999988079071 0.0 0.0 -0.5099999904632568 -0.4699999988079071 0.0 0.0 -0.5099999904632568 -0.4699999988079071 0.0 0.0 -0.5099999904632568 -0.4699999988079071 0.0 0.0 -0.5099999904632568 -0.4699999988079071 0.0 0.0 -0.5099999904632568 -0.4699999988079071 -0.019999999552965164 0.0 -0.5099999904632568 -0.4699999988079071 0.0 0.0 -0.5099999904632568 -0.4699999988079071 0.0 0.0 -0.5099999904632568 -0.4699999988079071 0.0 0.0 -0.5099999904632568 -0.4699999988079071 0.0 0.0 -0.5099999904632568 0.0 0.0 -0.5099999904632568
894 -0.5099999904632568 0.0 -0.5099999904632568 0.0 0.0 -0.5099999904632568 -0.4699999988079071 0.0 0.0 -0.5099999904632568 -0.4699999988079071 0.0 0.0 -0.5099999904632568 -0.4699999988079071 -0.019999999552965164 0.0 -0.5099999904632568 -0.4699999988079071 0.0 0.0 -0.5099999904632568 -0.4699999988079071 0.0 0.0 -0.5099999904632568 -0.4699999988079071 0.0 0.0 -0.5099999904632568 -0.4699999988079071 0.0 0.0 -0.5099999904632568 -0.28999999165534973 0.0 0.0 0.0 -0.5099999904632568 -0.4699999988079071 0.0 0.0 -0.5099999904632568 -0.4699999988079071 0.0 0.0 -0.5099999904632568 -0.4699999988079071 0.0 0.0 -0.5099999904632568
895 -0.5099999904632568 0.0 -0.5099999904632568 0.0 0.0 -0.5099999904632568 -0.4699999988079071 -0.019999999552965164 0.0 -0.5099999904632568 -0.4699999988079071 0.0 0.0 -0.5099999904632568 -0.4699999988079071 0.0 0.0 -0.5099999904632568 -0.4699999988079071 0.0 0.0 -0.5099999904632568 -0.4699999988079071 0.0 0.0 -0.5099999904632568 -0.28999999165534973 0.0 0.0 -0.5099999904632568 -0.4699999988079071 -0.019999999552965164 0.0 -0.5099999904632568 -0.4699999988079071 0.0 0.0 -0.5099999904632568 -0.4699999988079071 0.0 0.0 -0.5099999904632568 -0.4699999988079071 0.0 0.0 -0.5099999904632568 -0.4699999988079071 0.0 0.0 -0.5099999904632568 -0.4699999988079071 0.0 0.0 -0.5099999904632568 -0.4699999988079071 0.0 0.0 -0.5099999904632568 -0.4699999988079071 0.0 0.0 -0.5099999904632568 -0.4699999988079071 0.0 0.0 -0.5099999904632568 -0.4699999988079071 0.0 0.0 -0.5099999904632568 -0.4699999988079071 0.0 0.0 -0.5099999904632568 -0.28999999165534973
896 -0.5099999904632568 -0.4699999988079071 0.0 0.0 -0.5099999904632568 -0.4699999988079071 0.0 0.0 -0.5099999904632568 -0.4699999988079071 0.0 0.0 -0.5099999904632568 -0.4699999988079071 0.0 0.0 -0.5099999904632568 -0.28999999165534973 0.0 0.0 -0.5099999904632568 -0.4699999988079071 -0.019999999552965164 0.0 -0.5099999904632568 -0.4699999988079071 0.0 0.0 -0.5099999904632568 -0.5099999904632568 0.0 0.0 -0.5099999904632568 -0.4699999988079071 0.0 0.0 -0.5099999904632568 -0.4699999988079071 0.0 0.0 -0.5099999904632568 -0.4699999988079071 0.0 0.0 -0.5099999904632568 -0.4699999988079071 0.0 0.0 -0.4699999988079071 0.0 0.0 -0.5099999904632568 -0.4699999988079071 0.0 0.0
897 0.0 0.0 -0.5099999904632568 -0.4699999988079071 0.0 0.0 -0.5099999904632568 -0.4699999988079071 0.0 0.0 -0.5099999904632568 -0.28999999165534973 0.0 0.0 -0.5099999904632568 -0.4699999988079071 -0.019999999552965164 0.0 -0.5099999904632568 -0.4699999988079071 0.0 0.0 -0.5099999904632568 -0.4699999988079071 0.0 0.0 -0.5099999904632568 -0.4699999988079071 0.0 -0.5099999904632568 0.0 -0.5099999904632568 -0.4699999988079071 0.0 0.0 -0.5099999904632568 -0.4699999988079071 0.0 -0.4699999988079071 0.0
898 0.0 0.0 -0.5099999904632568 -0.4699999988079071 0.0 0.0 -0.5099999904632568 -0.28999999165534973 0.0 0.0 -0.5099999904632568 -0.4699999988079071 -0.019999999552965164 0.0 -0.5099999904632568 -0.4699999988079071 0.0 0.0 -0.5099999904632568 -0.4699999988079071 0.0 0.0 -0.5099999904632568 -0.4699999988079071 0.0 0.0 0.0 -0.5099999904632568 -0.4699999988079071 0.0
899 0.0 0.0 -0.5099999904632568 -0.28999999165534973 0.0 0.0 -0.5099999904632568 -0.4699999988079071 -0.019999999552965164 0.0 -0.5099999904632568 -0.4699999988079071 0.0 0.0 -0.5099999904632568 -0.4699999988079071 0.0 0.0 -0.5099999904632568 -0.4699999988079071 0.0 0.0 -0.5099999904632568 -0.4699999988079071 0.0
9 0.0 -0.5099999904632568 -0.4699999988079071 -0.019999999552965164 0.0 -0.5099999904632568 -0.4699999988079071 -0.019999999552965164 0.0 -0.5099999904632568 -0.4699999988079071 0.0 0.0 -0.5099999904632568 -0.4699999988079071 -0.019999999552965164 0.0 -0.5099999904632568 -0.4699999988079071 0.0 0.0 -0.5099999904632568 -0.4699999988079071 0.0 0.0 -0.5099999904632568 -0.4699999988079071 0.0 0.0 -0.5099999904632568 -0.4699999988079071
90 0.0 -0.5099999904632568 -0.4699999988079071 0.0 0.0 -0.5099999904632568 -0.4699999988079071 0.0 0.0 -0.5099999904632568 -0.4699999988079071 0.0 0.0 -0.5099999904632568 -0.4699999988079071 0.0 0.0 -0.5099999904632568 -0.4699999988079071 0.0 0.0 -0.5099999904632568 -0.4699999988079071 0.0 0.0 -0.5099999904632568 -0.4699999988079071 0.0 0.0 -0.5099999904632568 -0.4699999988079071 0.0 0.0 -0.5099999904632568 -0.4699999988079071 0.0 0.0 -0.5099999904632568 -0.4699999988079071 0.0 0.0 -0.5099999904632568 -0.4699999988079071 0.0 0.0 -0.5099999904632568 -0.4699999988079071 0.0 0.0 -0.5099999904632568 -0.4699999988079071 0.0 0.0 -0.5099999904632568 -0.4699999988079071 0.0 0.0 -0.5099999904632568 -0.4699999988079071 0.0 0.0 -0.4699999988079071 0.0
900 0.0 0.0 -0.5099999904632568 -0.4699999988079071 -0.019999999552965164 0.0 -0.5099999904632568 -0.4699999988079071 0.0 0.0 -0.5099999904632568 -0.4699999988079071 0.0 0.0 -0.5099999904632568 -0.4699999988079071 0.0 0.0 -0.5099999904632568 -0.4699999988079071 0.0 0.0 -0.5099999904632568 -0.4699999988079071 0.0 0.0 -0.5099999904632568 -0.4699999988079071
901 -0.019999999552965164 0.0 -0.5099999904632568 -0.4699999988079071 0.0 0.0 -0.5099999904632568 -0.4699999988079071 0.0 0.0 -0.5099999904632568 -0.4699999988079071 0.0 0.0 -0.5099999904632568 -0.4699999988079071 0.0 0.0 -0.5099999904632568 -0.4699999988079071 0.0 0.0 -0.5099999904632568 -0.4699999988079071 0.0 0.0
902 0.0 0.0 -0.5099999904632568 -0.4699999988079071 0.0 0.0 -0.5099999904632568 -0.4699999988079071 0.0 0.0 -0.5099999904632568 -0.4699999988079071 0.0 0.0 -0.5099999904632568 -0.4699999988079071 0.0 0.0 -0.5099999904632568 -0.4699999988079071 0.0 0.0 -0.5099999904632568 -0.4699999988079071 0.0
903 -0.4699999988079071 0.0 0.0 -0.5099999904632568 -0.4699999988079071 0.0 0.0 -0.5099999904632568 -0.4699999988079071 0.0 0.0 -0.5099999904632568 -0.4699999988079071 0.0 0.0 -0.5099999904632568 -0.4699999988079071 0.0 0.0 -0.5099999904632568 -0.4699999988079071 0.0 0.0 -0.5099999904632568 -0.4699999988079071 0.0
904 -0.4699999988079071 0.0 0.0 -0.5099999904632568 -0.4699999988079071 0.0 0.0 -0.5099999904632568 -0.4699999988079071 0.0 0.0 -0.5099999904632568 -0.4699999988079071 0.0 0.0 -0.5099999904632568 -0.4699999988079071 0.0 0.0 -0.5099999904632568 -0.4699999988079071 0.0 0.0 -0.5099999904632568 -0.4699999988079071 0.0 0.0 -0.5099999904632568
905 0.0 0.0 -0.5099999904632568 -0.4699999988079071 0.0 0.0 -0.5099999904632568 -0.4699999988079071 0.0 0.0 -0.5099999904632568 -0.4699999988079071 0.0 0.0 -0.5099999904632568 -0.4699999988079071 0.0 0.0 -0.5099999904632568 -0.4699999988079071 0.0 0.0 -0.5099999904632568 -0.4699999988079071 0.0
906 0.0 0.0 -0.5099999904632568 -0.4699999988079071 0.0 0.0 -0.5099999904632568 -0.4699999988079071 0.0 0.0 -0.5099999904632568 -0.4699999988079071 0.0 0.0 -0.5099999904632568 -0.4699999988079071 0.0 0.0 -0.5099999904632568 -0.4699999988079071 0.0 0.0 -0.5099999904632568 -0.4699999988079071 0.0 0.0 -0.4699999988079071 -0.4699999988079071 0.0
907 -0.4699999988079071 0.0 0.0 -0.5099999904632568 -0.4699999988079071 0.0 0.0 -0.5099999904632568 -0.4699999988079071 0.0 0.0 -0.5099999904632568 -0.4699999988079071 0.0 0.0 -0.5099999904632568 -0.4699999988079071 0.0 0.0 -0.5099999904632568 -0.4699999988079071 0.0 0.0 -0.5099999904632568 -0.4699999988079071 0.0 0.0 -0.5099999904632568 -0.4699999988079071 0.0 0.0 -0.5099999904632568 -0.4699999988079071 0.0
908 0.0 0.0 -0.5099999904632568 -0.4699999988079071 0.0 0.0 -0.5099999904632568 -0.4699999988079071 0.0 0.0 -0.5099999904632568 -0.4699999988079071 0.0 0.0 -0.5099999904632568 -0.4699999988079071 0.0 0.0 -0.5099999904632568 -0.4699999988079071 0.0 0.0 -0.5099999904632568 -0.4699999988079071 0.0 0.0 -0.5099999904632568 -0.4699999988079071 0.0 0.0 -0.5099999904632568 -0.4699999988079071 0.0 0.0 -0.5099999904632568 -0.4699999988079071 -0.019999999552965164 0.0 -0.4699999988079071 0.0 0.0 -0.5099999904632568 -0.4699999988079071 0.0 0.0 -0.5099999904632568 -0.4699999988079071 0.0 0.0 -0.5099999904632568 -0.4699999988079071 0.0
909 -0.4699999988079071 0.0 0.0 -0.5099999904632568 -0.4699999988079071 0.0 0.0 -0.5099999904632568 -0.4699999988079071 0.0 0.0 -0.5099999904632568 -0.4699999988079071 0.0 0.0 -0.5099999904632568 -0.4699999988079071 0.0 0.0 -0.5099999904632568 -0.4699999988079071 0.0 0.0 -0.5099999904632568 -0.4699999988079071 0.0 0.0 -0.5099999904632568 -0.4699999988079071 0.0 0.0 -0.5099999904632568 -0.4699999988079071 -0.019999999552965164 0.0 -0.5099999904632568 -0.4699999988079071 0.0 0.0 -0.5099999904632568 -0.4699999988079071 0.0 0.0 -0.4699999988079071 0.0
91 -0.5099999904632568 0.0 -0.5099999904632568 -0.4699999988079071 0.0 0.0 -0.5099999904632568 -0.4699999988079071 0.0 0.0 -0.5099999904632568 -0.4699999988079071 0.0 0.0 -0.5099999904632568 -0.4699999988079071 0.0 0.0 -0.5099999904632568 -0.4699999988079071 0.0 0.0 -0.5099999904632568 -0.4699999988079071 0.0 0.0 -0.5099999904632568 -0.4699999988079071 0.0 0.0 -0.5099999904632568 -0.4699999988079071 0.0 0.0 -0.5099999904632568 -0.4699999988079071 0.0 0.0 -0.5099999904632568 -0.4699999988079071 0.0 0.0 -0.5099999904632568 -0.4699999988079071 0.0 0.0 -0.5099999904632568 -0.4699999988079071 0.0 0.0 -0.5099999904632568 -0.4699999988079071 0.0 0.0 -0.5099999904632568 -0.4699999988079071 0.0 0.0 -0.5099999904632568 -0.4699999988079071 0.0 0.0 -0.4699999988079071
910 0.0 -0.5099999904632568 -0.4699999988079071 0.0 0.0 -0.5099999904632568 -0.4699999988079071 0.0 0.0 -0.5099999904632568 -0.4699999988079071 0.0 0.0 -0.5099999904632568 -0.4699999988079071 0.0 0.0 -0.5099999904632568 -0.4699999988079071 0.0 0.0 -0.5099999904632568 -0.4699999988079071 0.0 0.0 -0.5099999904632568 -0.4699999988079071 0.0 0.0 -0.5099999904632568 -0.4699999988079071 -0.019999999552965164 0.0 -0.5099999904632568 -0.4699999988079071 0.0 0.0 -0.5099999904632568 -0.4699999988079071 0.0 0.0 -0.5099999904632568 -0.4699999988079071 0.0 0.0 -0.5099999904632568 -0.4699999988079071 0.0 0.0 -0.5099999904632568 -0.4699999988079071 -0.4699999988079071
911 0.0 0.0 -0.5099999904632568 -0.4699999988079071 0.0 0.0 -0.5099999904632568 -0.4699999988079071 0.0 0.0 -0.5099999904632568 -0.4699999988079071 0.0 0.0 -0.5099999904632568 -0.4699999988079071 0.0 0.0 -0.5099999904632568 -0.4699999988079071 0.0 0.0 -0.5099999904632568 -0.4699999988079071 0.0 0.0 -0.5099999904632568 -0.4699999988079071 0.0 0.0 -0.5099999904632568 -0.4699999988079071 -0.019999999552965164 0.0 -0.5099999904632568 -0.4699999988079071 0.0 0.0 -0.5099999904632568 -0.4699999988079071 0.0 0.0 -0.5099999904632568 -0.4699999988079071 0.0 0.0 -0.5099999904632568 -0.4699999988079071
912 -0.4699999988079071 0.0 0.0 -0.5099999904632568 -0.4699999988079071 0.0 0.0 -0.5099999904632568 -0.4699999988079071 0.0 0.0 -0.5099999904632568 -0.4699999988079071 0.0 0.0 -0.5099999904632568 -0.4699999988079071 0.0 0.0 -0.5099999904632568 -0.4699999988079071 0.0 0.0 -0.5099999904632568 -0.4699999988079071 0.0 0.0 -0.5099999904632568 -0.4699999988079071 -0.019999999552965164 0.0 -0.5099999904632568 -0.4699999988079071 0.0 0.0 -0.5099999904632568 -0.4699999988079071 0.0 0.0 -0.4699999988079071 -0.5099999904632568 -0.6700000166893005
913 -0.4699999988079071 0.0 0.0 -0.5099999904632568 -0.4699999988079071 0.0 0.0 -0.5099999904632568 -0.4699999988079071 0.0 0.0 -0.5099999904632568 -0.4699999988079071 0.0 0.0 -0.5099999904632568 -0.4699999988079071 0.0 0.0 -0.5099999904632568 -0.4699999988079071 0.0 0.0 -0.5099999904632568 -0.4699999988079071 -0.019999999552965164 0.0 -0.5099999904632568 -0.4699999988079071 0.0 0.0 -0.5099999904632568 -0.4699999988079071 0.0 0.0 -0.5099999904632568 -0.4699999988079071 0.0 -0.6700000166893005
914 0.0 -0.5099999904632568 -0.4699999988079071 0.0 0.0 -0.5099999904632568 -0.4699999988079071 0.0 0.0 -0.5099999904632568 -0.4699999988079071 0.0 0.0 -0.5099999904632568 -0.4699999988079071 0.0 0.0 -0.5099999904632568 -0.4699999988079071 0.0 0.0 -0.5099999904632568 -0.4699999988079071 -0.019999999552965164 0.0 -0.5099999904632568 -0.4699999988079071 0.0 0.0 -0.5099999904632568 -0.4699999988079071 0.0 0.0 -0.5099999904632568 -0.4699999988079071 0.0 0.0 -0.5099999904632568 -0.4699999988079071 0.0 -0.5099999904632568 -0.6700000166893005
915 -0.4699999988079071 0.0 0.0 -0.5099999904632568 -0.4699999988079071 0.0 0.0 -0.5099999904632568 -0.4699999988079071 0.0 0.0 -0.5099999904632568 -0.4699999988079071 0.0 0.0 -0.5099999904632568 -0.4699999988079071 0.0 0.0 -0.5099999904632568 -0.4699999988079071 0.0 0.0 -0.5099999904632568 -0.4699999988079071 -0.019999999552965164 0.0 -0.5099999904632568 -0.4699999988079071 0.0 0.0 -0.5099999904632568 -0.4699999988079071 0.0 0.0 -0.5099999904632568 -0.4699999988079071 0.0 0.0 -0.5099999904632568 -0.4699999988079071 0.0 0.0 -0.5099999904632568 -0.4699999988079071 0.0 0.0 -0.5099999904632568 -0.4699999988079071 0.0
916 0.0 -0.5099999904632568 0.0 -0.5099999904632568 -0.4699999988079071 0.0 0.0 -0.5099999904632568 -0.4699999988079071 0.0 0.0 -0.5099999904632568 -0.4699999988079071 0.0 0.0 -0.5099999904632568 -0.4699999988079071 0.0 0.0 -0.5099999904632568 -0.4699999988079071 -0.019999999552965164 0.0 -0.5099999904632568 -0.4699999988079071 0.0 0.0 -0.5099999904632568 -0.4699999988079071 0.0 0.0 -0.5099999904632568 -0.4699999988079071 0.0 0.0 -0.5099999904632568 -0.4699999988079071 0.0 0.0 -0.5099999904632568 -0.4699999988079071 0.0 0.0 -0.5099999904632568 -0.4699999988079071 0.0 -0.5099999904632568 0.0 0.0 -0.5099999904632568 -0.4699999988079071 0.0 0.0 -0.5099999904632568 -0.4699999988079071 0.0 0.0 -0.5099999904632568 -0.4699999988079071 0.0 0.0 -0.4699999988079071 0.0 0.0 -0.5099999904632568 -0.4699999988079071 0.0 0.0 -0.5099999904632568 -0.4699999988079071
917 0.0 0.0 -0.5099999904632568 -0.4699999988079071 0.0 0.0 -0.5099999904632568 -0.4699999988079071 0.0 0.0 -0.5099999904632568 -0.4699999988079071 0.0 0.0 -0.5099999904632568 -0.4699999988079071 0.0 0.0 -0.5099999904632568 -0.4699999988079071 0.0 0.0 -0.5099999904632568 -0.4699999988079071 0.0 0.0 -0.5099999904632568 -0.4699999988079071 0.0 0.0 -0.4699999988079071 0.0 0.0 -0.5099999904632568 -0.4699999988079071 -0.019999999552965164 0.0 -0.5099999904632568 -0.4699999988079071 0.0 0.0 -0.5099999904632568 -0.4699999988079071 0.0 0.0 -0.5099999904632568 -0.4699999988079071 0.0 0.0 -0.5099999904632568 -0.4699999988079071 0.0 0.0 -0.5099999904632568 -0.4699999988079071 0.0 0.0 -0.5099999904632568 -0.4699999988079071 0.0 0.0 -0.5099999904632568 -0.28999999165534973 -0.4699999988079071
918 -0.4699999988079071 0.0 0.0 -0.5099999904632568 -0.4699999988079071 0.0 -0.019999999552965164 0.0 -0.5099999904632568 -0.4699999988079071 0.0 0.0 -0.5099999904632568 -0.4699999988079071 0.0 0.0 -0.5099999904632568 -0.4699999988079071 0.0 0.0 -0.5099999904632568 -0.4699999988079071 0.0 0.0 -0.5099999904632568 -0.4699999988079071 0.0 0.0 -0.5099999904632568 -0.4699999988079071 0.0 0.0 -0.5099999904632568 -0.28999999165534973 0.0 0.0 -0.5099999904632568 -0.4699999988079071
919 0.0 0.0 -0.5099999904632568 -0.4699999988079071 0.0 0.0 -0.5099999904632568 -0.4699999988079071 0.0 0.0 -0.5099999904632568 -0.4699999988079071 0.0 0.0 -0.5099999904632568 -0.4699999988079071 0.0 0.0 -0.5099999904632568 -0.4699999988079071 0.0 0.0 -0.5099999904632568 -0.28999999165534973 0.0 0.0 -0.5099999904632568 -0.4699999988079071 0.0 0.0 -0.5099999904632568 -0.4699999988079071 0.0 -0.4699999988079071 -0.019999999552965164 0.0 -0.5099999904632568 -0.4699999988079071 0.0 0.0 -0.5099999904632568 -0.28999999165534973 0.0 0.0
92 -0.5099999904632568 0.0 0.0 -0.5099999904632568 -0.4699999988079071 0.0 0.0 -0.5099999904632568 -0.4699999988079071 0.0 0.0 -0.5099999904632568 -0.4699999988079071 0.0 0.0 -0.5099999904632568 -0.4699999988079071 0.0 0.0 -0.5099999904632568 -0.4699999988079071 0.0 0.0 -0.5099999904632568 -0.4699999988079071 0.0 0.0 -0.5099999904632568 -0.4699999988079071 0.0 0.0 -0.5099999904632568 -0.4699999988079071 0.0 0.0 -0.5099999904632568 -0.4699999988079071 0.0 0.0 -0.5099999904632568 -0.4699999988079071 0.0 0.0 -0.5099999904632568 -0.4699999988079071 0.0 0.0 -0.5099999904632568 -0.4699999988079071 0.0 0.0 -0.5099999904632568 -0.4699999988079071 0.0 0.0 -0.5099999904632568 -0.4699999988079071 0.0 0.0 -0.5099999904632568 -0.4699999988079071 0.0 0.0 -0.4699999988079071 0.0 -0.5099999904632568
920 0.0 0.0 0.0 -0.5099999904632568 -0.4699999988079071 0.0 0.0 -0.5099999904632568 -0.4699999988079071 0.0 0.0 -0.5099999904632568 -0.4699999988079071 0.0 0.0 -0.5099999904632568 -0.4699999988079071 0.0 0.0 -0.5099999904632568 -0.4699999988079071 0.0 0.0 -0.5099999904632568 -0.28999999165534973 0.0 0.0 -0.5099999904632568 -0.4699999988079071 0.0 0.0 -0.5099999904632568 -0.4699999988079071 0.0 0.0 -0.5099999904632568 -0.4699999988079071
921 0.0 -0.4699999988079071 0.0 0.0 -0.5099999904632568 -0.4699999988079071 0.0 0.0 -0.5099999904632568 -0.4699999988079071 0.0 0.0 -0.5099999904632568 -0.28999999165534973 0.0 0.0 -0.5099999904632568 -0.4699999988079071 0.0 0.0 -0.5099999904632568 -0.4699999988079071 0.0 0.0 -0.5099999904632568 -0.4699999988079071 0.0 0.0 -0.5099999904632568 -0.4699999988079071
922 0.0 0.0 -0.5099999904632568 -0.4699999988079071 0.0 0.0 -0.5099999904632568 -0.4699999988079071 0.0 0.0 -0.5099999904632568 -0.4699999988079071 0.0 0.0 -0.5099999904632568 -0.28999999165534973 0.0 0.0 -0.5099999904632568 -0.4699999988079071 0.0 0.0 -0.5099999904632568 -0.4699999988079071 0.0 0.0 -0.5099999904632568 -0.4699999988079071 0.0 0.0 -0.5099999904632568 -0.4699999988079071 0.0 0.0 -0.5099999904632568
923 0.0 -0.4699999988079071 0.0 0.0 -0.5099999904632568 -0.28999999165534973 0.0 0.0 -0.5099999904632568 -0.4699999988079071 0.0 0.0 -0.5099999904632568 -0.4699999988079071 0.0 0.0 -0.5099999904632568 -0.4699999988079071 0.0 0.0 -0.5099999904632568 -0.4699999988079071 0.0 0.0 -0.5099999904632568 -0.4699999988079071 0.0 0.0 -0.5099999904632568 -0.4699999988079071 -0.5099999904632568 -0.5099999904632568
924 0.0 -0.5099999904632568 -0.28999999165534973 0.0 0.0 -0.5099999904632568 -0.4699999988079071 0.0 0.0 -0.5099999904632568 -0.4699999988079071 0.0 0.0 -0.5099999904632568 -0.4699999988079071 0.0 0.0 -0.5099999904632568 -0.4699999988079071 0.0 0.0 -0.5099999904632568 -0.4699999988079071 0.0 0.0 -0.5099999904632568 -0.4699999988079071 0.0 0.0 -0.5099999904632568 -0.4699999988079071 0.0 0.0 -0.5099999904632568 -0.5099999904632568 -0.5099999904632568
925 0.0 -0.5099999904632568 -0.4699999988079071 0.0 0.0 -0.5099999904632568 -0.4699999988079071 0.0 0.0 -0.5099999904632568 -0.4699999988079071 0.0 0.0 -0.5099999904632568 -0.4699999988079071 0.0 0.0 -0.5099999904632568 -0.4699999988079071 0.0 0.0 -0.5099999904632568 -0.4699999988079071 0.0 0.0 -0.5099999904632568 -0.4699999988079071 0.0 0.0 -0.5099999904632568 -0.4699999988079071 -0.5099999904632568
926 -0.4699999988079071 0.0 0.0 -0.5099999904632568 -0.4699999988079071 0.0 0.0 -0.5099999904632568 -0.4699999988079071 0.0 0.0 -0.5099999904632568 -0.4699999988079071 0.0 0.0 -0.5099999904632568 -0.4699999988079071 0.0 0.0 -0.5099999904632568 -0.4699999988079071 0.0 0.0 -0.5099999904632568 -0.4699999988079071 0.0 0.0 -0.5099999904632568
927 0.0 -0.5099999904632568 -0.4699999988079071 0.0 0.0 -0.5099999904632568 -0.4699999988079071 0.0 0.0 -0.5099999904632568 -0.4699999988079071 0.0 0.0 -0.5099999904632568 -0.4699999988079071 0.0 0.0 -0.5099999904632568 -0.4699999988079071 0.0 0.0 -0.5099999904632568 -0.4699999988079071 0.0 0.0 -0.5099999904632568 -0.4699999988079071 0.0 0.0 -0.5099999904632568 -0.4699999988079071
928 0.0 -0.5099999904632568 -0.4699999988079071 0.0 0.0 -0.5099999904632568 -0.4699999988079071 0.0 0.0 -0.5099999904632568 -0.4699999988079071 0.0 0.0 -0.5099999904632568 -0.4699999988079071 0.0 0.0 -0.5099999904632568 -0.4699999988079071 0.0 0.0 -0.5099999904632568 -0.4699999988079071 0.0 0.0 -0.5099999904632568 -0.4699999988079071 0.0 0.0 -0.5099999904632568
929 -0.5099999904632568 0.0 0.0 -0.5099999904632568 -0.4699999988079071 0.0 0.0 -0.5099999904632568 -0.4699999988079071 0.0 0.0 -0.5099999904632568 -0.4699999988079071 0.0 0.0 -0.5099999904632568 -0.4699999988079071 0.0 0.0 -0.5099999904632568 -0.4699999988079071 0.0 0.0 -0.5099999904632568 -0.4699999988079071 0.0 0.0 -0.5099999904632568
93 -0.5099999904632568 0.0 -0.5099999904632568 -0.4699999988079071 0.0 0.0 -0.5099999904632568 -0.4699999988079071 0.0 0.0 -0.5099999904632568 -0.4699999988079071 0.0 0.0 -0.5099999904632568 -0.4699999988079071 0.0 0.0 -0.5099999904632568 -0.4699999988079071 0.0 0.0 -0.5099999904632568 -0.4699999988079071 0.0 0.0 -0.5099999904632568 -0.4699999988079071 0.0 0.0 -0.5099999904632568 -0.4699999988079071 0.0 0.0 -0.5099999904632568 -0.4699999988079071 0.0 0.0 -0.5099999904632568 -0.4699999988079071 0.0 0.0 -0.5099999904632568 -0.4699999988079071 0.0 0.0 -0.5099999904632568 -0.4699999988079071 0.0 0.0 -0.5099999904632568 -0.4699999988079071 0.0 0.0 -0.5099999904632568 -0.4699999988079071 0.0 0.0 -0.5099999904632568 -0.4699999988079071 0.0 0.0 -0.4699999988079071 0.0
930 -0.4699999988079071 0.0 0.0 -0.5099999904632568 -0.4699999988079071 0.0 0.0 -0.5099999904632568 -0.4699999988079071 0.0 0.0 -0.5099999904632568 -0.4699999988079071 0.0 0.0 -0.5099999904632568 -0.4699999988079071 0.0 0.0 -0.5099999904632568 -0.4699999988079071 0.0 0.0 -0.5099999904632568 -0.4699999988079071 0.0
931 0.0 -0.5099999904632568 -0.4699999988079071 0.0 0.0 -0.5099999904632568 -0.4699999988079071 0.0 0.0 -0.5099999904632568 -0.4699999988079071 0.0 0.0 -0.5099999904632568 -0.4699999988079071 0.0 0.0 -0.5099999904632568 -0.4699999988079071 0.0 0.0 -0.5099999904632568 -0.4699999988079071 0.0 0.0 -0.5099999904632568 -0.4699999988079071 0.0 -0.5099999904632568
932 -0.4699999988079071 0.0 0.0 -0.5099999904632568 -0.4699999988079071 0.0 0.0 -0.5099999904632568 -0.4699999988079071 0.0 0.0 -0.5099999904632568 -0.4699999988079071 0.0 0.0 -0.5099999904632568 -0.4699999988079071 0.0 0.0 -0.5099999904632568 -0.4699999988079071 0.0 0.0 -0.5099999904632568 -0.4699999988079071 -0.019999999552965164
933 0.0 0.0 -0.5099999904632568 -0.4699999988079071 0.0 0.0 -0.5099999904632568 -0.4699999988079071 0.0 0.0 -0.5099999904632568 -0.4699999988079071 0.0 0.0 -0.5099999904632568 -0.4699999988079071 0.0 0.0 -0.5099999904632568 -0.4699999988079071 -0.019999999552965164 0.0 -0.5099999904632568 -0.4699999988079071 0.0
934 -0.4699999988079071 0.0 0.0 -0.5099999904632568 -0.4699999988079071 0.0 0.0 -0.5099999904632568 -0.4699999988079071 0.0 0.0 -0.5099999904632568 -0.4699999988079071 0.0 0.0 -0.5099999904632568 -0.4699999988079071 -0.019999999552965164 0.0 -0.5099999904632568 -0.4699999988079071 0.0 0.0 -0.5099999904632568 -0.4699999988079071 -0.019999999552965164 -0.5099999904632568
935 0.0 0.0 -0.5099999904632568 -0.4699999988079071 0.0 0.0 -0.5099999904632568 -0.4699999988079071 0.0 0.0 -0.5099999904632568 -0.4699999988079071 -0.019999999552965164 0.0 -0.5099999904632568 -0.4699999988079071 0.0 0.0 -0.5099999904632568 -0.4699999988079071 -0.019999999552965164 0.0 -0.5099999904632568 -0.4699999988079071 -0.019999999552965164
936 0.0 0.0 -0.5099999904632568 -0.4699999988079071 0.0 0.0 -0.5099999904632568 -0.4699999988079071 -0.019999999552965164 0.0 -0.5099999904632568 -0.4699999988079071 0.0 0.0 -0.5099999904632568 -0.4699999988079071 -0.019999999552965164 0.0 -0.5099999904632568 -0.4699999988079071 -0.019999999552965164 0.0 -0.5099999904632568 -0.4699999988079071 -0.019999999552965164
937 0.0 0.0 -0.5099999904632568 -0.4699999988079071 -0.019999999552965164 0.0 -0.5099999904632568 -0.4699999988079071 0.0 0.0 -0.5099999904632568 -0.4699999988079071 -0.019999999552965164 0.0 -0.5099999904632568 -0.4699999988079071 -0.019999999552965164 0.0 -0.5099999904632568 -0.4699999988079071 -0.019999999552965164 0.0 -0.5099999904632568 -0.4699999988079071 0.0 -0.5099999904632568
938 -0.019999999552965164 0.0 -0.5099999904632568 -0.4699999988079071 0.0 0.0 -0.5099999904632568 -0.4699999988079071 -0.019999999552965164 0.0 -0.5099999904632568 -0.4699999988079071 -0.019999999552965164 0.0 -0.5099999904632568 -0.4699999988079071 -0.019999999552965164 0.0 -0.5099999904632568 -0.4699999988079071 0.0 0.0 -0.5099999904632568 -0.28999999165534973 0.0 -0.5099999904632568
939 0.0 0.0 -0.5099999904632568 -0.4699999988079071 -0.019999999552965164 0.0 -0.5099999904632568 -0.4699999988079071 -0.019999999552965164 0.0 -0.5099999904632568 -0.4699999988079071 -0.019999999552965164 0.0 -0.5099999904632568 -0.4699999988079071 0.0 0.0 -0.5099999904632568 -0.28999999165534973 0.0 0.0 -0.5099999904632568 -0.4699999988079071 0.0
94 -0.5099999904632568 0.0 -0.5099999904632568 -0.4699999988079071 0.0 0.0 -0.5099999904632568 -0.4699999988079071 0.0 0.0 -0.5099999904632568 -0.4699999988079071 0.0 0.0 -0.5099999904632568 -0.4699999988079071 0.0 0.0 -0.5099999904632568 -0.4699999988079071 0.0 0.0 -0.5099999904632568 -0.4699999988079071 0.0 0.0 -0.5099999904632568 -0.4699999988079071 0.0 0.0 -0.5099999904632568 -0.4699999988079071 0.0 0.0 -0.5099999904632568 -0.4699999988079071 0.0 0.0 -0.5099999904632568 -0.4699999988079071 0.0 0.0 -0.5099999904632568 -0.4699999988079071 0.0 0.0 -0.5099999904632568 -0.4699999988079071 0.0 0.0 -0.5099999904632568 -0.4699999988079071 0.0 0.0 -0.5099999904632568 -0.4699999988079071 0.0 0.0 -0.5099999904632568 -0.4699999988079071 0.0 0.0 -0.4699999988079071 0.0 -0.5099999904632568
940 -0.019999999552965164 0.0 -0.5099999904632568 -0.4699999988079071 -0.019999999552965164 0.0 -0.5099999904632568 -0.4699999988079071 -0.019999999552965164 0.0 -0.5099999904632568 -0.4699999988079071 0.0 0.0 -0.5099999904632568 -0.28999999165534973 0.0 0.0 -0.5099999904632568 -0.4699999988079071 0.0 0.0 -0.5099999904632568 -0.4699999988079071 0.0 0.0 -0.5099999904632568
941 -0.019999999552965164 0.0 -0.5099999904632568 -0.4699999988079071 -0.019999999552965164 0.0 -0.5099999904632568 -0.4699999988079071 0.0 0.0 -0.5099999904632568 -0.28999999165534973 0.0 0.0 -0.5099999904632568 -0.4699999988079071 0.0 0.0 -0.5099999904632568 -0.4699999988079071 0.0 0.0 -0.5099999904632568 -0.4699999988079071 0.0
942 -0.019999999552965164 0.0 -0.5099999904632568 -0.4699999988079071 0.0 0.0 -0.5099999904632568 -0.28999999165534973 0.0 0.0 -0.5099999904632568 -0.4699999988079071 0.0 0.0 -0.5099999904632568 -0.4699999988079071 0.0 0.0 -0.5099999904632568 -0.4699999988079071 0.0 0.0 -0.5099999904632568 -0.4699999988079071 0.0
943 -0.4699999988079071 0.0 0.0 -0.5099999904632568 -0.28999999165534973 0.0 0.0 -0.5099999904632568 -0.4699999988079071 0.0 0.0 -0.5099999904632568 -0.4699999988079071 0.0 0.0 -0.5099999904632568 -0.4699999988079071 0.0 0.0 -0.5099999904632568 -0.4699999988079071 0.0 0.0 -0.5099999904632568 -0.4699999988079071 0.0 0.0
944 0.0 0.0 -0.5099999904632568 -0.4699999988079071 0.0 0.0 -0.5099999904632568 -0.4699999988079071 0.0 0.0 -0.5099999904632568 -0.4699999988079071 0.0 0.0 -0.5099999904632568 -0.4699999988079071 0.0 0.0 -0.5099999904632568 -0.4699999988079071 0.0 0.0 -0.5099999904632568 -0.4699999988079071 0.0 0.0 -0.4699999988079071
945 -0.4699999988079071 0.0 0.0 -0.5099999904632568 -0.4699999988079071 0.0 0.0 -0.5099999904632568 -0.4699999988079071 0.0 0.0 -0.5099999904632568 -0.4699999988079071 0.0 0.0 -0.5099999904632568 -0.4699999988079071 0.0 0.0 -0.5099999904632568 -0.4699999988079071 0.0 0.0 -0.5099999904632568 -0.4699999988079071 0.0 0.0 -0.5099999904632568
946 0.0 0.0 -0.5099999904632568 -0.4699999988079071 0.0 0.0 -0.5099999904632568 -0.4699999988079071 0.0 0.0 -0.5099999904632568 -0.4699999988079071 0.0 0.0 -0.5099999904632568 -0.4699999988079071 0.0 0.0 -0.5099999904632568 -0.4699999988079071 0.0 0.0 -0.5099999904632568 -0.4699999988079071 0.0 0.0 -0.4699999988079071
947 -0.5099999904632568 -0.4699999988079071 0.0 0.0 -0.5099999904632568 -0.4699999988079071 0.0 0.0 -0.5099999904632568 -0.4699999988079071 0.0 0.0 -0.5099999904632568 0.0 -0.4699999988079071 0.0 0.0 -0.5099999904632568 -0.4699999988079071 0.0 0.0 -0.5099999904632568 -0.4699999988079071 0.0 0.0 -0.5099999904632568 -0.4699999988079071 0.0 0.0 -0.5099999904632568 -0.4699999988079071 0.0 0.0 -0.5099999904632568 -0.4699999988079071 0.0 0.0 -0.5099999904632568 -0.4699999988079071 0.0 0.0 -0.5099999904632568 -0.4699999988079071 0.0 0.0 -0.5099999904632568
948 0.0 -0.5099999904632568 -0.4699999988079071 0.0 0.0 -0.5099999904632568 -0.4699999988079071 0.0 0.0 -0.5099999904632568 -0.4699999988079071 0.0 0.0 -0.5099999904632568 -0.4699999988079071 0.0 0.0 -0.5099999904632568 -0.4699999988079071 0.0 0.0 -0.5099999904632568 -0.4699999988079071 0.0 0.0 -0.5099999904632568 -0.4699999988079071 0.0 0.0 -0.5099999904632568 -0.4699999988079071 0.0
949 -0.5099999904632568 -0.4699999988079071 0.0 0.0 -0.5099999904632568 -0.4699999988079071 0.0 -0.5099999904632568 -0.4699999988079071 0.0 -0.4699999988079071 0.0 0.0 -0.5099999904632568 -0.4699999988079071 0.0 0.0 -0.5099999904632568 -0.4699999988079071 0.0 0.0 -0.5099999904632568 -0.4699999988079071 0.0 0.0 -0.5099999904632568 -0.4699999988079071 0.0 0.0 -0.5099999904632568 -0.4699999988079071 0.0 0.0 -0.5099999904632568 -0.4699999988079071 0.0 0.0 -0.5099999904632568 -0.4699999988079071 0.0 0.0 -0.4699999988079071
95 -0.5099999904632568 0.0 -0.5099999904632568 -0.4699999988079071 0.0 0.0 -0.5099999904632568 -0.4699999988079071 0.0 0.0 -0.5099999904632568 -0.4699999988079071 0.0 0.0 -0.5099999904632568 -0.4699999988079071 0.0 0.0 -0.5099999904632568 -0.4699999988079071 0.0 0.0 -0.5099999904632568 -0.4699999988079071 0.0 0.0 -0.5099999904632568 -0.4699999988079071 0.0 0.0 -0.5099999904632568 -0.4699999988079071 0.0 0.0 -0.5099999904632568 -0.4699999988079071 0.0 0.0 -0.5099999904632568 -0.4699999988079071 0.0 0.0 -0.5099999904632568 -0.4699999988079071 0.0 0.0 -0.5099999904632568 -0.4699999988079071 0.0 0.0 -0.5099999904632568 -0.4699999988079071 0.0 0.0 -0.5099999904632568 -0.4699999988079071 0.0 0.0 -0.5099999904632568 -0.4699999988079071 0.0 0.0 -0.4699999988079071 0.0 -0.28999999165534973 0.0 0.0 -0.5099999904632568 -0.4699999988079071 0.0
950 0.0 -0.5099999904632568 -0.4699999988079071 0.0 0.0 -0.5099999904632568 -0.4699999988079071 0.0 0.0 -0.5099999904632568 -0.4699999988079071 0.0 0.0 -0.5099999904632568 -0.4699999988079071 0.0 0.0 -0.5099999904632568 -0.4699999988079071 0.0 0.0 -0.5099999904632568 -0.4699999988079071 0.0 0.0 -0.5099999904632568 -0.4699999988079071 0.0 0.0 -0.5099999904632568 -0.4699999988079071 0.0 0.0 -0.5099999904632568
951 0.0 0.0 -0.5099999904632568 -0.4699999988079071 0.0 0.0 -0.5099999904632568 -0.4699999988079071 0.0 0.0 -0.5099999904632568 -0.4699999988079071 0.0 0.0 -0.5099999904632568 -0.4699999988079071 0.0 0.0 -0.5099999904632568 -0.4699999988079071 0.0 0.0 -0.5099999904632568 -0.4699999988079071 0.0 0.0 -0.5099999904632568 -0.4699999988079071 0.0 0.0 -0.5099999904632568 -0.4699999988079071 0.0
952 0.0 0.0 -0.5099999904632568 -0.4699999988079071 0.0 0.0 -0.5099999904632568 -0.4699999988079071 0.0 0.0 -0.5099999904632568 -0.4699999988079071 0.0 0.0 -0.5099999904632568 -0.4699999988079071 0.0 0.0 -0.5099999904632568 -0.4699999988079071 0.0 0.0 -0.5099999904632568 -0.4699999988079071 0.0 0.0 -0.5099999904632568 -0.4699999988079071 0.0 0.0 -0.5099999904632568 -0.4699999988079071 0.0 0.0 -0.5099999904632568 -0.4699999988079071
953 -0.4699999988079071 0.0 0.0 -0.5099999904632568 -0.4699999988079071 0.0 0.0 -0.5099999904632568 -0.4699999988079071 0.0 0.0 -0.5099999904632568 -0.4699999988079071 0.0 0.0 -0.5099999904632568 -0.4699999988079071 0.0 0.0 -0.5099999904632568 -0.4699999988079071 0.0 0.0 -0.5099999904632568 -0.4699999988079071 0.0 0.0 -0.5099999904632568 -0.4699999988079071 0.0 0.0 -0.5099999904632568 -0.4699999988079071 0.0 0.0 -0.5099999904632568 -0.4699999988079071
954 0.0 -0.5099999904632568 -0.4699999988079071 0.0 0.0 -0.5099999904632568 -0.4699999988079071 0.0 0.0 -0.5099999904632568 -0.4699999988079071 0.0 0.0 -0.5099999904632568 -0.4699999988079071 0.0 0.0 -0.5099999904632568 -0.4699999988079071 0.0 0.0 -0.5099999904632568 -0.4699999988079071 0.0 0.0 -0.5099999904632568 -0.4699999988079071 0.0 0.0 -0.5099999904632568 -0.4699999988079071 0.0 0.0 -0.5099999904632568 -0.4699999988079071
955 -0.4699999988079071 0.0 0.0 -0.5099999904632568 -0.4699999988079071 0.0 0.0 -0.5099999904632568 -0.4699999988079071 0.0 0.0 -0.5099999904632568 -0.4699999988079071 0.0 0.0 -0.5099999904632568 -0.4699999988079071 0.0 0.0 -0.5099999904632568 -0.4699999988079071 0.0 0.0 -0.5099999904632568 -0.4699999988079071 0.0 0.0 -0.5099999904632568 -0.4699999988079071 0.0 0.0 -0.5099999904632568 -0.4699999988079071 0.0 0.0 -0.5099999904632568
956 0.0 -0.5099999904632568 -0.4699999988079071 0.0 0.0 -0.5099999904632568 -0.4699999988079071 0.0 0.0 -0.5099999904632568 -0.4699999988079071 0.0 0.0 -0.5099999904632568 -0.4699999988079071 0.0 0.0 -0.5099999904632568 -0.4699999988079071 0.0 0.0 -0.5099999904632568 -0.4699999988079071 0.0 0.0 -0.5099999904632568 -0.4699999988079071 0.0 0.0 -0.5099999904632568 -0.4699999988079071 0.0 0.0 -0.5099999904632568 -0.4699999988079071 -0.4699999988079071 0.0 0.0 -0.5099999904632568 -0.4699999988079071 0.0
957 0.0 -0.5099999904632568 -0.4699999988079071 0.0 0.0 -0.5099999904632568 -0.4699999988079071 0.0 0.0 -0.5099999904632568 -0.4699999988079071 0.0 0.0 -0.5099999904632568 -0.4699999988079071 0.0 0.0 -0.5099999904632568 -0.4699999988079071 0.0 0.0 -0.5099999904632568 -0.4699999988079071 0.0 0.0 -0.5099999904632568 -0.4699999988079071 0.0 0.0 -0.5099999904632568 -0.4699999988079071 0.0 0.0 -0.5099999904632568 -0.4699999988079071 0.0 0.0 -0.5099999904632568 -0.4699999988079071 0.0 0.0 -0.5099999904632568 -0.4699999988079071 0.0
958 0.0 -0.5099999904632568 0.0 0.0 -0.4699999988079071 0.0 0.0 -0.5099999904632568 -0.4699999988079071 0.0 0.0 -0.5099999904632568 -0.4699999988079071 0.0 0.0 -0.5099999904632568 -0.4699999988079071 0.0 0.0 -0.5099999904632568 -0.4699999988079071 0.0 0.0 -0.5099999904632568 -0.4699999988079071 0.0 0.0 -0.5099999904632568 -0.4699999988079071 0.0 0.0 -0.5099999904632568 -0.4699999988079071 0.0 0.0 -0.5099999904632568 -0.4699999988079071 0.0 0.0 -0.5099999904632568 -0.4699999988079071 0.0 0.0 -0.5099999904632568 -0.4699999988079071 0.0 0.0 -0.4699999988079071 0.0 0.0 -0.5099999904632568 -0.4699999988079071
959 -0.4699999988079071 0.0 0.0 -0.5099999904632568 -0.4699999988079071 0.0 0.0 -0.5099999904632568 -0.4699999988079071 0.0 0.0 -0.5099999904632568 -0.4699999988079071 0.0 0.0 -0.5099999904632568 -0.4699999988079071 0.0 0.0 -0.5099999904632568 -0.4699999988079071 0.0 0.0 -0.5099999904632568 -0.4699999988079071 0.0 0.0 -0.5099999904632568 -0.4699999988079071 0.0 0.0 -0.5099999904632568 -0.4699999988079071 0.0 0.0 -0.5099999904632568 -0.4699999988079071 0.0 0.0 -0.5099999904632568 -0.4699999988079071 0.0 0.0 -0.5099999904632568 -0.4699999988079071 0.0 0.0 -0.4699999988079071
96 -0.5099999904632568 0.0 -0.5099999904632568 -0.4699999988079071 0.0 0.0 -0.5099999904632568 -0.4699999988079071 0.0 0.0 -0.5099999904632568 -0.4699999988079071 0.0 0.0 -0.5099999904632568 -0.4699999988079071 0.0 0.0 -0.5099999904632568 -0.4699999988079071 0.0 0.0 -0.5099999904632568 -0.4699999988079071 0.0 0.0 -0.5099999904632568 -0.4699999988079071 0.0 0.0 -0.5099999904632568 -0.4699999988079071 0.0 0.0 -0.5099999904632568 -0.4699999988079071 0.0 0.0 -0.5099999904632568 -0.4699999988079071 0.0 0.0 -0.5099999904632568 -0.4699999988079071 0.0 0.0 -0.5099999904632568 -0.4699999988079071 0.0 0.0 -0.5099999904632568 -0.4699999988079071 0.0 0.0 -0.5099999904632568 -0.4699999988079071 0.0 0.0 -0.5099999904632568 -0.4699999988079071 0.0 0.0 -0.4699999988079071 0.0 -0.5099999904632568 0.0 -0.4699999988079071 0.0 -0.4699999988079071 -0.019999999552965164 0.0 -0.5099999904632568 -0.4699999988079071 0.0 0.0 -0.5099999904632568 -0.4699999988079071
960 0.0 -0.5099999904632568 -0.4699999988079071 0.0 0.0 -0.5099999904632568 -0.4699999988079071 0.0 0.0 -0.5099999904632568 -0.4699999988079071 0.0 0.0 -0.5099999904632568 -0.4699999988079071 0.0 0.0 -0.5099999904632568 -0.4699999988079071 0.0 0.0 -0.5099999904632568 -0.4699999988079071 0.0 0.0 -0.5099999904632568 -0.4699999988079071 0.0 0.0 -0.5099999904632568 -0.4699999988079071 0.0 0.0 -0.5099999904632568 -0.4699999988079071 0.0 0.0 -0.5099999904632568 -0.4699999988079071 0.0 0.0 -0.5099999904632568 -0.4699999988079071 0.0 0.0 -0.4699999988079071 0.0
961 0.0 0.0 -0.5099999904632568 -0.4699999988079071 0.0 0.0 -0.5099999904632568 -0.4699999988079071 0.0 0.0 -0.5099999904632568 -0.4699999988079071 0.0 0.0 -0.5099999904632568 -0.4699999988079071 0.0 0.0 -0.5099999904632568 -0.4699999988079071 0.0 0.0 -0.5099999904632568 -0.4699999988079071 0.0 0.0 -0.5099999904632568 -0.4699999988079071 0.0 0.0 -0.5099999904632568 -0.4699999988079071 0.0 0.0 -0.5099999904632568 -0.4699999988079071 0.0 0.0 -0.5099999904632568 -0.4699999988079071 0.0 0.0 -0.5099999904632568 -0.4699999988079071 0.0 0.0 -0.4699999988079071 0.0
962 -0.4699999988079071 0.0 0.0 -0.5099999904632568 -0.4699999988079071 0.0 0.0 -0.5099999904632568 -0.4699999988079071 0.0 0.0 -0.5099999904632568 -0.4699999988079071 0.0 0.0 -0.5099999904632568 -0.4699999988079071 0.0 0.0 -0.5099999904632568 -0.4699999988079071 0.0 0.0 -0.5099999904632568 -0.4699999988079071 0.0 0.0 -0.5099999904632568 -0.4699999988079071 0.0 0.0 -0.5099999904632568 -0.4699999988079071 0.0 0.0 -0.5099999904632568 -0.4699999988079071 0.0 0.0 -0.5099999904632568 -0.4699999988079071 0.0 0.0 -0.5099999904632568 -0.4699999988079071 0.0 0.0 -0.5099999904632568 -0.4699999988079071 0.0 0.0 -0.5099999904632568 -0.4699999988079071 0.0 0.0 -0.5099999904632568 -0.4699999988079071 0.0 0.0 -0.4699999988079071 0.0
963 0.0 -0.5099999904632568 -0.4699999988079071 0.0 0.0 -0.5099999904632568 -0.4699999988079071 0.0 0.0 -0.5099999904632568 -0.4699999988079071 0.0 0.0 -0.5099999904632568 -0.4699999988079071 0.0 0.0 -0.5099999904632568 -0.4699999988079071 0.0 0.0 -0.5099999904632568 -0.4699999988079071 0.0 0.0 -0.5099999904632568 -0.4699999988079071 0.0 0.0 -0.5099999904632568 -0.4699999988079071 0.0 0.0 -0.5099999904632568 -0.4699999988079071 0.0 0.0 -0.5099999904632568 -0.4699999988079071 0.0 0.0 -0.5099999904632568 -0.4699999988079071 0.0 0.0 -0.5099999904632568 -0.4699999988079071 0.0 0.0 -0.5099999904632568 -0.4699999988079071 0.0 0.0 -0.5099999904632568 -0.4699999988079071 0.0 0.0 -0.4699999988079071 0.0
964 -0.5099999904632568 -0.4699999988079071 0.0 0.0 -0.5099999904632568 -0.4699999988079071 0.0 0.0 -0.5099999904632568 -0.4699999988079071 0.0 0.0 -0.5099999904632568 -0.4699999988079071 0.0 0.0 -0.5099999904632568 -0.4699999988079071 0.0 0.0 -0.5099999904632568 -0.4699999988079071 0.0 0.0 -0.5099999904632568 -0.4699999988079071 0.0 0.0 -0.5099999904632568 -0.4699999988079071 0.0 0.0 -0.5099999904632568 -0.4699999988079071 0.0 0.0 -0.5099999904632568 -0.4699999988079071 0.0 0.0 -0.5099999904632568 -0.4699999988079071 0.0 0.0 -0.5099999904632568 -0.4699999988079071 0.0 0.0 -0.5099999904632568 -0.4699999988079071 0.0 0.0 -0.5099999904632568 -0.4699999988079071 0.0 0.0 -0.4699999988079071 0.0
965 0.0 0.0 -0.5099999904632568 -0.4699999988079071 0.0 0.0 -0.5099999904632568 -0.4699999988079071 0.0 0.0 -0.5099999904632568 -0.4699999988079071 0.0 0.0 -0.5099999904632568 -0.4699999988079071 0.0 0.0 -0.5099999904632568 -0.4699999988079071 0.0 0.0 -0.5099999904632568 -0.4699999988079071 0.0 0.0 -0.5099999904632568 -0.4699999988079071 0.0 0.0 -0.5099999904632568 -0.4699999988079071 0.0 0.0 -0.5099999904632568 -0.4699999988079071 0.0 0.0 -0.5099999904632568 -0.4699999988079071 0.0 0.0 -0.5099999904632568 -0.4699999988079071 0.0 0.0 -0.5099999904632568 -0.4699999988079071 0.0 0.0 -0.5099999904632568 -0.4699999988079071 0.0 0.0 -0.5099999904632568 -0.4699999988079071 0.0 0.0 -0.4699999988079071 0.0
966 0.0 0.0 -0.5099999904632568 -0.4699999988079071 0.0 0.0 -0.5099999904632568 -0.4699999988079071 0.0 0.0 -0.5099999904632568 -0.4699999988079071 0.0 0.0 -0.5099999904632568 -0.4699999988079071 0.0 0.0 -0.5099999904632568 -0.4699999988079071 0.0 0.0 -0.5099999904632568 -0.4699999988079071 0.0 0.0 -0.5099999904632568 -0.4699999988079071 0.0 0.0 -0.5099999904632568 -0.4699999988079071 0.0 0.0 -0.5099999904632568 -0.4699999988079071 0.0 0.0 -0.5099999904632568 -0.4699999988079071 0.0 0.0 -0.5099999904632568 -0.4699999988079071 0.0 0.0 -0.5099999904632568 -0.4699999988079071 0.0 0.0 -0.5099999904632568 -0.4699999988079071 0.0 0.0 -0.5099999904632568 -0.4699999988079071 0.0 0.0 -0.5099999904632568 -0.4699999988079071 0.0 0.0 -0.4699999988079071
967 0.0 -0.5099999904632568 -0.4699999988079071 0.0 0.0 -0.5099999904632568 -0.4699999988079071 0.0 0.0 -0.5099999904632568 -0.4699999988079071 0.0 0.0 -0.5099999904632568 -0.4699999988079071 0.0 0.0 -0.5099999904632568 -0.4699999988079071 0.0 0.0 -0.5099999904632568 -0.4699999988079071 0.0 0.0 -0.5099999904632568 -0.4699999988079071 0.0 0.0 -0.5099999904632568 -0.4699999988079071 0.0 0.0 -0.5099999904632568 -0.4699999988079071 0.0 0.0 -0.5099999904632568 -0.4699999988079071 0.0 0.0 -0.5099999904632568 -0.4699999988079071 0.0 0.0 -0.5099999904632568 -0.4699999988079071 0.0 0.0 -0.5099999904632568 -0.4699999988079071 0.0 0.0 -0.5099999904632568 -0.4699999988079071 0.0 0.0 -0.5099999904632568 -0.4699999988079071 0.0 0.0 -0.4699999988079071 0.0
968 0.0 0.0 -0.5099999904632568 -0.4699999988079071 0.0 0.0 -0.5099999904632568 -0.4699999988079071 0.0 0.0 -0.5099999904632568 -0.4699999988079071 0.0 0.0 -0.5099999904632568 -0.4699999988079071 0.0 0.0 -0.5099999904632568 -0.4699999988079071 0.0 0.0 -0.5099999904632568 -0.4699999988079071 0.0 0.0 -0.5099999904632568 -0.4699999988079071 0.0 0.0 -0.5099999904632568 -0.4699999988079071 0.0 0.0 -0.5099999904632568 -0.4699999988079071 0.0 0.0 -0.5099999904632568 -0.4699999988079071 0.0 0.0 -0.5099999904632568 -0.4699999988079071 0.0 0.0 -0.5099999904632568 -0.4699999988079071 0.0 0.0 -0.5099999904632568 -0.4699999988079071 0.0 0.0 -0.5099999904632568 -0.4699999988079071 0.0 0.0 -0.5099999904632568 -0.4699999988079071 0.0 0.0 -0.4699999988079071 0.0
969 -0.5099999904632568 0.0 0.0 -0.5099999904632568 -0.4699999988079071 0.0 0.0 -0.5099999904632568 -0.4699999988079071 0.0 0.0 -0.5099999904632568 -0.4699999988079071 0.0 0.0 -0.5099999904632568 -0.4699999988079071 0.0 0.0 -0.5099999904632568 -0.4699999988079071 0.0 0.0 -0.5099999904632568 -0.4699999988079071 0.0 0.0 -0.5099999904632568 -0.4699999988079071 0.0 0.0 -0.5099999904632568 -0.4699999988079071 0.0 0.0 -0.5099999904632568 -0.4699999988079071 0.0 0.0 -0.5099999904632568 -0.4699999988079071 0.0 0.0 -0.5099999904632568 -0.4699999988079071 0.0 0.0 -0.5099999904632568 -0.4699999988079071 0.0 0.0 -0.5099999904632568 -0.4699999988079071 0.0 0.0 -0.5099999904632568 -0.4699999988079071 0.0 0.0 -0.5099999904632568 -0.4699999988079071 0.0 0.0 -0.4699999988079071 0.0
97 -0.5099999904632568 0.0 0.0 -0.5099999904632568 -0.4699999988079071 0.0 0.0 -0.5099999904632568 -0.4699999988079071 0.0 0.0 -0.5099999904632568 -0.4699999988079071 0.0 0.0 -0.5099999904632568 -0.4699999988079071 0.0 0.0 -0.5099999904632568 -0.4699999988079071 0.0 0.0 -0.5099999904632568 -0.4699999988079071 0.0 0.0 -0.5099999904632568 -0.4699999988079071 0.0 0.0 -0.5099999904632568 -0.4699999988079071 0.0 0.0 -0.5099999904632568 -0.4699999988079071 0.0 0.0 -0.5099999904632568 -0.4699999988079071 0.0 0.0 -0.5099999904632568 -0.4699999988079071 0.0 0.0 -0.5099999904632568 -0.4699999988079071 0.0 0.0 -0.5099999904632568 -0.4699999988079071 0.0 0.0 -0.5099999904632568 -0.4699999988079071 0.0 0.0 -0.5099999904632568 -0.4699999988079071 0.0 0.0 -0.4699999988079071 0.0
970 -0.5099999904632568 0.0 -0.5099999904632568 -0.4699999988079071 0.0 0.0 -0.5099999904632568 -0.4699999988079071 0.0 0.0 -0.5099999904632568 -0.4699999988079071 0.0 0.0 -0.5099999904632568 -0.4699999988079071 0.0 0.0 -0.5099999904632568 -0.4699999988079071 0.0 0.0 -0.5099999904632568 -0.4699999988079071 0.0 0.0 -0.5099999904632568 -0.4699999988079071 0.0 0.0 -0.5099999904632568 -0.4699999988079071 0.0 0.0 -0.5099999904632568 -0.4699999988079071 0.0 0.0 -0.5099999904632568 -0.4699999988079071 0.0 0.0 -0.5099999904632568 -0.4699999988079071 0.0 0.0 -0.5099999904632568 -0.4699999988079071 0.0 0.0 -0.5099999904632568 -0.4699999988079071 0.0 0.0 -0.5099999904632568 -0.4699999988079071 0.0 0.0 -0.5099999904632568 -0.4699999988079071 0.0 0.0 -0.4699999988079071 0.0
971 0.0 -0.5099999904632568 -0.4699999988079071 0.0 0.0 -0.5099999904632568 -0.4699999988079071 0.0 0.0 -0.5099999904632568 -0.4699999988079071 0.0 0.0 -0.5099999904632568 -0.4699999988079071 0.0 0.0 -0.5099999904632568 -0.4699999988079071 0.0 0.0 -0.5099999904632568 -0.4699999988079071 0.0 0.0 -0.5099999904632568 -0.4699999988079071 0.0 0.0 -0.5099999904632568 -0.4699999988079071 0.0 0.0 -0.5099999904632568 -0.4699999988079071 0.0 0.0 -0.5099999904632568 -0.4699999988079071 0.0 0.0 -0.5099999904632568 -0.4699999988079071 0.0 0.0 -0.5099999904632568 -0.4699999988079071 0.0 0.0 -0.5099999904632568 -0.4699999988079071 0.0 0.0 -0.5099999904632568 -0.4699999988079071 0.0 0.0 -0.5099999904632568 -0.4699999988079071 0.0 0.0 -0.4699999988079071 0.0
972 -0.5099999904632568 -0.5099999904632568 -0.5099999904632568 0.0 0.0 -0.5099999904632568 -0.4699999988079071 0.0 0.0 -0.5099999904632568 -0.4699999988079071 0.0 0.0 -0.5099999904632568 -0.4699999988079071 0.0 0.0 -0.5099999904632568 -0.4699999988079071 0.0 0.0 -0.5099999904632568 -0.4699999988079071 0.0 0.0 -0.5099999904632568 -0.4699999988079071 0.0 0.0 -0.5099999904632568 -0.4699999988079071 0.0 0.0 -0.5099999904632568 -0.4699999988079071 0.0 0.0 -0.5099999904632568 -0.4699999988079071 0.0 0.0 -0.5099999904632568 -0.4699999988079071 0.0 0.0 -0.5099999904632568 -0.4699999988079071 0.0 0.0 -0.5099999904632568 -0.4699999988079071 0.0 0.0 -0.5099999904632568 -0.4699999988079071 0.0 0.0 -0.5099999904632568 -0.4699999988079071 0.0 0.0 -0.5099999904632568 -0.4699999988079071 0.0 0.0 -0.4699999988079071 0.0
973 0.0 -0.5099999904632568 -0.5099999904632568 0.0 -0.5099999904632568 -0.4699999988079071 0.0 0.0 -0.5099999904632568 -0.4699999988079071 0.0 0.0 -0.5099999904632568 -0.4699999988079071 0.0 0.0 -0.5099999904632568 -0.4699999988079071 0.0 0.0 -0.5099999904632568 -0.4699999988079071 0.0 0.0 -0.5099999904632568 -0.4699999988079071 0.0 0.0 -0.5099999904632568 -0.4699999988079071 0.0 0.0 -0.5099999904632568 -0.4699999988079071 0.0 0.0 -0.5099999904632568 -0.4699999988079071 0.0 0.0 -0.5099999904632568 -0.4699999988079071 0.0 0.0 -0.5099999904632568 -0.4699999988079071 0.0 0.0 -0.5099999904632568 -0.4699999988079071 0.0 0.0 -0.5099999904632568 -0.4699999988079071 0.0 0.0 -0.5099999904632568 -0.4699999988079071 0.0 0.0 -0.5099999904632568 -0.4699999988079071 0.0 0.0 -0.4699999988079071 0.0
974 0.0 -0.5099999904632568 0.0 -0.5099999904632568 -0.5099999904632568 0.0 -0.5099999904632568 -0.4699999988079071 0.0 0.0 -0.5099999904632568 -0.4699999988079071 0.0 0.0 -0.5099999904632568 -0.4699999988079071 0.0 0.0 -0.5099999904632568 -0.4699999988079071 0.0 0.0 -0.5099999904632568 -0.4699999988079071 0.0 0.0 -0.5099999904632568 -0.4699999988079071 0.0 0.0 -0.5099999904632568 -0.4699999988079071 0.0 0.0 -0.5099999904632568 -0.4699999988079071 0.0 0.0 -0.5099999904632568 -0.4699999988079071 0.0 0.0 -0.5099999904632568 -0.4699999988079071 0.0 0.0 -0.5099999904632568 -0.4699999988079071 0.0 0.0 -0.5099999904632568 -0.4699999988079071 0.0 0.0 -0.5099999904632568 -0.4699999988079071 0.0 0.0 -0.5099999904632568 -0.4699999988079071 0.0 0.0 -0.5099999904632568 -0.4699999988079071 0.0 0.0 -0.4699999988079071 0.0
975 0.0 -0.5099999904632568 -0.4699999988079071 0.0 0.0 -0.5099999904632568 -0.4699999988079071 0.0 0.0 -0.5099999904632568 -0.4699999988079071 0.0 0.0 -0.5099999904632568 -0.4699999988079071 0.0 0.0 -0.5099999904632568 -0.4699999988079071 0.0 0.0 -0.5099999904632568 -0.4699999988079071 0.0 0.0 -0.5099999904632568 -0.4699999988079071 0.0 0.0 -0.5099999904632568 -0.4699999988079071 0.0 0.0 -0.5099999904632568 -0.4699999988079071 0.0 0.0 -0.5099999904632568 -0.4699999988079071 0.0 0.0 -0.5099999904632568 -0.4699999988079071 0.0 0.0 -0.5099999904632568 -0.4699999988079071 0.0 0.0 -0.5099999904632568 -0.4699999988079071 0.0 0.0 -0.5099999904632568 -0.4699999988079071 0.0 0.0 -0.5099999904632568 -0.4699999988079071 0.0 0.0 -0.5099999904632568 -0.4699999988079071 0.0
976 -0.4699999988079071 0.0 0.0 -0.5099999904632568 -0.4699999988079071 0.0 0.0 -0.5099999904632568 -0.28999999165534973 0.0 0.0 -0.5099999904632568 -0.4699999988079071 -0.019999999552965164 0.0 -0.5099999904632568 -0.4699999988079071 0.0 0.0 -0.5099999904632568 -0.5099999904632568 0.0 0.0 -0.5099999904632568 -0.4699999988079071 0.0 0.0 -0.5099999904632568 -0.4699999988079071 0.0 0.0 -0.5099999904632568 -0.4699999988079071 0.0 0.0 -0.5099999904632568 -0.4699999988079071 0.0 0.0 -0.5099999904632568 -0.4699999988079071 0.0 0.0 -0.5099999904632568 -0.4699999988079071 0.0 0.0 -0.5099999904632568 -0.4699999988079071 0.0 0.0 -0.5099999904632568 -0.4699999988079071 0.0 0.0 -0.5099999904632568 -0.4699999988079071 0.0 0.0 -0.5099999904632568 -0.4699999988079071 0.0 0.0 -0.5099999904632568 -0.4699999988079071 0.0 0.0 -0.5099999904632568 -0.4699999988079071 0.0 0.0 -0.5099999904632568 -0.4699999988079071 0.0 0.0 -0.5099999904632568 -0.4699999988079071 0.0 0.0 -0.5099999904632568 -0.4699999988079071 0.0 0.0 -0.4699999988079071 0.0
977 -0.5099999904632568 0.0 -0.5099999904632568 -0.4699999988079071 -0.019999999552965164 0.0 -0.5099999904632568 -0.4699999988079071 0.0 0.0 -0.5099999904632568 -0.4699999988079071 0.0 0.0 -0.5099999904632568 -0.4699999988079071 0.0 0.0 -0.5099999904632568 -0.4699999988079071 0.0 0.0 -0.5099999904632568 -0.28999999165534973 0.0 0.0 -0.5099999904632568 -0.4699999988079071 -0.5099999904632568 0.0 0.0 -0.5099999904632568 -0.4699999988079071 0.0 0.0 -0.5099999904632568 -0.4699999988079071 0.0 0.0 -0.5099999904632568 -0.4699999988079071 0.0 0.0 -0.5099999904632568 -0.4699999988079071 0.0 0.0 -0.5099999904632568 -0.4699999988079071 0.0 0.0 -0.5099999904632568 -0.4699999988079071 0.0 0.0 -0.5099999904632568 -0.4699999988079071 0.0 0.0 -0.5099999904632568 -0.4699999988079071 0.0 0.0 -0.5099999904632568 -0.4699999988079071 0.0 0.0 -0.5099999904632568 -0.4699999988079071 0.0 0.0 -0.5099999904632568 -0.4699999988079071 0.0 0.0 -0.5099999904632568 -0.4699999988079071 0.0 0.0 -0.5099999904632568 -0.4699999988079071 0.0 0.0 -0.5099999904632568 -0.4699999988079071 0.0 0.0 -0.5099999904632568 -0.4699999988079071 0.0 0.0 -0.4699999988079071
978 -0.5099999904632568 -0.4699999988079071 0.0 0.0 -0.5099999904632568 -0.5099999904632568 0.0 -0.5099999904632568 -0.4699999988079071 0.0 0.0 -0.5099999904632568 -0.4699999988079071 0.0 0.0 -0.5099999904632568 -0.4699999988079071 0.0 0.0 -0.5099999904632568 -0.4699999988079071 0.0 0.0 -0.5099999904632568 -0.4699999988079071 0.0 0.0 -0.5099999904632568 -0.4699999988079071 0.0 0.0 -0.5099999904632568 -0.4699999988079071 0.0 0.0 -0.5099999904632568 -0.4699999988079071 0.0 0.0 -0.5099999904632568 -0.4699999988079071 0.0 0.0 -0.5099999904632568 -0.4699999988079071 0.0 0.0 -0.5099999904632568 -0.4699999988079071 0.0 0.0 -0.5099999904632568 -0.4699999988079071 0.0 0.0 -0.5099999904632568 -0.4699999988079071 0.0 0.0 -0.5099999904632568 -0.4699999988079071 0.0 0.0 -0.5099999904632568 -0.4699999988079071 0.0 0.0 -0.5099999904632568
979 0.0 0.0 -0.5099999904632568 -0.4699999988079071 0.0 0.0 -0.5099999904632568 -0.28999999165534973 -0.5099999904632568 0.0 -0.5099999904632568 -0.4699999988079071 0.0 0.0 -0.5099999904632568 -0.4699999988079071 0.0 0.0 -0.5099999904632568 -0.4699999988079071 0.0 0.0 -0.5099999904632568 -0.4699999988079071 0.0 0.0 -0.5099999904632568 -0.4699999988079071 0.0 0.0 -0.5099999904632568 -0.4699999988079071 0.0 0.0 -0.5099999904632568 -0.4699999988079071 0.0 0.0 -0.5099999904632568 -0.4699999988079071 0.0 0.0 -0.5099999904632568 -0.4699999988079071 0.0 0.0 -0.5099999904632568 -0.4699999988079071 0.0 0.0 -0.5099999904632568 -0.4699999988079071 0.0 0.0 -0.5099999904632568 -0.4699999988079071 0.0 0.0 -0.5099999904632568 -0.4699999988079071 0.0 0.0 -0.5099999904632568 -0.4699999988079071 0.0 0.0 -0.5099999904632568 -0.28999999165534973
98 -0.5099999904632568 0.0 -0.5099999904632568 -0.4699999988079071 0.0 0.0 -0.5099999904632568 -0.4699999988079071 0.0 0.0 -0.5099999904632568 -0.4699999988079071 0.0 0.0 -0.5099999904632568 -0.4699999988079071 0.0 0.0 -0.5099999904632568 -0.4699999988079071 0.0 0.0 -0.5099999904632568 -0.4699999988079071 0.0 0.0 -0.5099999904632568 -0.4699999988079071 0.0 0.0 -0.5099999904632568 -0.4699999988079071 0.0 0.0 -0.5099999904632568 -0.4699999988079071 0.0 0.0 -0.5099999904632568 -0.4699999988079071 0.0 0.0 -0.5099999904632568 -0.4699999988079071 0.0 0.0 -0.5099999904632568 -0.4699999988079071 0.0 0.0 -0.5099999904632568 -0.4699999988079071 0.0 0.0 -0.5099999904632568 -0.4699999988079071 0.0 0.0 -0.5099999904632568 -0.4699999988079071 0.0 0.0 -0.4699999988079071 0.0
980 -0.5099999904632568 0.0 -0.4699999988079071 0.0 0.0 -0.5099999904632568 -0.4699999988079071 0.0 0.0 -0.5099999904632568 -0.4699999988079071 0.0 0.0 -0.5099999904632568 -0.28999999165534973 0.0 0.0 -0.5099999904632568 -0.4699999988079071 -0.019999999552965164 0.0 -0.5099999904632568 -0.4699999988079071 0.0 0.0 -0.5099999904632568 -0.5099999904632568 0.0 0.0 -0.5099999904632568 -0.4699999988079071 0.0 0.0 -0.5099999904632568 -0.4699999988079071 0.0 0.0 -0.5099999904632568 -0.4699999988079071 0.0 0.0 -0.5099999904632568 -0.4699999988079071 0.0 0.0 -0.5099999904632568 -0.4699999988079071 0.0 0.0 -0.5099999904632568 -0.4699999988079071 0.0 0.0 -0.5099999904632568 -0.4699999988079071 0.0 0.0 -0.5099999904632568 -0.4699999988079071 0.0 0.0 -0.5099999904632568 -0.4699999988079071 0.0 0.0 -0.5099999904632568 -0.4699999988079071 0.0 0.0 -0.5099999904632568 -0.4699999988079071 0.0 0.0 -0.5099999904632568 -0.4699999988079071 0.0 0.0 -0.5099999904632568 -0.4699999988079071 0.0 0.0 -0.5099999904632568 -0.28999999165534973 0.0
981 0.0 -0.5099999904632568 -0.4699999988079071 0.0 0.0 -0.5099999904632568 -0.4699999988079071 -0.019999999552965164 0.0 -0.5099999904632568 -0.4699999988079071 0.0 0.0 -0.5099999904632568 -0.4699999988079071 0.0 0.0 -0.5099999904632568 -0.4699999988079071 0.0 0.0 -0.5099999904632568 -0.4699999988079071 0.0 0.0 -0.5099999904632568 -0.28999999165534973 -0.5099999904632568 0.0 0.0 -0.5099999904632568 -0.4699999988079071 0.0 0.0 -0.5099999904632568 -0.4699999988079071 0.0 0.0 -0.5099999904632568 -0.4699999988079071 0.0 0.0 -0.5099999904632568 -0.4699999988079071 0.0 0.0 -0.5099999904632568 -0.4699999988079071 0.0 0.0 -0.5099999904632568 -0.4699999988079071 0.0 0.0 -0.5099999904632568 -0.4699999988079071 0.0 0.0 -0.5099999904632568 -0.4699999988079071 0.0 0.0 -0.5099999904632568 -0.4699999988079071 0.0 0.0 -0.5099999904632568 -0.4699999988079071 0.0 0.0 -0.5099999904632568 -0.4699999988079071 0.0 0.0 -0.5099999904632568 -0.4699999988079071 0.0 0.0 -0.5099999904632568 -0.28999999165534973 0.0 0.0 -0.5099999904632568 -0.4699999988079071 0.0
982 0.0 0.0 -0.5099999904632568 -0.5099999904632568 0.0 0.0 -0.5099999904632568 -0.4699999988079071 0.0 0.0 -0.5099999904632568 -0.4699999988079071 0.0 0.0 -0.5099999904632568 -0.4699999988079071 0.0 0.0 -0.5099999904632568 -0.4699999988079071 0.0 0.0 -0.5099999904632568 -0.4699999988079071 0.0 0.0 -0.5099999904632568 -0.4699999988079071 0.0 0.0 -0.5099999904632568 -0.4699999988079071 0.0 0.0 -0.5099999904632568 -0.4699999988079071 0.0 0.0 -0.5099999904632568 -0.4699999988079071 0.0 0.0 -0.5099999904632568 -0.4699999988079071 0.0 0.0 -0.5099999904632568 -0.4699999988079071 0.0 0.0 -0.5099999904632568 -0.28999999165534973 0.0 0.0 -0.5099999904632568 -0.4699999988079071 0.0 0.0 -0.5099999904632568 -0.28999999165534973
983 0.0 0.0 -0.5099999904632568 -0.4699999988079071 0.0 0.0 -0.5099999904632568 -0.28999999165534973 0.0 0.0 -0.5099999904632568 -0.5099999904632568 0.0 -0.5099999904632568 -0.4699999988079071 0.0 0.0 -0.5099999904632568 -0.4699999988079071 0.0 0.0 -0.5099999904632568 -0.4699999988079071 0.0 0.0 -0.5099999904632568 -0.4699999988079071 0.0 0.0 -0.5099999904632568 -0.4699999988079071 0.0 0.0 -0.5099999904632568 -0.4699999988079071 0.0 0.0 -0.5099999904632568 -0.4699999988079071 0.0 0.0 -0.5099999904632568 -0.4699999988079071 0.0 0.0 -0.5099999904632568 -0.4699999988079071 0.0 0.0 -0.5099999904632568 -0.4699999988079071 0.0 0.0 -0.5099999904632568 -0.28999999165534973 0.0 0.0 -0.5099999904632568 -0.4699999988079071 0.0 0.0 -0.5099999904632568 -0.28999999165534973
984 -0.4699999988079071 0.0 0.0 -0.5099999904632568 -0.4699999988079071 0.0 0.0 -0.5099999904632568 -0.4699999988079071 0.0 0.0 -0.5099999904632568 -0.28999999165534973 0.0 -0.5099999904632568 0.0 -0.5099999904632568 -0.4699999988079071 0.0 0.0 -0.5099999904632568 -0.4699999988079071 0.0 0.0 -0.5099999904632568 -0.4699999988079071 0.0 0.0 -0.5099999904632568 -0.4699999988079071 0.0 0.0 -0.5099999904632568 -0.4699999988079071 0.0 0.0 -0.5099999904632568 -0.4699999988079071 0.0 0.0 -0.5099999904632568 -0.4699999988079071 0.0 0.0 -0.5099999904632568 -0.4699999988079071 0.0 0.0 -0.5099999904632568 -0.4699999988079071 0.0 0.0 -0.5099999904632568 -0.28999999165534973 0.0 0.0 -0.5099999904632568 -0.4699999988079071 0.0 0.0 -0.5099999904632568 -0.28999999165534973
985 -0.5099999904632568 0.0 -0.5099999904632568 -0.4699999988079071 0.0 0.0 -0.5099999904632568 -0.4699999988079071 0.0 0.0 -0.5099999904632568 -0.4699999988079071 0.0 0.0 -0.5099999904632568 -0.4699999988079071 0.0 0.0 -0.5099999904632568 -0.4699999988079071 0.0 0.0 -0.5099999904632568 -0.4699999988079071 0.0 0.0 -0.5099999904632568 -0.4699999988079071 0.0 0.0 -0.5099999904632568 -0.4699999988079071 0.0 0.0 -0.5099999904632568 -0.28999999165534973 0.0 0.0 -0.5099999904632568 -0.4699999988079071 0.0 0.0 -0.5099999904632568 -0.28999999165534973 0.0 0.0 -0.5099999904632568 -0.4699999988079071 0.0 0.0 -0.5099999904632568
986 -0.5099999904632568 0.0 -0.5099999904632568 -0.4699999988079071 0.0 0.0 -0.5099999904632568 -0.4699999988079071 0.0 0.0 -0.5099999904632568 -0.4699999988079071 0.0 0.0 -0.5099999904632568 -0.4699999988079071 0.0 0.0 -0.5099999904632568 -0.4699999988079071 0.0 0.0 -0.5099999904632568 -0.28999999165534973 0.0 0.0 -0.5099999904632568 -0.4699999988079071 0.0 0.0 -0.5099999904632568 -0.28999999165534973 0.0 0.0 -0.5099999904632568 -0.4699999988079071 -0.019999999552965164 0.0 -0.5099999904632568 -0.4699999988079071
987 -0.5099999904632568 -0.5099999904632568 0.0 -0.5099999904632568 -0.4699999988079071 0.0 0.0 -0.5099999904632568 -0.4699999988079071 0.0 0.0 -0.5099999904632568 -0.4699999988079071 0.0 0.0 -0.5099999904632568 -0.4699999988079071 0.0 0.0 -0.5099999904632568 -0.28999999165534973 0.0 0.0 -0.5099999904632568 -0.4699999988079071 0.0 0.0 -0.5099999904632568 -0.28999999165534973 0.0 0.0 -0.5099999904632568 -0.4699999988079071 -0.019999999552965164 0.0 -0.5099999904632568 -0.4699999988079071 -0.019999999552965164 0.0 -0.5099999904632568 -0.28999999165534973
988 -0.5099999904632568 0.0 0.0 -0.5099999904632568 -0.4699999988079071 0.0 0.0 -0.5099999904632568 -0.4699999988079071 0.0 0.0 -0.5099999904632568 -0.4699999988079071 0.0 0.0 -0.5099999904632568 -0.28999999165534973 0.0 0.0 -0.5099999904632568 -0.4699999988079071 0.0 0.0 -0.5099999904632568 -0.28999999165534973 0.0 0.0 -0.5099999904632568 -0.4699999988079071 -0.019999999552965164 0.0 -0.5099999904632568 -0.4699999988079071 -0.019999999552965164 0.0 -0.5099999904632568 -0.28999999165534973 0.0 0.0 -0.4699999988079071
989 0.0 -0.5099999904632568 -0.28999999165534973 0.0 0.0 -0.5099999904632568 -0.4699999988079071 0.0 0.0 -0.5099999904632568 -0.28999999165534973 0.0 0.0 -0.5099999904632568 -0.4699999988079071 -0.019999999552965164 0.0 -0.5099999904632568 -0.4699999988079071 -0.019999999552965164 0.0 -0.5099999904632568 -0.28999999165534973 0.0 0.0 -0.5099999904632568 -0.4699999988079071 0.0 0.0 -0.5099999904632568 -0.4699999988079071
99 -0.5099999904632568 0.0 -0.5099999904632568 -0.4699999988079071 0.0 0.0 -0.5099999904632568 -0.4699999988079071 0.0 0.0 -0.5099999904632568 -0.4699999988079071 0.0 0.0 -0.5099999904632568 -0.4699999988079071 0.0 0.0 -0.5099999904632568 -0.4699999988079071 0.0 0.0 -0.5099999904632568 -0.4699999988079071 0.0 0.0 -0.5099999904632568 -0.4699999988079071 0.0 0.0 -0.5099999904632568 -0.4699999988079071 0.0 0.0 -0.5099999904632568 -0.4699999988079071 0.0 0.0 -0.5099999904632568 -0.4699999988079071 0.0 0.0 -0.5099999904632568 -0.4699999988079071 0.0 0.0 -0.5099999904632568 -0.4699999988079071 0.0 0.0 -0.5099999904632568 -0.4699999988079071 0.0 0.0 -0.5099999904632568 -0.4699999988079071 0.0 0.0 -0.5099999904632568 -0.4699999988079071 0.0 0.0 -0.4699999988079071 0.0 -0.28999999165534973 0.0 0.0 -0.5099999904632568 -0.4699999988079071 0.0 0.0 -0.5099999904632568 -0.4699999988079071 0.0 0.0 -0.4699999988079071 -0.019999999552965164 0.0 -0.4699999988079071 0.0 0.0 -0.5099999904632568
990 0.0 -0.4699999988079071 0.0 0.0 -0.5099999904632568 -0.28999999165534973 0.0 0.0 -0.5099999904632568 -0.4699999988079071 -0.019999999552965164 0.0 -0.5099999904632568 -0.4699999988079071 -0.019999999552965164 0.0 -0.5099999904632568 -0.28999999165534973 0.0 0.0 -0.5099999904632568 -0.4699999988079071 0.0 0.0 -0.5099999904632568 -0.4699999988079071 0.0 0.0
991 -0.5099999904632568 -0.28999999165534973 0.0 0.0 -0.5099999904632568 -0.4699999988079071 -0.019999999552965164 0.0 -0.5099999904632568 -0.4699999988079071 -0.019999999552965164 0.0 -0.5099999904632568 -0.28999999165534973 0.0 0.0 -0.5099999904632568 -0.4699999988079071 0.0 0.0 -0.5099999904632568 -0.4699999988079071 0.0 0.0 -0.5099999904632568 -0.4699999988079071 0.0 0.0 -0.5099999904632568
992 0.0 -0.5099999904632568 -0.4699999988079071 -0.019999999552965164 0.0 -0.5099999904632568 -0.4699999988079071 -0.019999999552965164 0.0 -0.5099999904632568 -0.28999999165534973 0.0 0.0 -0.5099999904632568 -0.4699999988079071 0.0 0.0 -0.5099999904632568 -0.4699999988079071 0.0 0.0 -0.5099999904632568 -0.4699999988079071 0.0 0.0 -0.5099999904632568 -0.28999999165534973 0.0 0.0 -0.5099999904632568 -0.4699999988079071
993 -0.4699999988079071 -0.019999999552965164 0.0 -0.5099999904632568 -0.28999999165534973 0.0 0.0 -0.5099999904632568 -0.4699999988079071 0.0 0.0 -0.5099999904632568 -0.4699999988079071 0.0 0.0 -0.5099999904632568 -0.4699999988079071 0.0 0.0 -0.5099999904632568 -0.28999999165534973 0.0 0.0 -0.5099999904632568 -0.4699999988079071 0.0 -0.5099999904632568
994 -0.28999999165534973 0.0 0.0 -0.5099999904632568 -0.4699999988079071 0.0 0.0 -0.5099999904632568 -0.4699999988079071 0.0 0.0 -0.5099999904632568 -0.4699999988079071 0.0 0.0 -0.5099999904632568 -0.28999999165534973 0.0 0.0 -0.5099999904632568 -0.4699999988079071 0.0 0.0 -0.5099999904632568 -0.28999999165534973 0.0
995 -0.4699999988079071 0.0 0.0 -0.5099999904632568 -0.4699999988079071 0.0 0.0 -0.5099999904632568 -0.4699999988079071 0.0 0.0 -0.5099999904632568 -0.28999999165534973 0.0 0.0 -0.5099999904632568 -0.4699999988079071 0.0 0.0 -0.5099999904632568 -0.28999999165534973 0.0 0.0 -0.5099999904632568 -0.4699999988079071 -0.019999999552965164 0.0 -0.5099999904632568
996 0.0 -0.5099999904632568 -0.4699999988079071 0.0 0.0 -0.5099999904632568 -0.4699999988079071 0.0 0.0 -0.5099999904632568 -0.28999999165534973 0.0 0.0 -0.5099999904632568 -0.4699999988079071 0.0 0.0 -0.5099999904632568 -0.28999999165534973 0.0 0.0 -0.5099999904632568 -0.4699999988079071 -0.019999999552965164 0.0 -0.5099999904632568 -0.4699999988079071 0.0 0.0 -0.5099999904632568 -0.4699999988079071 -0.019999999552965164
997 0.0 0.0 -0.5099999904632568 -0.28999999165534973 0.0 0.0 -0.5099999904632568 -0.4699999988079071 0.0 0.0 -0.5099999904632568 -0.28999999165534973 0.0 0.0 -0.5099999904632568 -0.4699999988079071 -0.019999999552965164 0.0 -0.5099999904632568 -0.4699999988079071 0.0 0.0 -0.5099999904632568 -0.4699999988079071 -0.019999999552965164 0.0 -0.5099999904632568 -0.4699999988079071 -0.5099999904632568 -0.28999999165534973 0.0 0.0 -0.4699999988079071 0.0 -0.5099999904632568
998 -0.28999999165534973 0.0 0.0 -0.5099999904632568 -0.4699999988079071 0.0 0.0 -0.5099999904632568 -0.28999999165534973 0.0 0.0 -0.5099999904632568 -0.4699999988079071 -0.019999999552965164 0.0 -0.5099999904632568 -0.4699999988079071 0.0 0.0 -0.5099999904632568 -0.4699999988079071 -0.019999999552965164 0.0 -0.5099999904632568 -0.4699999988079071 0.0 0.0 -0.4699999988079071
999 -0.4699999988079071 0.0 0.0 -0.5099999904632568 -0.28999999165534973 0.0 0.0 -0.5099999904632568 -0.4699999988079071 -0.019999999552965164 0.0 -0.5099999904632568 -0.4699999988079071 0.0 0.0 -0.5099999904632568 -0.4699999988079071 -0.019999999552965164 0.0 -0.5099999904632568 -0.4699999988079071 0.0 0.0 -0.5099999904632568 -0.4699999988079071 0.0 0.0 -0.5099999904632568 -0.4699999988079071 0.0 0.0 -0.4699999988079071
