Q15349,#,SEQ,SS,ASA,Phi,Psi,Theta(i-1=>i+1),Tau(i-2=>i+2),HSE_alpha_up,HSE_alpha_down,P(C),P(H),P(E),flexibility
0,1,M,C,129.3,-93.2,130.5,113.9,136.9,6.6,7.9,0.981,0.019,0.001,0.560
1,2,D,C,104.4,-81.0,119.7,109.0,-109.3,4.3,12.7,0.907,0.085,0.008,0.577
2,3,L,C,96.1,-73.7,-17.6,100.3,-142.1,9.0,12.2,0.737,0.257,0.006,0.595
3,4,S,C,66.9,-74.2,-22.1,99.9,65.6,5.4,13.9,0.692,0.305,0.003,0.624
4,5,M,C,92.8,-73.9,-24.6,98.9,62.6,8.6,14.0,0.539,0.456,0.004,0.665
5,6,K,C,96.1,-74.0,-23.8,99.8,66.5,9.9,14.1,0.506,0.488,0.006,0.700
6,7,K,H,117.1,-75.1,-24.5,100.0,64.4,5.6,15.9,0.455,0.538,0.007,0.741
7,8,F,H,94.1,-82.5,-2.1,104.7,61.9,8.7,16.0,0.393,0.599,0.008,0.771
8,9,A,H,35.1,-79.8,-16.9,106.0,91.5,11.5,17.0,0.358,0.632,0.010,0.794
9,10,V,H,41.3,-83.5,-8.8,105.9,91.6,13.2,17.6,0.299,0.684,0.018,0.816
10,11,R,H,96.8,-82.5,-17.6,105.4,92.7,10.4,17.8,0.274,0.708,0.018,0.836
11,12,R,H,97.6,-84.3,-0.1,106.6,90.9,9.5,18.1,0.293,0.689,0.018,0.860
12,13,F,H,52.6,-79.8,-23.7,103.3,88.8,13.3,17.8,0.239,0.747,0.014,0.882
13,14,F,H,51.4,-83.9,-20.6,105.9,74.7,13.7,18.0,0.224,0.751,0.025,0.887
14,15,S,H,33.5,-82.3,-26.4,107.0,101.3,11.1,18.1,0.243,0.723,0.034,0.880
15,16,V,H,51.2,-70.6,-35.8,97.5,70.4,11.2,17.8,0.193,0.765,0.042,0.878
16,17,Y,H,64.5,-69.4,-38.2,96.1,53.4,13.0,17.4,0.206,0.748,0.046,0.858
17,18,L,H,52.5,-68.3,-37.7,95.2,54.0,13.3,16.0,0.229,0.752,0.019,0.844
18,19,R,H,118.3,-67.8,-36.2,94.7,54.1,6.6,16.3,0.327,0.657,0.016,0.819
19,20,R,H,125.2,-69.4,-33.3,94.5,52.4,5.4,15.3,0.406,0.585,0.009,0.789
20,21,K,C,109.1,-70.5,-31.4,95.7,54.0,6.4,14.5,0.525,0.465,0.010,0.753
21,22,S,C,66.1,-73.8,-25.5,98.3,58.4,5.5,13.6,0.606,0.379,0.015,0.720
22,23,R,C,135.0,-75.5,-19.9,98.6,61.5,5.3,12.9,0.630,0.350,0.019,0.690
23,24,S,C,65.9,-79.8,-13.5,101.2,64.7,6.3,11.6,0.729,0.249,0.022,0.671
24,25,K,C,125.3,-79.9,-7.5,100.8,69.2,5.5,12.4,0.784,0.196,0.020,0.666
25,26,S,C,65.6,-79.7,-10.0,103.0,78.0,6.4,11.5,0.808,0.179,0.014,0.664
26,27,S,C,73.8,-73.7,-20.6,99.0,71.4,4.6,13.8,0.799,0.194,0.007,0.657
27,28,S,C,65.7,-80.6,-11.5,100.4,61.3,6.2,13.9,0.805,0.189,0.007,0.655
28,29,L,C,68.6,-76.0,-21.5,100.9,73.5,12.1,11.2,0.738,0.256,0.006,0.668
29,30,S,C,69.1,-73.4,-27.0,99.7,71.9,4.7,14.3,0.699,0.291,0.010,0.677
30,31,R,C,132.4,-70.9,-29.9,97.0,57.9,4.7,15.1,0.504,0.474,0.022,0.685
31,32,L,H,61.2,-71.8,-31.4,96.6,59.0,12.4,12.5,0.462,0.502,0.036,0.702
32,33,E,C,104.1,-69.2,-32.0,96.3,63.1,7.1,14.6,0.483,0.470,0.047,0.719
33,34,E,C,123.4,-73.0,-26.1,96.5,57.0,3.3,14.8,0.553,0.400,0.047,0.726
34,35,E,C,101.6,-83.3,-4.2,100.9,58.3,7.5,13.4,0.726,0.235,0.040,0.719
35,36,G,C,40.2,65.5,-3.8,102.9,-76.4,8.7,16.2,0.926,0.044,0.030,0.710
36,37,V,C,74.5,-99.2,123.5,114.0,100.3,8.2,15.8,0.692,0.024,0.284,0.724
37,38,V,E,58.6,-99.6,131.1,117.7,-177.9,14.3,13.0,0.418,0.015,0.567,0.750
38,39,K,E,102.0,-119.7,138.4,124.6,-168.3,7.3,18.1,0.277,0.018,0.704,0.759
39,40,E,E,110.9,-97.5,130.5,117.4,-136.8,8.5,17.9,0.282,0.021,0.697,0.753
40,41,I,C,30.5,-115.4,133.9,122.6,-168.0,18.5,12.8,0.560,0.018,0.423,0.759
41,42,D,C,94.1,-80.9,115.5,108.2,-124.5,4.3,23.8,0.758,0.028,0.214,0.755
42,43,I,C,19.4,-88.1,-2.1,101.9,-171.8,22.8,12.9,0.587,0.372,0.041,0.755
43,44,S,H,53.2,-69.1,-33.1,97.5,79.7,11.2,17.5,0.477,0.478,0.044,0.752
44,45,H,H,115.2,-74.4,-24.7,95.8,51.9,4.8,19.3,0.389,0.562,0.049,0.760
45,46,H,H,59.2,-86.1,-21.7,99.0,47.5,12.9,16.3,0.374,0.518,0.108,0.784
46,47,V,C,26.5,-86.5,-1.3,103.8,61.7,20.1,13.0,0.478,0.350,0.172,0.789
47,48,K,C,105.0,-82.0,-1.0,103.2,71.3,8.8,16.6,0.688,0.209,0.103,0.773
48,49,E,C,121.7,-79.8,77.1,106.0,70.6,5.4,15.6,0.792,0.156,0.053,0.757
49,50,G,C,43.7,81.0,-2.0,103.2,15.4,6.5,17.3,0.912,0.066,0.023,0.738
50,51,F,C,58.1,-95.8,132.6,117.2,112.4,17.4,12.2,0.782,0.089,0.129,0.739
51,52,E,C,99.0,-101.4,143.8,120.5,-152.7,7.4,19.9,0.738,0.057,0.205,0.736
52,53,K,C,101.3,-80.6,132.2,113.3,-109.1,11.5,18.8,0.659,0.039,0.302,0.747
53,54,A,C,19.9,-94.2,138.3,117.0,-146.1,20.7,14.1,0.925,0.002,0.073,0.766
54,55,D,C,64.0,-111.8,149.4,125.7,-147.4,7.1,24.4,0.988,0.000,0.012,0.782
55,56,P,H,50.9,-62.5,-28.6,91.8,-110.5,18.1,14.3,0.238,0.761,0.001,0.783
56,57,S,H,81.5,-73.0,-17.5,91.2,62.0,2.8,19.8,0.258,0.740,0.002,0.797
57,58,Q,H,64.0,-96.0,-4.3,97.8,51.3,11.3,17.3,0.237,0.760,0.003,0.819
58,59,F,E,8.7,-110.6,140.8,127.0,82.7,25.2,12.6,0.335,0.011,0.654,0.857
59,60,E,E,95.2,-117.5,132.9,122.7,-160.8,5.8,26.3,0.046,0.001,0.953,0.894
60,61,L,E,48.4,-76.9,124.0,110.8,-122.7,18.3,16.4,0.024,0.000,0.976,0.904
61,62,L,E,56.3,-97.3,-31.3,101.0,176.0,10.2,18.0,0.030,0.000,0.970,0.899
62,63,K,E,86.2,-154.0,151.8,139.6,-5.9,5.9,24.2,0.013,0.000,0.987,0.894
63,64,V,E,61.8,-79.6,124.0,111.4,-118.5,15.5,18.2,0.011,0.000,0.989,0.863
64,65,L,E,32.7,-98.4,-24.0,102.1,174.1,16.8,16.7,0.042,0.000,0.957,0.818
65,66,G,E,13.1,154.8,176.3,145.8,-48.1,11.4,23.0,0.099,0.000,0.900,0.773
66,67,Q,E,85.7,-124.6,142.7,127.2,-108.8,11.3,21.6,0.134,0.001,0.865,0.739
67,68,G,C,19.6,-136.5,178.9,133.6,173.5,12.8,17.2,0.722,0.017,0.261,0.732
68,69,S,C,75.0,-70.3,-22.3,95.6,-75.8,6.8,17.9,0.947,0.033,0.020,0.741
69,70,Y,C,105.2,-97.3,-1.4,100.9,35.1,9.3,17.1,0.941,0.032,0.027,0.767
70,71,G,C,13.2,119.2,-174.1,129.0,-90.4,14.2,20.6,0.704,0.012,0.284,0.808
71,72,K,E,79.8,-101.0,142.0,120.9,-39.6,10.9,23.2,0.169,0.002,0.829,0.847
72,73,V,E,9.5,-110.9,133.6,122.9,-145.6,24.3,19.7,0.023,0.000,0.977,0.892
73,74,F,E,24.8,-128.6,145.1,131.1,-173.0,18.6,25.0,0.008,0.000,0.992,0.922
74,75,L,E,30.5,-90.5,129.0,115.3,-131.7,17.4,26.2,0.013,0.000,0.987,0.938
75,76,V,E,5.4,-116.0,135.4,124.8,-164.1,25.4,18.1,0.011,0.000,0.989,0.931
76,77,R,E,72.6,-125.6,140.2,127.7,-169.1,11.2,26.7,0.012,0.000,0.988,0.900
77,78,K,E,67.1,-78.9,128.8,112.5,-121.3,16.8,19.4,0.043,0.001,0.957,0.863
78,79,V,E,39.5,-101.7,127.1,114.7,-163.0,15.9,16.0,0.210,0.004,0.785,0.835
79,80,K,E,107.2,-114.8,138.8,122.8,-131.0,7.0,20.0,0.405,0.006,0.589,0.791
80,81,G,C,27.4,128.4,-171.6,123.8,41.4,10.6,16.5,0.852,0.013,0.135,0.774
81,82,S,C,72.8,-71.1,-26.1,97.0,-78.5,6.4,15.7,0.909,0.072,0.019,0.767
82,83,D,C,104.3,-72.3,-28.6,95.1,50.9,2.5,16.0,0.892,0.100,0.008,0.770
83,84,A,C,54.6,-89.4,-6.7,97.6,44.4,7.9,13.6,0.887,0.098,0.015,0.773
84,85,G,C,45.1,83.6,7.7,95.9,-105.6,6.1,15.5,0.972,0.014,0.013,0.773
85,86,Q,C,75.9,-88.6,144.9,121.2,131.8,7.9,19.2,0.720,0.009,0.271,0.807
86,87,L,E,36.1,-84.0,130.7,114.5,-125.4,18.4,19.5,0.114,0.001,0.885,0.846
87,88,Y,E,19.2,-134.3,150.3,134.3,-176.8,20.9,25.7,0.015,0.000,0.985,0.882
88,89,A,E,4.9,-112.4,135.9,123.4,-139.6,24.2,26.9,0.008,0.000,0.992,0.916
89,90,M,E,4.5,-124.1,138.7,128.0,-168.5,25.1,27.4,0.006,0.000,0.994,0.922
90,91,K,E,12.8,-104.6,132.0,120.1,-147.6,22.9,26.6,0.005,0.000,0.995,0.929
91,92,V,E,16.9,-108.9,127.6,119.4,-153.3,19.4,27.0,0.004,0.000,0.996,0.916
92,93,L,E,9.6,-108.6,134.4,122.1,-160.8,24.1,19.1,0.037,0.000,0.963,0.916
93,94,K,E,65.5,-77.5,136.6,113.2,-120.7,9.5,24.7,0.312,0.001,0.687,0.897
94,95,K,H,76.4,-62.0,-33.6,93.5,-119.6,16.9,14.2,0.157,0.843,0.000,0.891
95,96,A,H,76.2,-69.0,-29.2,94.1,60.2,3.2,18.4,0.203,0.797,0.000,0.875
96,97,T,H,62.9,-91.1,-8.8,99.7,48.4,7.9,16.1,0.191,0.808,0.001,0.865
97,98,L,C,34.3,-89.0,121.1,111.8,85.9,19.6,10.0,0.607,0.386,0.007,0.863
98,99,K,C,109.3,-85.6,105.6,108.6,176.1,6.5,18.9,0.753,0.236,0.011,0.862
99,100,V,H,67.5,-74.2,-22.6,101.7,118.0,11.0,15.2,0.492,0.498,0.010,0.865
100,101,R,H,119.9,-75.2,-26.7,99.9,71.5,7.8,16.3,0.376,0.616,0.008,0.872
101,102,D,H,64.7,-80.3,-13.3,102.2,58.2,8.8,16.6,0.353,0.638,0.009,0.878
102,103,R,H,107.8,-69.8,-32.3,97.3,69.1,9.9,16.7,0.256,0.727,0.018,0.861
103,104,V,H,62.0,-72.8,-37.6,99.1,59.6,9.6,18.3,0.217,0.760,0.023,0.845
104,105,R,H,67.9,-74.3,-30.8,98.9,54.1,11.8,18.7,0.219,0.769,0.012,0.822
105,106,S,H,24.4,-70.2,-40.9,99.3,66.0,15.6,18.0,0.201,0.789,0.010,0.808
106,107,K,H,102.7,-64.5,-37.4,93.6,48.8,7.6,21.3,0.153,0.844,0.003,0.801
107,108,M,H,55.2,-67.0,-39.7,94.3,51.3,10.0,20.8,0.103,0.896,0.001,0.809
108,109,E,H,19.3,-65.5,-41.7,94.2,51.6,21.1,18.8,0.038,0.962,0.000,0.831
109,110,R,H,53.2,-63.1,-41.0,93.2,53.0,17.2,21.6,0.008,0.992,0.000,0.847
110,111,D,H,73.7,-65.7,-39.1,92.5,51.0,5.2,25.2,0.006,0.994,0.000,0.852
111,112,I,H,12.9,-65.9,-43.1,93.9,50.5,19.8,21.5,0.003,0.997,0.000,0.852
112,113,L,H,5.0,-65.1,-41.5,93.8,51.2,25.6,19.4,0.003,0.997,0.000,0.839
113,114,A,H,51.6,-66.3,-36.0,92.6,53.6,9.5,21.3,0.024,0.976,0.000,0.823
114,115,E,H,95.8,-74.5,-29.1,93.8,49.9,6.5,22.2,0.240,0.760,0.000,0.827
115,116,V,C,6.2,-87.6,-3.3,102.3,56.4,23.4,14.6,0.811,0.187,0.003,0.839
116,117,N,C,92.0,57.5,42.2,97.3,-123.9,7.2,24.6,0.998,0.001,0.001,0.847
117,118,H,C,10.5,-92.9,146.3,122.6,168.6,24.5,15.8,0.997,0.000,0.003,0.872
118,119,P,C,59.7,-70.6,-22.8,92.8,-133.9,11.1,24.8,0.998,0.001,0.001,0.884
119,120,F,C,29.2,-97.6,-1.8,98.8,49.0,19.7,21.9,0.994,0.002,0.005,0.901
120,121,I,E,5.1,-101.7,133.2,121.7,91.3,25.6,21.2,0.429,0.000,0.571,0.911
121,122,V,E,3.7,-108.5,126.9,119.5,-157.0,25.9,21.8,0.198,0.000,0.801,0.931
122,123,K,E,68.1,-94.6,124.7,114.3,-141.3,12.8,27.9,0.273,0.000,0.726,0.931
123,124,L,E,4.3,-84.6,127.2,113.7,-139.3,26.3,18.8,0.102,0.000,0.898,0.936
124,125,H,E,54.9,-93.1,-28.4,101.3,-179.8,15.0,25.2,0.054,0.000,0.946,0.943
125,126,Y,E,27.2,-155.9,153.5,141.5,1.9,18.8,27.1,0.013,0.000,0.987,0.925
126,127,A,E,4.3,-131.5,142.0,131.3,-167.3,25.1,20.9,0.007,0.000,0.993,0.913
127,128,F,E,26.8,-135.4,148.3,134.2,-175.1,17.2,26.8,0.009,0.000,0.990,0.907
128,129,Q,E,45.6,-107.5,131.0,120.1,-144.2,17.0,20.9,0.041,0.000,0.959,0.904
129,130,T,E,40.8,-135.5,150.6,130.5,173.0,11.8,17.6,0.267,0.005,0.728,0.886
130,131,E,C,139.6,52.0,35.2,98.7,-19.1,3.7,18.2,0.978,0.014,0.008,0.883
131,132,G,C,41.6,84.4,0.1,98.0,-42.2,9.0,17.7,0.993,0.004,0.003,0.890
132,133,K,E,48.5,-121.7,145.4,131.1,84.8,15.0,22.0,0.109,0.001,0.890,0.915
133,134,L,E,5.4,-103.5,131.2,119.8,-143.0,25.4,23.3,0.015,0.000,0.985,0.956
134,135,Y,E,10.6,-116.4,133.5,123.7,-164.8,22.8,28.5,0.005,0.000,0.995,0.986
135,136,L,E,1.8,-107.7,126.6,118.9,-156.9,26.7,29.0,0.004,0.000,0.996,1.016
136,137,I,E,3.2,-109.0,121.4,117.2,-162.3,25.5,29.7,0.013,0.000,0.987,1.032
137,138,L,E,2.0,-116.6,137.7,125.0,-170.0,26.6,27.8,0.131,0.004,0.865,1.033
138,139,D,E,9.0,-82.5,137.2,113.7,-126.3,23.3,27.2,0.443,0.055,0.502,1.025
139,140,F,C,20.7,-94.1,124.9,114.8,-123.4,22.2,27.3,0.547,0.064,0.390,0.984
140,141,L,C,6.1,-97.3,126.6,115.0,-156.6,25.4,22.2,0.785,0.053,0.162,0.935
141,142,R,C,83.4,-82.8,111.7,108.9,-131.3,14.5,26.4,0.860,0.060,0.081,0.873
142,143,G,C,21.5,95.9,-3.5,108.1,18.1,16.0,22.9,0.891,0.058,0.052,0.838
143,144,G,C,11.4,116.8,-173.1,125.9,-113.8,16.8,22.2,0.834,0.038,0.128,0.846
144,145,D,C,40.3,-93.9,136.6,117.0,-54.0,15.1,26.0,0.749,0.041,0.210,0.875
145,146,L,H,3.4,-66.4,-32.9,94.4,-132.0,26.8,21.2,0.033,0.967,0.000,0.900
146,147,F,H,24.7,-64.3,-40.0,93.6,55.9,21.7,21.7,0.010,0.990,0.000,0.911
147,148,T,H,61.8,-66.2,-39.1,92.9,51.7,6.8,24.5,0.005,0.995,0.000,0.903
148,149,R,H,52.1,-67.9,-39.5,93.5,49.9,13.4,20.9,0.011,0.989,0.000,0.894
149,150,L,H,9.3,-66.6,-40.0,94.2,51.6,23.8,16.0,0.043,0.957,0.000,0.883
150,151,S,H,55.0,-74.0,-24.3,94.8,53.4,10.9,17.7,0.290,0.709,0.001,0.883
151,152,K,C,123.0,-89.4,-2.7,99.6,52.4,4.5,17.3,0.728,0.264,0.008,0.886
152,153,E,C,106.7,32.7,40.1,100.7,-112.0,9.8,15.8,0.925,0.068,0.007,0.886
153,154,V,C,58.7,-107.5,135.5,119.7,159.2,10.4,17.8,0.925,0.034,0.040,0.886
154,155,M,C,71.6,-101.8,133.7,118.9,-135.7,13.5,20.4,0.894,0.008,0.097,0.892
155,156,F,C,14.5,-94.5,134.9,118.4,-134.9,23.9,15.4,0.969,0.000,0.031,0.904
156,157,T,C,49.7,-82.4,156.4,121.0,-125.0,7.7,25.7,0.992,0.001,0.006,0.932
157,158,E,H,59.0,-59.9,-37.2,91.4,-109.3,19.4,16.8,0.025,0.975,0.000,0.940
158,159,E,H,102.6,-63.9,-39.0,92.0,55.1,6.4,23.1,0.014,0.986,0.000,0.952
159,160,D,H,32.2,-66.4,-40.0,93.3,50.6,15.4,23.9,0.009,0.991,0.000,0.969
160,161,V,H,3.3,-64.5,-43.2,94.0,52.0,26.1,23.3,0.005,0.995,0.000,0.978
161,162,K,H,32.8,-64.0,-41.2,92.8,53.0,19.5,26.3,0.003,0.997,0.000,0.988
162,163,F,H,32.1,-64.8,-42.0,93.4,51.9,18.3,28.5,0.002,0.998,0.000,0.989
163,164,Y,H,4.4,-65.4,-43.4,94.3,50.6,25.3,28.9,0.001,0.999,0.000,0.993
164,165,L,H,0.9,-64.3,-44.0,93.8,50.9,28.2,29.5,0.000,1.000,0.000,0.998
165,166,A,H,6.2,-64.0,-43.1,93.4,51.8,22.9,28.9,0.000,1.000,0.000,0.980
166,167,E,H,17.6,-65.2,-42.1,93.4,50.7,20.1,29.9,0.001,0.999,0.000,0.967
167,168,L,H,0.7,-64.1,-44.5,93.6,50.2,28.0,29.9,0.000,1.000,0.000,0.942
168,169,A,H,1.2,-64.3,-43.7,93.7,51.0,27.0,29.4,0.001,0.999,0.000,0.910
169,170,L,H,22.7,-65.0,-41.6,93.1,51.1,18.5,29.8,0.002,0.998,0.000,0.871
170,171,A,H,1.9,-64.6,-43.7,93.6,50.2,24.7,28.1,0.001,0.999,0.000,0.873
171,172,L,H,1.4,-64.6,-44.0,94.1,50.8,27.3,27.9,0.001,0.999,0.000,0.877
172,173,D,H,32.7,-64.3,-41.9,92.9,51.8,16.0,27.2,0.001,0.999,0.000,0.890
173,174,H,H,39.0,-65.5,-41.4,92.7,50.0,13.3,26.1,0.002,0.998,0.000,0.891
174,175,L,H,3.9,-65.5,-43.8,93.9,50.1,24.3,21.0,0.003,0.997,0.000,0.891
175,176,H,H,25.2,-64.5,-40.7,93.4,50.8,20.7,20.0,0.018,0.982,0.000,0.879
176,177,S,H,66.9,-68.9,-32.2,91.6,51.4,5.1,22.3,0.098,0.902,0.000,0.866
177,178,L,C,66.5,-91.9,-1.2,94.8,49.1,12.3,17.2,0.880,0.120,0.000,0.861
178,179,G,C,34.4,83.8,9.8,95.8,-106.0,11.6,23.6,0.999,0.000,0.001,0.864
179,180,I,C,9.8,-93.2,30.6,106.3,130.8,23.0,21.8,0.915,0.001,0.085,0.873
180,181,I,C,5.1,-114.1,138.2,125.0,89.7,25.5,23.7,0.500,0.002,0.498,0.894
181,182,Y,C,12.0,-99.7,124.7,115.0,-150.9,23.9,26.9,0.617,0.005,0.378,0.905
182,183,R,C,48.7,-74.4,-14.8,97.3,-145.8,20.4,23.8,0.886,0.030,0.083,0.897
183,184,D,C,46.3,-92.4,8.2,98.1,57.0,13.9,25.0,0.939,0.023,0.038,0.897
184,185,L,C,2.6,-83.9,132.8,115.9,122.1,27.2,19.4,0.968,0.001,0.031,0.868
185,186,K,C,53.0,-118.2,152.0,128.7,-173.6,12.4,28.4,0.998,0.000,0.002,0.852
186,187,P,H,19.4,-62.4,-32.5,93.4,-108.8,22.7,19.9,0.088,0.912,0.000,0.834
187,188,E,H,88.6,-69.9,-22.6,91.2,63.6,9.6,24.4,0.107,0.893,0.000,0.825
188,189,N,H,11.9,-97.3,-1.5,97.7,49.2,21.2,23.0,0.111,0.888,0.001,0.816
189,190,I,E,5.1,-96.7,131.1,118.9,95.0,25.6,21.9,0.093,0.001,0.907,0.806
190,191,L,E,14.2,-104.3,130.3,118.8,-155.3,22.3,26.1,0.069,0.001,0.930,0.820
191,192,L,E,12.9,-113.1,140.2,125.5,-161.3,22.7,21.7,0.114,0.001,0.885,0.831
192,193,D,C,23.9,-89.3,175.2,126.6,-135.5,12.2,20.3,0.944,0.001,0.056,0.836
193,194,E,C,139.2,-65.0,-23.8,90.9,-94.3,4.9,16.8,0.990,0.009,0.001,0.818
194,195,E,C,126.9,-90.5,0.8,93.6,54.0,2.8,19.8,0.989,0.010,0.002,0.807
195,196,G,C,9.4,86.9,7.5,95.6,-105.5,17.8,18.3,0.968,0.010,0.022,0.801
196,197,H,C,47.1,-83.2,141.7,120.0,138.0,11.7,24.6,0.786,0.007,0.207,0.831
197,198,I,E,2.9,-89.5,130.6,116.3,-127.8,26.7,22.2,0.059,0.000,0.941,0.853
198,199,K,E,17.2,-115.8,132.8,122.9,-164.9,20.8,28.7,0.023,0.000,0.976,0.861
199,200,I,E,2.1,-95.6,126.0,115.7,-142.9,26.6,28.0,0.078,0.000,0.922,0.874
200,201,T,C,3.6,-109.6,119.7,115.0,-175.1,25.1,28.4,0.513,0.009,0.478,0.872
201,202,D,C,9.2,2.8,63.2,104.8,-14.4,23.0,28.7,0.827,0.023,0.150,0.864
202,203,F,C,2.4,-84.8,127.2,111.7,-162.3,27.0,26.8,0.837,0.086,0.077,0.820
203,204,G,C,6.3,-66.3,-19.8,100.1,-72.7,23.3,27.0,0.779,0.160,0.062,0.777
204,205,L,C,6.4,-83.4,-14.3,98.1,57.8,24.4,25.6,0.691,0.217,0.092,0.768
205,206,S,C,4.5,-86.0,84.2,108.3,83.2,25.1,23.7,0.592,0.238,0.170,0.771
206,207,K,C,57.4,-85.7,-13.4,104.7,138.1,16.7,25.1,0.507,0.266,0.227,0.778
207,208,E,C,59.3,-84.0,80.7,107.0,57.9,13.8,23.3,0.504,0.261,0.235,0.761
208,209,A,C,22.9,-85.0,117.9,110.4,-173.0,19.7,18.0,0.626,0.176,0.198,0.774
209,210,I,C,60.3,-89.8,0.6,106.0,166.5,14.9,17.6,0.847,0.047,0.105,0.793
210,211,D,C,69.8,-103.4,111.7,113.7,44.4,9.2,17.3,0.930,0.031,0.038,0.821
211,212,H,C,111.2,-71.5,-14.0,98.5,-147.0,9.7,14.5,0.899,0.096,0.005,0.834
212,213,D,C,106.2,-85.7,3.8,99.0,51.3,3.3,16.3,0.889,0.105,0.006,0.837
213,214,K,C,89.0,-93.4,129.4,114.5,95.9,11.2,15.3,0.804,0.141,0.055,0.828
214,215,R,C,92.7,-96.9,121.4,113.4,-155.3,12.8,19.3,0.707,0.083,0.211,0.830
215,216,A,C,17.0,-102.9,134.3,118.0,-166.3,20.5,21.0,0.647,0.058,0.295,0.818
216,217,Y,C,33.2,-115.7,136.9,123.0,-161.1,20.5,25.9,0.662,0.038,0.300,0.816
217,218,S,C,7.2,-109.9,142.1,122.2,-153.8,23.7,26.6,0.765,0.024,0.212,0.823
218,219,F,C,9.1,-87.3,100.9,108.9,-126.3,24.6,27.1,0.825,0.020,0.156,0.831
219,220,C,C,3.4,-114.0,135.9,120.5,175.5,25.5,27.6,0.692,0.017,0.290,0.848
220,221,G,C,2.0,153.5,-177.8,133.7,155.1,23.8,28.0,0.707,0.010,0.283,0.850
221,222,T,C,6.9,-110.6,155.0,127.8,-83.9,23.2,28.3,0.852,0.012,0.136,0.860
222,223,I,H,11.3,-65.0,-30.7,93.7,-104.7,24.0,24.6,0.224,0.775,0.001,0.875
223,224,E,H,56.6,-71.9,-25.8,93.6,60.3,16.5,26.6,0.214,0.784,0.002,0.884
224,225,Y,H,10.7,-100.3,-5.7,102.3,41.2,23.5,25.7,0.213,0.784,0.003,0.902
225,226,M,C,2.9,-94.5,125.7,114.4,90.8,26.6,25.0,0.763,0.145,0.091,0.888
226,227,A,C,2.4,-78.2,144.8,116.6,-123.9,25.1,26.7,0.914,0.082,0.003,0.880
227,228,P,H,18.9,-64.8,-33.1,95.1,-109.2,21.8,24.5,0.150,0.848,0.002,0.867
228,229,E,H,37.9,-67.0,-38.2,93.5,52.8,16.1,25.8,0.087,0.903,0.010,0.852
229,230,V,H,5.2,-67.4,-41.8,94.8,50.4,24.0,21.5,0.057,0.931,0.012,0.835
230,231,V,H,14.4,-67.8,-38.1,94.6,49.9,22.3,20.2,0.145,0.837,0.018,0.810
231,232,N,C,75.1,-91.0,-3.2,97.8,47.7,9.0,20.0,0.582,0.398,0.020,0.778
232,233,R,C,117.6,62.8,22.1,94.9,-115.7,12.1,16.8,0.897,0.092,0.011,0.751
233,234,R,C,121.0,-100.7,120.5,113.9,117.4,7.0,20.0,0.901,0.068,0.030,0.750
234,235,G,C,27.1,111.1,-176.1,119.9,-37.2,12.8,19.9,0.949,0.021,0.031,0.749
235,236,H,C,27.1,-99.3,130.0,117.6,-112.4,22.2,17.3,0.946,0.007,0.047,0.768
236,237,T,C,43.3,-96.8,166.2,125.6,-152.9,11.1,25.7,0.945,0.035,0.020,0.779
237,238,Q,H,74.7,-64.1,-35.5,94.2,-95.3,15.7,21.0,0.213,0.787,0.001,0.783
238,239,S,H,29.1,-65.4,-39.7,93.3,53.7,15.0,25.1,0.154,0.844,0.002,0.789
239,240,A,H,8.5,-65.7,-41.7,94.4,51.9,22.7,23.3,0.071,0.927,0.001,0.813
240,241,D,H,10.7,-65.4,-41.9,94.5,52.3,22.9,26.2,0.065,0.934,0.001,0.857
241,242,W,H,8.9,-65.8,-42.5,94.7,52.2,24.9,28.1,0.060,0.935,0.004,0.886
242,243,W,H,12.9,-66.7,-40.8,94.8,51.9,23.9,28.5,0.056,0.938,0.006,0.906
243,244,S,H,3.1,-66.2,-42.1,94.7,52.2,25.1,29.0,0.070,0.928,0.002,0.920
244,245,F,H,3.8,-65.7,-43.1,94.6,51.1,25.7,29.6,0.039,0.961,0.000,0.933
245,246,G,H,1.2,-65.1,-43.6,94.5,51.4,26.0,28.9,0.027,0.973,0.000,0.930
246,247,V,H,3.8,-65.4,-43.4,94.6,50.9,25.0,29.1,0.006,0.994,0.000,0.942
247,248,L,H,2.5,-65.3,-43.4,94.2,50.7,25.8,29.8,0.002,0.998,0.000,0.938
248,249,M,H,1.6,-65.1,-43.8,94.2,50.8,27.0,29.8,0.001,0.999,0.000,0.945
249,250,F,H,5.3,-65.2,-43.4,94.3,50.9,25.0,29.2,0.001,0.999,0.000,0.933
250,251,E,H,10.2,-65.5,-42.4,93.9,50.8,22.1,29.0,0.001,0.999,0.000,0.895
251,252,M,H,3.0,-66.1,-42.6,94.3,49.9,25.2,28.3,0.001,0.999,0.000,0.870
252,253,L,H,3.9,-70.4,-37.3,95.3,48.6,25.2,26.2,0.009,0.991,0.000,0.848
253,254,T,H,18.5,-96.9,-8.3,99.4,40.3,20.6,23.5,0.166,0.834,0.000,0.822
254,255,G,C,25.4,83.6,7.7,94.7,-107.8,15.6,21.2,0.998,0.001,0.001,0.790
255,256,S,C,30.6,-109.8,148.5,128.4,121.6,12.4,23.8,0.983,0.000,0.016,0.777
256,257,L,C,34.4,-72.7,136.0,112.8,-110.3,18.5,24.1,0.982,0.001,0.017,0.784
257,258,P,C,7.6,-69.7,-24.8,96.7,-128.5,24.6,20.0,0.961,0.032,0.006,0.785
258,259,F,C,17.6,-93.3,2.5,100.0,49.5,22.7,20.5,0.910,0.061,0.029,0.793
259,260,Q,C,76.0,-94.1,128.8,114.0,106.6,10.6,21.9,0.861,0.081,0.058,0.775
260,261,G,C,26.8,153.1,-176.0,126.8,68.6,10.6,17.3,0.915,0.057,0.028,0.764
261,262,K,C,141.2,-79.5,-15.0,99.6,-114.7,4.5,18.0,0.971,0.027,0.002,0.768
262,263,D,C,72.4,-109.8,106.7,114.0,45.3,6.9,18.8,0.976,0.022,0.002,0.798
263,264,R,H,63.5,-63.6,-33.1,93.1,-159.5,19.6,13.3,0.070,0.930,0.000,0.814
264,265,K,H,119.0,-63.5,-38.4,92.2,57.4,5.5,19.7,0.029,0.971,0.000,0.827
265,266,E,H,97.1,-66.7,-38.5,92.9,50.5,4.7,22.1,0.015,0.985,0.000,0.835
266,267,T,H,9.9,-65.6,-42.4,93.9,50.6,21.3,18.5,0.006,0.994,0.000,0.869
267,268,M,H,17.9,-62.6,-42.1,92.8,52.3,21.7,20.9,0.002,0.998,0.000,0.889
268,269,A,H,47.4,-63.6,-40.7,92.0,51.8,6.8,24.9,0.002,0.998,0.000,0.907
269,270,L,H,37.9,-66.0,-41.4,93.1,50.3,12.2,23.7,0.003,0.997,0.000,0.921
270,271,I,H,2.2,-65.6,-43.2,94.1,50.2,26.5,20.3,0.008,0.992,0.000,0.919
271,272,L,H,36.2,-67.3,-33.5,93.1,52.5,19.1,21.2,0.074,0.926,0.000,0.923
272,273,K,H,117.7,-88.2,-5.7,96.5,50.6,5.2,23.1,0.431,0.567,0.001,0.894
273,274,A,C,15.0,-79.2,145.1,118.4,104.1,22.1,12.4,0.927,0.062,0.011,0.868
274,275,K,C,109.3,-89.5,117.7,110.6,-132.2,7.2,25.3,0.919,0.031,0.050,0.836
275,276,L,C,13.2,-93.5,39.9,107.4,-166.3,23.9,16.7,0.946,0.009,0.045,0.802
276,277,G,C,22.3,118.4,174.3,125.3,-127.9,12.7,25.0,0.959,0.004,0.037,0.781
277,278,M,C,28.6,-86.5,134.1,116.5,-102.7,22.3,19.2,0.978,0.001,0.021,0.785
278,279,P,C,15.6,-68.6,147.2,113.9,-104.7,21.2,17.9,0.952,0.046,0.002,0.792
279,280,Q,C,121.7,-69.0,-22.7,94.2,-128.1,4.7,21.4,0.893,0.104,0.003,0.804
280,281,F,C,69.4,-94.3,-1.1,100.1,49.0,13.6,18.3,0.847,0.147,0.005,0.798
281,282,L,C,10.2,-91.1,136.2,119.1,101.8,25.0,12.5,0.982,0.002,0.016,0.783
282,283,S,C,35.0,-74.7,158.6,118.5,-110.3,9.6,20.7,0.997,0.001,0.001,0.769
283,284,G,H,45.8,-62.4,-34.5,93.0,-104.4,6.6,18.9,0.042,0.958,0.000,0.763
284,285,E,H,87.7,-67.0,-37.2,93.1,53.5,7.4,21.2,0.015,0.985,0.000,0.772
285,286,A,H,3.7,-65.0,-41.6,93.6,52.0,25.3,16.6,0.002,0.998,0.000,0.801
286,287,Q,H,44.6,-62.5,-41.3,92.7,54.3,16.6,22.6,0.002,0.998,0.000,0.810
287,288,S,H,46.3,-65.0,-39.8,92.3,51.9,6.9,26.4,0.006,0.994,0.000,0.811
288,289,L,H,6.7,-65.8,-43.4,94.1,50.4,22.8,23.9,0.004,0.996,0.000,0.830
289,290,L,H,1.3,-64.7,-43.3,93.9,51.3,27.9,24.3,0.002,0.998,0.000,0.853
290,291,R,H,81.5,-63.9,-40.4,92.5,52.9,14.4,25.6,0.004,0.996,0.000,0.864
291,292,A,H,28.9,-67.8,-34.8,92.4,51.7,13.2,26.3,0.023,0.977,0.000,0.865
292,293,L,H,2.4,-76.1,-27.8,95.5,52.7,25.7,23.2,0.209,0.791,0.000,0.859
293,294,F,C,6.4,-94.2,8.0,101.7,53.2,24.9,22.2,0.546,0.429,0.025,0.854
294,295,K,C,67.9,-89.1,136.5,118.5,113.3,13.3,22.4,0.921,0.028,0.052,0.836
295,296,R,C,104.5,-71.5,-27.9,96.8,-137.0,12.8,20.7,0.989,0.002,0.009,0.809
296,297,N,C,69.4,-114.3,93.8,110.9,42.4,7.7,22.5,0.998,0.000,0.002,0.791
297,298,P,H,7.8,-66.6,-29.2,92.8,-163.8,25.5,15.0,0.240,0.760,0.000,0.783
298,299,C,H,64.2,-67.7,-24.4,91.6,65.6,11.5,19.4,0.270,0.728,0.002,0.791
299,300,N,H,85.2,-91.1,-3.0,97.9,51.8,7.0,22.3,0.263,0.731,0.006,0.769
300,301,R,C,28.2,-87.5,136.8,115.4,97.1,22.1,15.9,0.821,0.106,0.073,0.759
301,302,L,C,25.8,-80.9,69.2,106.0,-130.5,21.5,23.4,0.785,0.138,0.076,0.751
302,303,G,C,20.1,132.2,135.2,114.4,-122.8,15.9,23.3,0.840,0.098,0.061,0.728
303,304,A,C,23.7,-90.7,21.3,106.0,166.6,19.9,18.3,0.826,0.115,0.059,0.729
304,305,G,C,26.8,111.1,-174.9,122.3,-127.9,11.0,19.8,0.882,0.083,0.034,0.731
305,306,I,C,92.0,-85.1,-1.0,105.4,-67.6,10.2,18.0,0.887,0.098,0.015,0.761
306,307,D,C,89.4,-87.3,25.5,102.5,42.4,6.3,18.8,0.889,0.102,0.009,0.773
307,308,G,C,18.3,86.0,-149.5,113.1,-9.7,14.6,19.4,0.855,0.138,0.007,0.775
308,309,V,H,18.4,-63.2,-36.5,93.9,-92.1,23.4,16.8,0.061,0.939,0.000,0.791
309,310,E,H,103.7,-63.6,-39.3,92.2,56.0,6.0,21.6,0.021,0.978,0.000,0.807
310,311,E,H,72.6,-66.7,-39.1,93.1,50.6,7.6,21.8,0.015,0.985,0.000,0.812
311,312,I,H,3.9,-65.2,-42.4,93.9,51.6,25.8,16.8,0.017,0.983,0.000,0.817
312,313,K,H,76.7,-66.1,-32.3,91.9,54.5,14.8,19.3,0.148,0.851,0.000,0.834
313,314,R,C,137.5,-90.7,-2.7,95.3,51.4,4.1,22.7,0.568,0.430,0.002,0.850
314,315,H,C,18.6,-76.7,137.4,116.0,106.5,23.2,12.1,0.993,0.004,0.003,0.871
315,316,P,C,72.1,-64.9,-28.1,91.2,-134.6,7.6,22.6,0.843,0.155,0.002,0.875
316,317,F,C,21.5,-74.0,-23.6,94.5,60.9,21.6,18.6,0.700,0.294,0.006,0.894
317,318,F,H,5.1,-85.6,-12.6,96.4,51.7,25.3,18.8,0.449,0.524,0.027,0.901
318,319,V,C,63.1,-72.3,-23.0,94.7,71.4,12.5,21.9,0.543,0.442,0.016,0.902
319,320,T,C,66.1,-98.1,3.9,100.4,45.5,7.8,23.0,0.693,0.293,0.014,0.908
320,321,I,C,4.3,-83.8,133.4,117.4,112.7,27.0,11.3,0.961,0.004,0.035,0.924
321,322,D,C,54.6,-92.5,98.7,107.2,-140.8,8.0,26.2,0.991,0.002,0.007,0.938
322,323,W,H,31.4,-63.6,-33.4,91.8,-161.7,23.3,13.9,0.075,0.925,0.000,0.929
323,324,N,H,89.9,-65.2,-35.6,92.5,57.6,6.1,20.8,0.059,0.941,0.000,0.920
324,325,T,H,47.5,-67.7,-37.9,93.7,52.2,8.4,20.7,0.029,0.971,0.000,0.894
325,326,L,H,9.0,-66.8,-40.8,94.5,51.8,23.7,16.8,0.058,0.941,0.000,0.884
326,327,Y,H,63.1,-69.2,-30.7,94.4,53.7,16.1,18.4,0.263,0.734,0.003,0.891
327,328,R,C,135.4,-85.4,-5.5,97.8,53.7,4.9,20.4,0.608,0.387,0.005,0.878
328,329,K,C,55.8,-79.3,114.4,109.2,113.5,18.2,13.2,0.937,0.054,0.009,0.864
329,330,E,C,112.7,-92.3,53.2,105.0,-156.9,6.0,23.0,0.927,0.016,0.057,0.846
330,331,I,C,19.7,-99.5,134.5,119.9,142.9,22.5,13.1,0.933,0.001,0.066,0.819
331,332,K,C,117.8,-95.6,129.7,115.7,-135.4,5.4,25.2,0.976,0.000,0.024,0.790
332,333,P,C,11.3,-73.4,142.9,115.9,-116.4,23.7,15.2,0.994,0.000,0.006,0.765
333,334,P,C,41.4,-71.9,49.3,103.7,-118.5,14.1,23.4,0.991,0.003,0.005,0.743
334,335,F,C,28.2,-105.8,131.7,120.6,129.1,21.7,19.0,0.895,0.006,0.099,0.734
335,336,K,C,80.4,-110.0,126.1,118.9,-157.8,12.2,24.7,0.947,0.001,0.052,0.735
336,337,P,C,12.5,-72.3,146.5,115.5,-114.8,22.8,17.4,0.972,0.008,0.020,0.718
337,338,A,C,48.2,-80.5,115.9,108.6,-124.7,10.7,25.8,0.935,0.007,0.058,0.696
338,339,V,C,18.4,-103.2,129.1,118.7,-160.7,22.9,14.4,0.933,0.003,0.064,0.667
339,340,G,C,41.1,-94.1,-9.1,102.6,-174.7,7.8,20.4,0.986,0.001,0.013,0.649
340,341,R,C,104.4,-125.0,148.8,129.0,37.0,7.6,19.3,0.985,0.003,0.012,0.654
341,342,P,C,80.4,-66.4,-24.6,96.0,-110.9,9.9,17.1,0.699,0.299,0.002,0.667
342,343,E,C,87.5,-82.4,-6.0,98.3,60.8,9.8,19.1,0.689,0.306,0.006,0.686
343,344,D,C,25.9,-80.4,4.6,102.6,88.3,19.6,17.2,0.576,0.414,0.010,0.710
344,345,T,H,25.9,-74.6,-21.7,98.0,75.2,20.7,19.8,0.403,0.561,0.036,0.728
345,346,F,H,85.9,-71.6,-24.3,95.2,73.0,12.2,23.2,0.429,0.525,0.046,0.735
346,347,H,C,36.9,-89.6,-6.0,98.4,55.4,18.2,21.3,0.546,0.404,0.050,0.746
347,348,F,C,12.5,-90.6,75.7,109.3,77.1,24.6,18.2,0.689,0.119,0.192,0.771
348,349,D,C,25.9,-92.7,117.4,112.8,-161.3,19.2,18.9,0.953,0.002,0.044,0.775
349,350,P,C,72.1,-68.6,-22.0,94.5,-149.8,9.7,20.2,0.883,0.108,0.010,0.754
350,351,E,C,89.4,-85.9,-9.8,97.4,58.8,8.7,21.7,0.859,0.119,0.022,0.742
351,352,F,C,19.8,-89.3,134.0,115.2,93.3,23.6,15.4,0.829,0.103,0.067,0.713
352,353,T,C,27.6,-119.0,152.9,126.1,169.5,16.6,19.5,0.849,0.024,0.127,0.693
353,354,A,C,69.2,-82.0,-7.9,98.0,-142.8,7.4,20.5,0.961,0.006,0.033,0.690
354,355,R,C,104.2,-112.9,145.3,128.2,76.0,8.0,18.6,0.960,0.001,0.039,0.680
355,356,T,C,68.1,-74.4,138.4,113.6,-106.3,10.3,22.7,0.979,0.000,0.020,0.680
356,357,P,C,15.1,-71.2,144.5,114.0,-109.8,23.1,13.6,0.979,0.007,0.015,0.663
357,358,T,C,71.3,-100.2,130.8,115.0,-141.6,8.7,22.5,0.916,0.015,0.069,0.655
358,359,D,C,75.0,-88.5,110.3,110.0,-124.1,12.4,17.8,0.933,0.009,0.057,0.642
359,360,S,C,31.4,-103.2,138.7,120.7,-171.2,13.3,16.5,0.957,0.001,0.042,0.613
360,361,P,C,74.7,-67.9,113.4,104.2,-106.4,9.2,17.4,0.974,0.008,0.018,0.574
361,362,G,C,37.0,69.6,-6.9,104.2,-46.2,11.3,16.8,0.975,0.002,0.022,0.568
362,363,V,C,74.2,-105.4,129.6,119.3,94.4,8.6,18.3,0.973,0.000,0.027,0.593
363,364,P,C,61.0,-69.8,146.1,114.3,-108.0,12.4,19.8,0.992,0.000,0.008,0.603
364,365,P,C,22.2,-70.1,147.0,114.0,-103.5,21.4,14.5,0.992,0.003,0.004,0.607
365,366,S,C,47.6,-74.7,155.0,116.7,-106.7,8.1,20.0,0.945,0.043,0.012,0.599
366,367,A,H,69.1,-63.6,-29.7,94.2,-107.2,8.6,15.6,0.482,0.517,0.002,0.609
367,368,N,H,96.4,-75.5,-15.8,95.8,59.3,5.1,18.9,0.468,0.528,0.004,0.638
368,369,A,H,23.0,-74.5,-23.8,96.5,63.2,17.3,15.5,0.292,0.704,0.004,0.693
369,370,H,H,48.0,-78.8,-9.7,99.0,63.6,17.5,17.9,0.334,0.654,0.012,0.750
370,371,H,H,79.8,-82.5,2.6,99.0,61.6,11.2,22.9,0.435,0.538,0.027,0.772
371,372,L,C,22.8,-72.6,-31.6,97.3,96.0,19.9,22.7,0.510,0.434,0.056,0.782
372,373,F,C,5.9,-97.0,0.3,99.5,44.5,24.7,19.8,0.585,0.262,0.153,0.781
373,374,R,C,82.8,-73.7,132.0,113.5,123.7,13.4,22.0,0.846,0.070,0.084,0.764
374,375,G,C,25.8,86.6,-1.0,99.2,18.7,13.0,24.2,0.879,0.030,0.092,0.757
375,376,F,C,8.6,-98.0,146.6,124.0,138.8,24.9,19.7,0.541,0.017,0.442,0.762
376,377,S,E,21.9,-126.9,143.7,129.2,-167.7,15.6,27.9,0.169,0.008,0.823,0.772
377,378,F,E,14.4,-119.1,138.3,125.8,-153.5,23.3,23.8,0.169,0.008,0.823,0.783
378,379,V,E,29.4,-113.1,132.7,121.0,-164.5,17.4,24.7,0.417,0.016,0.567,0.786
379,380,A,C,25.4,-83.9,134.9,113.7,-132.2,17.1,22.0,0.848,0.034,0.118,0.779
380,381,S,C,33.9,-80.0,4.8,105.8,-138.7,15.1,18.4,0.779,0.184,0.037,0.756
381,382,S,C,52.9,-82.3,-10.2,102.3,103.8,10.6,18.6,0.677,0.262,0.061,0.736
382,383,L,C,57.3,-79.1,-15.4,100.3,69.7,13.4,16.3,0.647,0.267,0.086,0.713
383,384,I,C,60.3,-91.0,59.4,108.1,84.3,13.9,15.1,0.721,0.198,0.080,0.711
384,385,Q,C,89.5,-94.4,122.9,113.0,169.5,9.6,17.0,0.857,0.053,0.091,0.713
385,386,E,C,78.3,-94.0,130.0,115.7,-140.6,11.8,15.4,0.961,0.006,0.034,0.712
386,387,P,C,71.2,-68.8,41.6,103.5,-116.4,11.0,14.0,0.911,0.079,0.010,0.692
387,388,S,C,73.5,-81.6,7.9,102.9,-132.8,5.8,15.2,0.859,0.120,0.021,0.672
388,389,Q,C,93.3,-86.0,14.3,103.8,89.2,10.0,12.6,0.805,0.154,0.041,0.671
389,390,Q,C,99.7,-85.2,59.7,107.1,113.7,8.3,12.8,0.812,0.144,0.044,0.688
390,391,D,C,89.5,-90.0,87.7,107.8,155.5,6.0,15.4,0.797,0.148,0.055,0.710
391,392,L,C,73.5,-83.5,11.0,103.9,177.3,13.0,12.9,0.796,0.151,0.053,0.719
392,393,H,C,101.7,-95.3,114.7,112.1,120.8,8.8,15.2,0.806,0.107,0.087,0.736
393,394,K,C,105.6,-97.4,127.4,115.1,-168.4,9.4,16.2,0.851,0.037,0.112,0.744
394,395,V,C,43.5,-105.6,131.0,119.6,-163.0,15.5,14.8,0.937,0.003,0.060,0.760
395,396,P,C,63.3,-70.1,145.3,112.4,-109.9,9.4,18.6,0.960,0.014,0.026,0.774
396,397,V,C,56.7,-95.0,131.1,115.5,-136.1,14.8,16.5,0.917,0.017,0.066,0.797
397,398,H,C,63.7,-105.3,132.0,118.9,-152.6,13.4,18.0,0.936,0.018,0.046,0.810
398,399,P,C,51.1,-71.9,131.4,107.3,-119.3,12.6,18.7,0.861,0.114,0.025,0.807
399,400,I,C,58.1,-79.8,34.7,105.1,-141.2,13.7,17.9,0.533,0.329,0.138,0.815
400,401,V,H,42.9,-89.3,50.0,107.7,102.5,15.0,17.7,0.329,0.369,0.302,0.810
401,402,Q,E,66.1,-88.4,15.6,106.5,101.7,11.3,18.3,0.297,0.306,0.397,0.793
402,403,Q,E,56.9,-90.7,78.5,109.6,103.7,11.9,18.0,0.318,0.246,0.436,0.767
403,404,L,C,54.1,-89.3,64.6,107.9,171.2,14.5,16.2,0.512,0.234,0.255,0.746
404,405,H,C,88.5,-102.0,107.6,112.7,106.1,11.3,16.4,0.705,0.135,0.161,0.725
405,406,G,C,40.5,90.9,-168.0,111.4,-34.4,8.1,16.0,0.858,0.081,0.061,0.702
406,407,N,C,95.5,-95.1,104.1,110.5,-140.3,7.3,16.0,0.855,0.086,0.059,0.707
407,408,N,C,92.3,-90.9,82.6,107.9,-154.2,8.0,16.6,0.830,0.082,0.089,0.733
408,409,I,C,50.5,-101.7,131.8,117.5,-177.6,15.8,15.6,0.767,0.077,0.156,0.769
409,410,H,C,82.7,-106.0,130.4,117.6,-157.0,10.7,21.7,0.709,0.074,0.217,0.800
410,411,F,C,40.7,-100.1,127.9,116.7,-150.4,19.7,16.5,0.654,0.096,0.250,0.826
411,412,T,C,57.0,-103.9,101.3,112.5,-173.1,11.4,20.0,0.662,0.110,0.228,0.835
412,413,D,C,67.0,-104.5,116.5,114.3,21.8,10.7,19.8,0.688,0.096,0.217,0.827
413,414,G,C,18.3,-165.3,163.9,123.5,-171.8,14.2,21.7,0.556,0.049,0.395,0.816
414,415,Y,E,15.9,-125.7,145.3,130.9,-152.8,23.6,17.8,0.198,0.004,0.797,0.822
415,416,E,E,82.9,-114.1,130.4,120.9,-153.1,7.5,27.3,0.036,0.001,0.963,0.841
416,417,I,E,22.4,-78.5,124.1,111.0,-125.5,22.5,15.8,0.018,0.000,0.982,0.851
417,418,K,E,87.3,-94.4,-29.8,100.6,178.3,8.1,20.3,0.030,0.001,0.969,0.863
418,419,E,E,77.7,-153.2,152.7,140.4,-0.7,6.4,24.2,0.026,0.001,0.973,0.864
419,420,D,E,63.0,-78.0,124.8,111.2,-114.1,14.8,19.3,0.030,0.001,0.970,0.851
420,421,I,E,23.7,-98.0,-23.7,101.1,175.0,18.8,17.3,0.088,0.002,0.910,0.817
421,422,G,E,10.4,154.9,176.0,146.4,-46.7,12.9,23.0,0.188,0.002,0.810,0.778
422,423,V,E,62.9,-128.2,145.6,129.5,-97.6,11.5,23.8,0.234,0.004,0.762,0.764
423,424,G,C,15.7,172.5,-178.0,136.9,102.7,13.6,20.6,0.674,0.024,0.302,0.780
424,425,S,C,50.4,-69.6,-24.7,94.6,-66.2,13.8,21.0,0.886,0.038,0.076,0.794
425,426,Y,C,79.7,-97.0,-2.5,100.0,39.9,14.3,22.5,0.846,0.031,0.123,0.812
426,427,S,C,6.9,-124.1,157.0,133.0,76.6,23.5,18.4,0.513,0.005,0.482,0.832
427,428,V,E,39.5,-106.9,132.8,120.0,-131.0,13.1,27.5,0.073,0.000,0.926,0.857
428,429,C,E,3.8,-116.2,134.1,124.6,-158.8,25.9,20.9,0.011,0.000,0.989,0.877
429,430,K,E,30.9,-129.3,144.6,131.3,-172.9,17.6,26.5,0.008,0.000,0.992,0.863
430,431,R,E,55.3,-89.1,130.6,115.4,-129.0,17.1,26.5,0.015,0.000,0.985,0.866
431,432,C,E,3.4,-138.2,152.8,136.9,180.0,25.4,20.1,0.006,0.000,0.994,0.870
432,433,V,E,38.6,-111.7,133.9,121.7,-138.7,11.6,27.8,0.004,0.000,0.996,0.866
433,434,H,E,23.5,-77.5,122.7,110.2,-122.7,20.8,17.2,0.080,0.000,0.920,0.856
434,435,K,C,102.6,-71.4,-27.8,95.5,-152.9,9.2,16.9,0.982,0.012,0.006,0.830
435,436,A,C,76.4,-71.9,-32.8,93.2,49.6,2.4,16.2,0.974,0.024,0.002,0.825
436,437,T,C,56.7,-105.9,-8.7,102.3,31.8,8.1,11.5,0.979,0.019,0.002,0.818
437,438,D,C,110.5,61.1,30.9,91.0,-121.0,3.1,18.8,0.997,0.001,0.002,0.842
438,439,T,C,42.2,-117.4,150.5,131.4,127.1,9.8,18.3,0.550,0.001,0.449,0.859
439,440,E,E,48.7,-88.0,132.4,116.0,-123.5,16.2,21.5,0.041,0.000,0.959,0.862
440,441,Y,E,12.1,-138.5,152.5,136.8,-178.5,22.6,25.0,0.007,0.000,0.993,0.876
441,442,A,E,3.7,-113.3,135.8,123.8,-138.8,24.6,27.5,0.008,0.000,0.992,0.892
442,443,V,E,2.1,-119.0,130.9,123.8,-161.9,26.5,27.7,0.006,0.000,0.994,0.907
443,444,K,E,9.0,-105.5,129.5,119.4,-154.6,23.6,27.9,0.006,0.000,0.994,0.912
444,445,I,E,12.2,-105.8,125.1,117.8,-151.0,21.3,27.4,0.006,0.000,0.994,0.918
445,446,I,E,8.4,-111.4,133.2,122.5,-165.2,24.5,19.7,0.058,0.000,0.942,0.910
446,447,D,E,37.0,-80.0,122.1,110.1,-122.3,10.8,24.3,0.429,0.001,0.570,0.875
447,448,K,H,78.5,-65.8,-27.2,93.1,-142.1,16.3,14.5,0.481,0.514,0.004,0.824
448,449,S,C,84.6,-73.6,-19.4,93.4,60.8,2.3,18.0,0.567,0.431,0.002,0.764
449,450,K,C,105.8,-98.8,1.8,101.1,46.9,6.7,15.4,0.583,0.414,0.002,0.743
450,451,R,C,80.8,-94.6,130.7,116.1,111.8,15.4,13.6,0.988,0.008,0.004,0.750
451,452,D,C,64.5,-98.4,103.9,109.1,-149.9,7.9,22.2,0.992,0.004,0.004,0.757
452,453,P,H,23.5,-67.7,-27.7,93.6,-165.1,22.1,14.0,0.427,0.572,0.001,0.751
453,454,S,H,63.6,-64.0,-37.2,92.9,62.6,6.8,19.7,0.140,0.860,0.000,0.767
454,455,E,H,84.5,-67.7,-37.8,93.1,50.3,6.5,22.6,0.028,0.972,0.000,0.794
455,456,E,H,8.1,-65.4,-42.6,94.0,51.5,24.1,17.9,0.005,0.995,0.000,0.847
456,457,I,H,27.8,-62.6,-41.8,93.0,52.7,18.5,21.5,0.001,0.999,0.000,0.893
457,458,E,H,96.4,-64.9,-40.0,92.0,50.8,4.4,25.6,0.001,0.999,0.000,0.914
458,459,I,H,17.6,-65.7,-42.8,93.6,50.1,17.5,21.6,0.001,0.999,0.000,0.901
459,460,L,H,3.9,-65.2,-42.2,93.9,50.8,25.9,19.0,0.001,0.999,0.000,0.895
460,461,L,H,74.5,-67.2,-33.8,92.8,52.3,12.2,20.3,0.005,0.995,0.000,0.877
461,462,R,H,121.9,-73.7,-29.3,93.7,52.0,6.2,20.9,0.045,0.955,0.000,0.838
462,463,Y,H,38.6,-97.2,-4.9,102.4,40.9,18.9,15.0,0.397,0.602,0.001,0.799
463,464,G,C,29.9,86.1,-166.0,115.0,-144.4,10.1,19.7,0.934,0.058,0.008,0.775
464,465,Q,C,108.3,-85.9,23.2,100.7,19.7,6.0,21.4,0.986,0.010,0.004,0.770
465,466,H,C,13.8,-85.9,135.0,117.3,124.1,23.9,13.0,0.991,0.000,0.009,0.794
466,467,P,C,64.3,-68.6,-25.2,93.0,-139.8,9.7,23.7,0.995,0.003,0.002,0.795
467,468,N,C,20.9,-96.0,-0.2,98.4,49.7,20.0,20.4,0.989,0.004,0.007,0.814
468,469,I,E,8.8,-96.2,130.1,119.2,94.6,24.0,21.1,0.432,0.000,0.567,0.835
469,470,I,E,4.1,-110.1,127.2,120.1,-160.4,26.0,20.1,0.202,0.000,0.798,0.855
470,471,T,E,47.0,-94.7,123.9,114.0,-140.8,11.1,28.3,0.274,0.000,0.726,0.867
471,472,L,E,6.2,-84.0,127.2,113.5,-140.1,25.8,17.3,0.059,0.000,0.941,0.873
472,473,K,E,69.8,-93.7,-29.3,101.3,177.9,11.0,23.7,0.050,0.000,0.950,0.880
473,474,D,E,24.0,-162.0,157.6,144.2,-4.0,14.4,26.8,0.016,0.000,0.984,0.889
474,475,V,E,11.4,-131.4,139.8,130.4,-162.5,24.0,18.8,0.006,0.000,0.994,0.886
475,476,Y,E,41.5,-137.4,149.8,134.8,-178.5,13.5,24.3,0.008,0.000,0.992,0.892
476,477,D,E,44.8,-112.5,132.0,121.4,-146.7,14.8,19.4,0.036,0.000,0.964,0.895
477,478,D,E,59.2,-118.6,84.1,112.3,179.9,10.2,16.8,0.320,0.003,0.677,0.892
478,479,G,C,50.8,61.3,-44.5,100.5,-74.8,4.7,16.0,0.986,0.005,0.009,0.886
479,480,K,C,111.0,-101.1,-2.8,100.7,10.4,7.7,18.6,0.994,0.002,0.004,0.907
480,481,F,E,29.2,-135.6,145.3,135.1,39.8,17.5,22.1,0.116,0.000,0.884,0.952
481,482,V,E,7.6,-111.4,130.9,121.7,-149.4,23.9,23.6,0.006,0.000,0.994,1.002
482,483,Y,E,11.3,-118.0,134.5,124.8,-166.4,22.9,27.5,0.001,0.000,0.999,1.020
483,484,L,E,3.0,-104.9,126.2,117.9,-154.7,25.7,28.8,0.002,0.000,0.998,1.035
484,485,V,E,3.1,-109.2,122.4,117.7,-161.5,25.3,29.4,0.006,0.000,0.994,1.025
485,486,M,E,4.0,-125.6,146.2,130.1,-175.2,25.4,27.3,0.063,0.002,0.935,0.990
486,487,E,E,13.5,-85.0,135.3,114.8,-125.6,22.6,27.2,0.324,0.028,0.648,0.957
487,488,L,C,17.2,-84.7,128.1,113.3,-124.8,22.0,26.5,0.491,0.036,0.473,0.922
488,489,M,C,11.0,-97.6,128.2,115.3,-152.7,24.4,21.0,0.822,0.022,0.156,0.892
489,490,R,C,91.5,-87.0,112.2,109.6,-134.7,13.2,26.1,0.892,0.044,0.064,0.856
490,491,G,C,17.5,106.7,-164.5,116.3,19.0,16.8,22.6,0.866,0.098,0.036,0.839
491,492,G,C,13.4,105.6,-163.6,120.6,-120.8,16.4,20.8,0.836,0.144,0.020,0.842
492,493,E,H,70.3,-66.7,-34.2,94.5,-0.7,10.8,24.8,0.142,0.858,0.000,0.862
493,494,L,H,4.7,-64.4,-42.1,93.7,54.2,24.9,20.4,0.008,0.992,0.000,0.899
494,495,L,H,16.8,-63.4,-41.7,93.4,53.0,22.0,20.9,0.002,0.998,0.000,0.932
495,496,D,H,74.4,-65.4,-39.7,92.7,50.8,5.2,23.8,0.002,0.998,0.000,0.947
496,497,R,H,61.5,-67.0,-40.6,93.3,49.8,10.9,20.6,0.003,0.997,0.000,0.951
497,498,I,H,8.9,-66.1,-42.4,94.0,50.0,22.4,15.7,0.004,0.996,0.000,0.934
498,499,L,H,73.2,-66.2,-37.4,93.2,51.1,11.8,16.6,0.015,0.985,0.000,0.928
499,500,R,H,158.2,-69.9,-33.2,92.4,50.8,1.8,17.8,0.129,0.871,0.000,0.924
500,501,Q,C,83.6,-95.9,-4.4,99.2,40.7,7.9,13.1,0.691,0.308,0.001,0.904
501,502,R,C,154.6,62.9,29.1,95.7,-118.3,4.2,19.3,0.976,0.020,0.004,0.884
502,503,Y,C,71.2,-122.5,149.3,129.6,111.3,12.7,19.6,0.953,0.007,0.039,0.880
503,504,F,C,13.7,-100.0,137.0,120.7,-125.7,23.9,16.8,0.947,0.001,0.053,0.872
504,505,S,C,33.1,-82.0,155.1,120.8,-123.4,9.5,26.5,0.988,0.001,0.010,0.846
505,506,E,H,44.8,-60.8,-36.8,92.3,-108.1,20.8,17.6,0.026,0.974,0.000,0.829
506,507,R,H,117.6,-64.2,-39.1,92.2,56.2,7.8,23.3,0.015,0.985,0.000,0.807
507,508,E,H,52.6,-67.2,-39.0,93.1,50.5,13.6,24.9,0.007,0.993,0.000,0.799
508,509,A,H,1.7,-64.9,-43.3,94.1,52.1,26.6,21.7,0.005,0.995,0.000,0.797
509,510,S,H,15.6,-63.5,-41.6,93.2,53.7,20.2,24.5,0.010,0.990,0.000,0.811
510,511,D,H,49.3,-65.4,-40.2,92.8,52.3,11.6,28.1,0.009,0.991,0.000,0.831
511,512,V,H,4.6,-65.7,-43.1,94.2,50.3,23.9,27.3,0.002,0.998,0.000,0.846
512,513,L,H,0.9,-64.8,-43.8,94.2,50.8,28.3,28.1,0.001,0.999,0.000,0.870
513,514,C,H,11.9,-64.1,-42.5,93.4,52.1,21.5,27.9,0.001,0.999,0.000,0.885
514,515,T,H,21.9,-65.7,-41.0,93.4,50.9,17.4,29.1,0.003,0.997,0.000,0.888
515,516,I,H,0.7,-64.3,-44.3,93.6,50.0,27.9,28.5,0.002,0.998,0.000,0.881
516,517,T,H,1.7,-64.9,-43.0,94.1,51.2,26.8,28.1,0.004,0.996,0.000,0.864
517,518,K,H,68.0,-65.2,-39.6,92.3,51.8,12.2,29.0,0.024,0.976,0.000,0.833
518,519,T,H,4.0,-65.9,-42.6,94.0,50.5,23.3,26.2,0.016,0.984,0.000,0.834
519,520,M,H,1.9,-65.2,-43.3,94.3,51.1,27.1,26.0,0.004,0.996,0.000,0.830
520,521,D,H,46.2,-64.4,-41.1,92.8,52.6,13.6,26.2,0.003,0.997,0.000,0.836
521,522,Y,H,53.0,-66.2,-40.8,93.1,50.1,12.3,25.0,0.004,0.996,0.000,0.828
522,523,L,H,3.5,-65.7,-43.6,94.1,50.5,24.8,19.9,0.004,0.996,0.000,0.817
523,524,H,H,25.6,-64.4,-40.7,93.5,50.9,20.8,19.5,0.020,0.980,0.000,0.801
524,525,S,H,74.7,-68.6,-31.3,90.9,51.4,3.2,22.1,0.106,0.894,0.000,0.780
525,526,Q,C,76.2,-95.2,0.6,95.4,46.8,10.8,17.1,0.915,0.084,0.001,0.755
526,527,G,C,32.0,79.3,12.2,95.6,-107.6,13.1,23.3,0.997,0.001,0.002,0.754
527,528,V,C,8.9,-97.1,125.9,116.5,143.4,23.7,21.8,0.708,0.001,0.291,0.778
528,529,V,E,7.7,-108.8,125.7,118.8,-162.2,23.9,27.6,0.408,0.002,0.591,0.793
529,530,H,C,10.1,-74.9,-18.9,98.5,-147.8,24.5,23.4,0.739,0.005,0.256,0.817
530,531,R,C,52.5,71.3,6.2,98.4,-118.8,19.2,24.9,0.913,0.033,0.054,0.819
531,532,D,C,39.6,-94.1,5.6,99.1,56.0,16.1,25.1,0.953,0.021,0.026,0.828
532,533,L,C,2.1,-88.7,133.8,117.9,115.6,27.5,20.3,0.917,0.001,0.082,0.817
533,534,K,C,35.7,-115.1,140.6,124.8,-165.0,16.1,28.7,0.995,0.000,0.005,0.800
534,535,P,H,7.7,-63.7,-30.5,94.5,-113.4,24.9,21.0,0.092,0.908,0.000,0.772
535,536,S,H,48.8,-69.0,-23.0,91.1,65.7,11.0,24.5,0.120,0.880,0.000,0.754
536,537,N,H,14.9,-97.0,-1.5,96.8,49.5,20.3,22.8,0.114,0.885,0.000,0.747
537,538,I,E,3.1,-99.3,132.8,120.7,94.9,26.9,20.7,0.026,0.000,0.974,0.754
538,539,L,E,16.2,-108.2,130.2,120.0,-157.4,21.0,26.8,0.026,0.000,0.974,0.782
539,540,Y,E,13.5,-125.8,143.5,130.5,-170.3,23.4,21.2,0.066,0.001,0.933,0.790
540,541,R,E,86.2,-114.9,136.5,123.4,-156.1,10.0,22.5,0.321,0.003,0.676,0.795
541,542,D,C,30.9,-92.1,175.4,124.8,-141.3,13.6,14.5,0.882,0.004,0.115,0.768
542,543,E,C,152.0,-67.2,-22.6,93.1,-91.1,2.5,14.3,0.975,0.017,0.007,0.718
543,544,S,C,87.4,-88.4,-2.5,95.3,45.9,1.3,12.3,0.971,0.021,0.008,0.672
544,545,G,C,44.7,87.8,4.8,97.2,-102.1,6.3,12.5,0.974,0.012,0.014,0.641
545,546,S,C,55.7,-88.5,135.3,117.3,133.4,5.6,18.1,0.962,0.002,0.036,0.645
546,547,P,C,45.1,-69.3,134.6,108.2,-113.9,15.7,16.0,0.753,0.184,0.063,0.678
547,548,E,C,86.8,-90.5,-13.2,104.1,-172.3,10.3,21.9,0.695,0.194,0.110,0.719
548,549,S,C,21.3,-108.1,128.1,117.7,89.0,19.3,24.2,0.486,0.109,0.405,0.752
549,550,I,E,2.5,-110.7,130.7,122.0,-155.4,26.9,24.4,0.121,0.001,0.878,0.791
550,551,R,E,11.4,-119.4,134.7,124.7,-166.5,22.2,29.4,0.024,0.000,0.976,0.828
551,552,V,E,1.1,-105.6,126.9,118.7,-149.5,27.5,29.1,0.027,0.000,0.973,0.887
552,553,C,E,1.7,-128.4,149.1,130.0,-174.8,26.2,29.4,0.194,0.002,0.804,0.914
553,554,D,C,9.8,57.8,47.8,101.4,1.3,22.0,29.2,0.680,0.034,0.286,0.915
554,555,F,C,2.3,-85.3,102.0,109.0,-166.7,27.3,25.8,0.796,0.070,0.134,0.879
555,556,G,C,7.0,-76.0,-24.2,99.8,128.4,22.9,27.2,0.732,0.182,0.086,0.849
556,557,F,C,14.9,-94.3,1.8,99.4,47.3,22.8,25.8,0.589,0.243,0.167,0.842
557,558,A,E,3.5,-88.8,141.9,119.2,115.2,25.7,21.1,0.408,0.173,0.419,0.848
558,559,K,E,44.0,-128.5,145.9,129.6,-176.1,17.0,26.7,0.242,0.057,0.700,0.853
559,560,Q,E,54.1,-84.0,131.8,114.2,-117.6,16.6,22.9,0.238,0.056,0.706,0.844
560,561,L,C,33.2,-93.7,131.7,115.2,-146.3,19.9,15.5,0.504,0.060,0.436,0.823
561,562,R,C,118.7,-92.8,132.7,115.2,-129.9,8.4,17.9,0.754,0.057,0.188,0.808
562,563,A,C,67.0,-73.7,129.4,108.2,-112.4,8.5,13.6,0.820,0.132,0.048,0.789
563,564,G,C,62.2,73.2,-11.6,102.6,4.9,1.4,12.9,0.866,0.116,0.018,0.759
564,565,N,C,104.2,-90.7,10.7,102.0,42.0,4.7,12.8,0.888,0.089,0.023,0.751
565,566,G,C,42.6,87.8,-36.8,109.5,-101.0,5.4,15.2,0.883,0.070,0.047,0.754
566,567,L,C,76.1,-88.6,127.4,112.7,-17.6,11.0,16.4,0.798,0.055,0.147,0.787
567,568,L,C,42.2,-95.7,131.7,116.5,-139.4,17.1,16.9,0.768,0.032,0.200,0.823
568,569,M,C,51.8,-102.6,128.9,116.9,-151.0,14.5,22.2,0.804,0.013,0.182,0.855
569,570,T,C,18.9,-108.3,139.6,123.2,-151.8,20.3,22.5,0.914,0.003,0.083,0.877
570,571,P,C,10.6,-73.2,78.4,105.0,-110.8,23.6,25.0,0.956,0.012,0.032,0.888
571,572,C,C,10.5,-109.2,132.1,119.3,-177.4,23.4,26.0,0.905,0.012,0.083,0.916
572,573,Y,C,20.5,-127.0,155.1,128.1,-169.0,22.6,26.1,0.922,0.007,0.071,0.923
573,574,T,C,10.9,-93.8,156.5,124.3,-121.5,21.9,26.4,0.943,0.011,0.046,0.929
574,575,A,H,12.1,-65.5,-31.6,94.3,-103.8,22.9,23.6,0.232,0.767,0.000,0.920
575,576,N,H,50.7,-74.5,-21.2,93.6,59.7,15.7,25.7,0.257,0.742,0.001,0.908
576,577,F,H,8.7,-102.6,1.3,103.2,43.8,23.7,25.1,0.247,0.751,0.002,0.923
577,578,V,C,4.2,-100.2,135.2,118.5,98.1,25.6,24.1,0.784,0.103,0.113,0.931
578,579,A,C,4.3,-74.9,142.5,114.8,-115.4,24.1,25.7,0.948,0.049,0.003,0.933
579,580,P,H,22.2,-64.6,-33.7,94.9,-111.8,21.2,23.6,0.064,0.936,0.000,0.922
580,581,E,H,46.8,-67.3,-36.9,93.4,53.6,14.4,25.1,0.034,0.965,0.002,0.922
581,582,V,H,7.2,-67.9,-40.7,94.9,50.4,23.3,20.6,0.018,0.980,0.002,0.921
582,583,L,H,14.8,-68.7,-35.0,94.9,52.6,23.0,18.4,0.056,0.941,0.003,0.917
583,584,K,H,106.6,-79.4,-17.9,96.5,52.6,8.0,19.3,0.321,0.673,0.006,0.897
584,585,R,C,116.5,-86.0,8.4,101.6,49.9,9.8,15.0,0.619,0.370,0.010,0.875
585,586,Q,C,102.3,-89.2,36.0,105.7,109.6,8.2,15.8,0.803,0.185,0.011,0.867
586,587,G,C,38.6,96.5,35.8,112.3,-92.1,7.9,19.3,0.958,0.028,0.014,0.871
587,588,Y,C,34.3,-102.1,134.7,120.3,-163.5,21.6,15.2,0.940,0.007,0.053,0.894
588,589,D,C,55.4,-110.3,166.4,130.0,-169.2,8.2,25.3,0.965,0.014,0.020,0.920
589,590,A,H,47.8,-62.9,-36.1,93.4,-96.6,15.6,20.2,0.118,0.882,0.000,0.923
590,591,A,H,28.9,-64.9,-40.1,92.7,53.3,13.5,25.2,0.066,0.933,0.000,0.939
591,592,C,H,8.9,-65.8,-41.6,94.3,51.3,22.9,23.1,0.031,0.968,0.000,0.964
592,593,D,H,12.2,-64.3,-42.3,93.8,52.4,22.2,25.6,0.035,0.965,0.000,0.994
593,594,I,H,12.5,-65.7,-42.2,94.6,52.1,22.8,27.9,0.027,0.972,0.001,0.996
594,595,W,H,16.3,-66.4,-41.1,94.7,51.7,23.0,28.2,0.023,0.976,0.001,0.994
595,596,S,H,2.8,-66.0,-42.5,94.7,52.1,25.1,28.5,0.020,0.980,0.000,0.975
596,597,L,H,2.5,-65.6,-43.2,94.6,51.3,26.3,29.4,0.008,0.992,0.000,0.971
597,598,G,H,2.3,-65.2,-43.0,94.4,51.9,24.9,29.0,0.009,0.991,0.000,0.966
598,599,I,H,5.6,-65.5,-43.2,94.4,50.7,24.1,29.3,0.007,0.993,0.000,0.981
599,600,L,H,2.4,-65.5,-43.4,94.4,50.5,25.7,29.4,0.003,0.997,0.000,0.979
600,601,L,H,1.4,-65.1,-43.8,94.4,50.7,27.2,29.5,0.000,1.000,0.000,0.995
601,602,Y,H,7.2,-65.4,-43.1,94.5,51.1,24.6,28.9,0.000,1.000,0.000,0.994
602,603,T,H,7.8,-65.5,-42.5,94.0,50.6,21.9,28.8,0.000,1.000,0.000,0.965
603,604,M,H,3.7,-66.3,-42.5,94.4,49.9,24.8,28.2,0.001,0.999,0.000,0.922
604,605,L,H,3.7,-70.5,-36.9,95.4,48.8,25.2,26.8,0.009,0.991,0.000,0.885
605,606,A,H,11.1,-93.8,-6.9,98.3,44.9,21.6,24.0,0.263,0.737,0.000,0.853
606,607,G,C,21.4,84.0,7.7,95.4,-107.0,16.5,22.6,0.997,0.001,0.002,0.845
607,608,F,C,57.5,-113.7,145.9,128.7,112.6,14.7,24.5,0.987,0.000,0.013,0.836
608,609,T,C,29.4,-72.5,134.9,112.2,-110.7,18.2,25.3,0.983,0.006,0.012,0.828
609,610,P,C,7.2,-72.1,-24.7,97.3,-134.3,24.6,20.8,0.905,0.088,0.007,0.814
610,611,F,C,12.6,-95.1,3.6,100.3,45.4,23.4,19.7,0.809,0.155,0.036,0.790
611,612,A,C,43.4,-71.5,-27.0,96.5,96.5,13.6,19.9,0.810,0.152,0.037,0.752
612,613,N,C,79.2,-110.5,47.6,112.3,41.5,7.9,21.0,0.906,0.071,0.023,0.709
613,614,G,C,21.9,168.0,-177.7,132.2,152.7,9.7,17.3,0.964,0.015,0.020,0.688
614,615,P,C,98.0,-69.0,-21.0,96.2,-73.9,5.6,16.3,0.953,0.044,0.003,0.707
615,616,D,C,106.4,-90.6,8.0,99.2,44.7,2.9,16.5,0.951,0.046,0.003,0.752
616,617,D,C,46.0,-82.6,136.3,114.4,119.0,15.8,11.8,0.963,0.033,0.004,0.783
617,618,T,C,61.9,-98.6,140.5,119.4,-144.1,7.0,22.5,0.984,0.012,0.003,0.794
618,619,P,H,32.5,-59.9,-35.4,91.6,-122.8,20.6,13.7,0.050,0.950,0.000,0.817
619,620,E,H,112.7,-63.2,-39.1,91.9,55.1,4.7,20.6,0.010,0.990,0.000,0.849
620,621,E,H,93.6,-66.7,-38.9,92.9,50.3,5.1,21.7,0.003,0.997,0.000,0.879
621,622,I,H,9.3,-65.5,-42.9,93.9,50.4,22.5,17.5,0.001,0.999,0.000,0.893
622,623,L,H,28.9,-63.0,-41.3,93.0,52.0,18.3,20.2,0.001,0.999,0.000,0.898
623,624,A,H,60.2,-64.8,-39.8,92.0,50.7,3.9,23.8,0.003,0.997,0.000,0.885
624,625,R,H,73.1,-67.5,-39.6,93.2,49.8,10.8,21.6,0.008,0.992,0.000,0.858
625,626,I,H,6.0,-65.8,-42.2,94.3,51.2,24.8,17.3,0.022,0.978,0.000,0.809
626,627,G,H,26.7,-65.3,-36.0,92.9,51.8,13.1,19.7,0.170,0.829,0.000,0.766
627,628,S,C,71.6,-91.0,-4.6,97.2,48.0,4.0,21.7,0.588,0.407,0.005,0.731
628,629,G,C,23.6,77.4,9.1,97.9,-110.1,16.6,15.8,0.964,0.029,0.007,0.723
629,630,K,C,115.6,-95.9,117.9,112.4,144.2,5.2,21.7,0.896,0.026,0.079,0.740
630,631,Y,C,34.8,-93.3,129.5,116.2,-150.1,22.0,14.3,0.850,0.024,0.126,0.751
631,632,A,C,55.9,-97.8,121.1,113.4,-148.8,8.2,23.6,0.838,0.024,0.138,0.740
632,633,L,C,28.3,-94.2,125.6,114.4,-153.5,21.8,13.9,0.890,0.022,0.088,0.706
633,634,S,C,64.3,-87.3,90.0,107.7,-148.2,8.2,18.4,0.906,0.049,0.045,0.666
634,635,G,C,39.9,85.3,11.5,109.4,-20.8,9.2,16.6,0.897,0.070,0.032,0.626
635,636,G,C,41.3,71.7,-11.6,106.2,-81.8,8.7,17.0,0.906,0.071,0.023,0.626
636,637,N,C,78.0,-96.7,88.8,108.5,39.6,8.6,18.7,0.906,0.068,0.026,0.660
637,638,W,C,49.3,-74.7,-13.9,98.7,-171.3,21.2,14.4,0.655,0.328,0.018,0.716
638,639,D,C,100.6,-74.2,-19.9,95.2,82.6,4.3,20.7,0.653,0.336,0.011,0.755
639,640,S,C,48.5,-97.4,6.2,101.4,48.0,9.5,20.1,0.615,0.374,0.011,0.752
640,641,I,C,7.9,-88.1,137.9,119.9,115.0,25.7,12.1,0.972,0.003,0.024,0.758
641,642,S,C,23.5,-70.2,153.0,116.5,-106.6,11.6,20.1,0.995,0.002,0.002,0.760
642,643,D,H,97.8,-61.7,-34.4,91.9,-111.0,5.2,19.1,0.065,0.935,0.000,0.765
643,644,A,H,41.0,-66.4,-37.5,92.9,53.9,8.1,20.6,0.032,0.968,0.000,0.766
644,645,A,H,2.9,-64.9,-42.0,93.5,51.8,25.8,16.6,0.004,0.996,0.000,0.763
645,646,K,H,49.4,-62.1,-41.4,92.3,53.9,16.6,22.8,0.004,0.996,0.000,0.774
646,647,D,H,68.3,-64.8,-39.8,92.2,51.3,6.0,27.0,0.007,0.993,0.000,0.803
647,648,V,H,4.6,-65.2,-44.0,94.0,50.3,23.5,23.7,0.003,0.997,0.000,0.808
648,649,V,H,1.0,-65.3,-42.8,94.0,51.1,28.2,23.8,0.003,0.997,0.000,0.804
649,650,S,H,36.4,-66.1,-35.1,92.4,54.1,15.4,24.2,0.019,0.981,0.000,0.792
650,651,K,H,88.5,-75.8,-22.8,93.8,52.2,9.4,25.8,0.207,0.792,0.000,0.776
651,652,M,C,4.9,-90.5,-12.4,98.5,50.1,24.2,22.3,0.617,0.377,0.006,0.770
652,653,L,C,2.7,-94.3,128.8,117.6,90.1,27.5,18.9,0.906,0.019,0.075,0.774
653,654,H,C,69.1,-114.7,141.4,124.9,-173.0,11.1,25.8,0.884,0.003,0.113,0.794
654,655,V,C,57.5,-69.8,-27.3,95.7,-130.7,15.4,19.9,0.989,0.000,0.011,0.807
655,656,D,C,64.2,-110.6,96.7,110.1,55.7,7.1,21.8,0.999,0.000,0.001,0.823
656,657,P,H,15.4,-65.5,-29.5,91.5,-162.1,23.9,13.0,0.217,0.783,0.000,0.799
657,658,H,H,124.7,-72.7,-18.4,90.8,63.7,5.7,19.5,0.333,0.667,0.000,0.797
658,659,Q,H,102.3,-98.3,2.0,99.1,46.5,5.5,21.1,0.303,0.696,0.001,0.778
659,660,R,C,25.3,-87.7,141.0,120.2,109.7,22.4,15.7,0.982,0.003,0.015,0.778
660,661,L,C,10.7,-74.8,142.3,114.2,-109.4,23.3,22.1,0.940,0.003,0.058,0.779
661,662,T,C,28.0,-90.9,155.6,123.3,-129.3,12.0,27.3,0.920,0.003,0.078,0.781
662,663,A,H,8.0,-60.8,-36.8,92.2,-109.4,24.8,17.7,0.036,0.964,0.000,0.781
663,664,M,H,81.4,-64.2,-39.6,92.7,55.2,9.3,23.8,0.009,0.991,0.000,0.784
664,665,Q,H,56.4,-67.0,-38.2,92.8,50.7,9.4,23.1,0.006,0.994,0.000,0.789
665,666,V,H,1.6,-65.7,-42.2,94.0,51.5,27.1,18.5,0.007,0.993,0.000,0.802
666,667,L,H,41.3,-68.7,-29.3,92.9,54.9,18.8,19.8,0.168,0.832,0.000,0.810
667,668,K,C,121.5,-91.6,-2.1,96.1,51.0,4.3,23.1,0.731,0.266,0.003,0.828
668,669,H,C,13.0,-76.5,139.3,118.0,107.2,24.4,10.6,0.998,0.000,0.002,0.855
669,670,P,C,75.8,-66.1,-25.7,90.6,-135.2,7.3,23.0,0.986,0.012,0.001,0.860
670,671,W,C,35.0,-85.5,-12.0,95.7,56.6,20.2,18.6,0.976,0.020,0.003,0.872
671,672,V,C,6.7,-104.5,125.5,119.4,73.3,25.4,16.4,0.793,0.036,0.171,0.883
672,673,V,C,63.6,-90.1,-24.0,102.1,175.7,10.7,22.2,0.929,0.024,0.047,0.875
673,674,N,C,64.1,-118.4,82.1,109.8,21.9,10.3,19.3,0.967,0.019,0.014,0.867
674,675,R,H,76.6,-68.3,-26.3,95.0,-178.2,17.4,13.8,0.264,0.735,0.001,0.856
675,676,E,H,138.8,-71.5,-20.6,92.1,63.6,2.4,19.4,0.299,0.700,0.001,0.844
676,677,Y,H,92.5,-94.3,-3.3,98.0,51.6,9.9,16.8,0.268,0.731,0.000,0.825
677,678,L,C,17.2,-88.2,137.3,119.1,98.3,23.5,12.1,0.983,0.005,0.012,0.810
678,679,S,C,37.2,-73.9,149.9,115.9,-111.7,9.8,19.4,0.989,0.002,0.009,0.777
679,680,P,C,81.2,-66.1,-22.8,95.8,-113.5,10.0,16.5,0.810,0.187,0.003,0.744
680,681,N,C,91.9,-90.5,9.0,101.1,55.0,6.5,17.7,0.803,0.186,0.011,0.718
681,682,Q,C,86.5,-96.9,135.1,118.4,102.6,8.9,19.8,0.723,0.159,0.118,0.714
682,683,L,C,20.9,-83.0,136.7,115.5,-123.1,22.8,14.3,0.941,0.004,0.055,0.723
683,684,S,C,50.9,-81.4,145.6,115.5,-122.9,8.2,21.7,0.968,0.008,0.024,0.735
684,685,R,H,113.2,-70.0,-23.2,98.6,-121.0,13.3,15.8,0.467,0.532,0.002,0.757
685,686,Q,H,101.2,-74.1,-21.1,97.9,64.7,6.5,19.0,0.454,0.543,0.003,0.788
686,687,D,H,42.4,-84.4,-11.3,100.0,57.1,14.2,15.8,0.385,0.609,0.006,0.827
687,688,V,H,42.1,-81.5,-2.8,104.9,87.9,16.6,15.2,0.266,0.715,0.019,0.832
688,689,H,H,96.0,-80.3,-14.4,102.1,91.8,8.8,19.4,0.273,0.696,0.031,0.840
689,690,L,H,60.0,-85.1,-2.0,104.0,69.7,11.6,18.7,0.258,0.704,0.038,0.828
690,691,V,H,21.2,-92.5,116.4,112.1,129.6,22.1,13.6,0.356,0.497,0.147,0.822
691,692,K,C,105.5,-100.5,108.7,112.0,175.9,8.2,19.9,0.584,0.347,0.069,0.797
692,693,G,C,36.4,106.9,-163.7,117.9,20.0,8.4,19.0,0.586,0.386,0.029,0.767
693,694,A,H,51.2,-71.3,-27.9,98.1,-21.9,10.8,18.4,0.403,0.544,0.053,0.763
694,695,M,H,49.4,-73.1,-30.3,97.9,57.3,15.3,17.0,0.338,0.567,0.095,0.778
695,696,A,H,36.7,-72.4,-24.8,98.5,58.6,12.9,18.0,0.313,0.585,0.102,0.795
696,697,A,H,34.7,-78.9,-23.8,101.9,73.6,11.0,19.7,0.280,0.567,0.153,0.826
697,698,T,H,33.1,-84.2,-21.1,106.2,74.0,12.3,19.9,0.281,0.507,0.212,0.846
698,699,Y,H,48.9,-82.9,-12.2,102.0,82.0,17.4,19.4,0.293,0.450,0.256,0.856
699,700,F,H,52.6,-87.6,1.5,105.2,89.0,14.3,20.5,0.308,0.411,0.282,0.851
700,701,A,C,24.7,-83.6,20.3,106.7,104.4,13.2,18.9,0.438,0.384,0.178,0.832
701,702,L,C,57.4,-72.4,-23.1,96.6,133.0,15.0,18.0,0.522,0.348,0.130,0.798
702,703,N,C,82.8,-91.1,4.5,100.7,53.0,7.6,19.9,0.666,0.256,0.078,0.767
703,704,R,C,77.4,-97.2,121.6,114.1,104.5,13.5,15.6,0.879,0.025,0.096,0.750
704,705,T,C,43.0,-119.6,143.2,126.2,-175.2,12.3,17.6,0.942,0.001,0.057,0.748
705,706,P,C,82.5,-71.1,-16.0,97.5,-130.8,8.4,16.9,0.986,0.003,0.011,0.740
706,707,Q,C,101.4,-111.2,143.2,125.4,77.7,5.5,18.1,0.975,0.001,0.024,0.721
707,708,A,C,55.7,-71.9,145.3,115.2,-105.7,11.2,18.2,0.986,0.000,0.013,0.728
708,709,P,C,21.5,-70.5,146.4,114.2,-104.5,21.4,13.6,0.980,0.001,0.019,0.724
709,710,R,C,134.5,-102.4,128.7,117.0,-140.0,5.6,23.6,0.724,0.003,0.274,0.749
710,711,L,C,45.0,-88.3,131.8,115.6,-137.3,20.2,11.8,0.859,0.004,0.137,0.770
711,712,E,C,91.5,-112.0,150.4,125.5,-165.6,6.5,19.8,0.949,0.001,0.050,0.793
712,713,P,C,80.0,-68.5,144.9,111.1,-92.4,6.8,18.5,0.929,0.053,0.017,0.795
713,714,V,C,53.9,-69.2,-23.6,98.1,-119.2,17.5,12.3,0.792,0.179,0.029,0.792
714,715,L,C,102.3,-77.4,-15.0,98.8,63.1,6.5,17.1,0.786,0.196,0.018,0.783
715,716,S,C,74.8,-87.6,2.5,101.8,57.3,4.2,15.8,0.813,0.170,0.017,0.762
716,717,S,C,37.1,-81.6,138.1,113.6,119.6,15.1,10.4,0.830,0.160,0.010,0.735
717,718,N,H,89.6,-69.8,-24.1,97.2,-132.4,6.5,18.2,0.337,0.652,0.011,0.722
718,719,L,H,34.9,-70.0,-31.8,94.8,56.9,16.8,13.0,0.222,0.768,0.010,0.717
719,720,A,H,47.3,-65.8,-35.2,94.2,62.3,11.4,15.3,0.246,0.739,0.014,0.720
720,721,Q,H,108.2,-68.4,-33.8,94.0,54.1,3.4,17.7,0.271,0.702,0.026,0.717
721,722,R,H,70.9,-72.4,-30.0,96.5,59.4,12.4,12.4,0.377,0.585,0.039,0.698
722,723,R,C,89.2,-74.5,-22.1,98.0,60.6,13.2,12.5,0.514,0.438,0.048,0.676
723,724,G,C,53.2,59.0,-5.5,100.3,18.6,3.3,15.7,0.711,0.264,0.025,0.648
724,725,M,C,90.5,-86.5,58.2,106.9,86.9,9.1,10.8,0.743,0.231,0.026,0.634
725,726,K,C,133.2,-76.2,-9.5,101.1,103.5,4.9,13.2,0.712,0.253,0.035,0.621
726,727,R,C,155.0,-83.0,7.0,102.6,58.6,3.7,12.5,0.756,0.213,0.031,0.615
727,728,L,C,84.9,-86.9,46.9,105.9,85.3,10.1,9.5,0.800,0.174,0.026,0.608
728,729,T,C,91.4,-88.3,23.4,105.7,132.0,4.9,12.9,0.786,0.182,0.031,0.594
729,730,S,C,76.5,-81.0,-5.6,101.6,82.9,5.2,11.6,0.747,0.210,0.043,0.566
730,731,T,C,89.8,-85.0,0.7,102.7,70.8,5.1,12.1,0.788,0.164,0.048,0.501
731,732,R,C,145.4,-86.7,41.1,105.2,65.8,5.2,12.7,0.862,0.070,0.068,0.451
732,733,L,C,106.3,-92.4,117.2,112.0,147.7,9.7,9.5,0.991,0.001,0.008,0.439
