Q62419,#,SEQ,SS,ASA,Phi,Psi,Theta(i-1=>i+1),Tau(i-2=>i+2),HSE_alpha_up,HSE_alpha_down,P(C),P(H),P(E),flexibility,side_-1,side_1,side_2,side_3,side_4,side_5,nAli,nPos,nS/nT,Proline,phi_psi,positivity
0,1,M,C,121.5,-102.2,149.3,121.7,149.3,6.8,7.6,0.987,0.006,0.006,0.532,None,small,very_small,very_small,gly,small,0,0,1,0,alpha,0
1,2,S,C,75.6,-79.3,153.1,116.4,-103.7,3.2,13.6,0.935,0.037,0.028,0.531,normal,very_small,very_small,gly,small,long,0,0,1,0,alpha,0
2,3,V,H,77.3,-62.6,-32.7,94.2,-109.3,11.2,11.2,0.268,0.73,0.002,0.557,small,very_small,gly,small,long,long,0,0,1,0,beta,0
3,4,A,H,65.5,-64.7,-37.9,93.7,58.0,4.3,15.5,0.207,0.793,0.0,0.581,very_small,gly,small,long,long,normal,1,0,2,0,beta,0
4,5,G,H,34.3,-67.1,-35.7,93.7,50.7,5.7,16.7,0.197,0.803,0.0,0.604,very_small,small,long,long,normal,cycle,2,0,2,0,beta,0
5,6,L,H,50.7,-68.0,-36.4,93.9,52.5,12.3,14.0,0.152,0.847,0.001,0.631,gly,long,long,normal,cycle,cycle,2,0,2,0,beta,0
6,7,K,H,101.4,-65.6,-38.4,93.9,54.7,7.7,15.4,0.213,0.785,0.002,0.66,small,long,normal,cycle,cycle,long,2,0,2,0,beta,0
7,8,K,H,119.7,-67.4,-36.1,93.8,52.5,3.4,17.1,0.253,0.742,0.005,0.707,long,normal,cycle,cycle,long,very_small,1,0,3,0,beta,0
8,9,Q,H,78.3,-70.9,-34.1,95.2,50.6,8.1,17.4,0.295,0.697,0.009,0.736,long,cycle,cycle,long,very_small,small,1,0,3,0,beta,0
9,10,F,H,62.4,-76.6,-30.4,100.1,53.3,13.3,15.2,0.331,0.642,0.027,0.764,normal,cycle,long,very_small,small,normal,0,0,3,0,beta,0
10,11,Y,H,112.1,-72.4,-35.4,98.4,56.9,7.1,18.8,0.4,0.566,0.035,0.783,cycle,long,very_small,small,normal,small,0,0,3,0,beta,0
11,12,K,H,83.8,-68.7,-36.7,95.2,53.1,8.4,18.4,0.348,0.567,0.086,0.778,cycle,very_small,small,normal,small,very_small,0,1,3,0,beta,0
12,13,A,H,27.9,-67.0,-38.6,94.4,54.1,14.9,14.8,0.304,0.581,0.116,0.768,long,small,normal,small,very_small,small,0,2,2,0,beta,0
13,14,S,H,57.0,-68.0,-36.3,95.0,54.9,7.6,18.2,0.313,0.475,0.212,0.756,very_small,normal,small,very_small,small,normal,1,2,2,0,beta,0
14,15,Q,H,89.6,-69.0,-35.7,94.6,52.5,5.9,18.5,0.281,0.415,0.304,0.758,small,small,very_small,small,normal,long,1,1,2,0,beta,0
15,16,L,H,51.3,-69.5,-36.2,95.0,53.5,12.9,14.8,0.226,0.405,0.369,0.76,normal,very_small,small,normal,long,very_small,1,0,2,0,beta,0
16,17,V,H,66.2,-70.0,-33.3,95.6,55.3,10.6,15.2,0.249,0.396,0.354,0.764,small,small,normal,long,very_small,gly,1,1,3,0,beta,0
17,18,S,H,72.2,-75.7,-25.2,97.2,53.5,3.7,16.5,0.341,0.346,0.313,0.757,very_small,normal,long,very_small,gly,gly,2,1,3,0,beta,0
18,19,E,C,97.3,-77.7,-17.7,100.7,65.1,7.6,13.0,0.384,0.262,0.354,0.746,small,long,very_small,gly,gly,very_small,2,1,3,0,beta,0
19,20,K,C,114.7,-80.9,-7.9,102.0,64.9,6.9,13.3,0.454,0.226,0.32,0.719,normal,very_small,gly,gly,very_small,normal,1,0,3,0,beta,0
20,21,V,C,77.7,-87.2,1.6,103.3,60.3,9.2,12.5,0.652,0.183,0.164,0.7,long,gly,gly,very_small,normal,gly,0,0,3,0,beta,0
21,22,G,C,46.1,75.5,-13.2,105.9,-16.7,5.8,14.6,0.848,0.102,0.05,0.677,very_small,gly,very_small,normal,gly,small,1,0,3,0,other,0
22,23,G,C,51.5,-28.6,15.2,105.5,-49.8,4.8,14.0,0.803,0.15,0.047,0.661,gly,very_small,normal,gly,small,long,1,0,3,0,other,0
23,24,A,C,59.3,-87.9,114.7,110.2,111.4,8.6,10.5,0.706,0.225,0.069,0.664,gly,normal,gly,small,long,small,1,0,3,0,alpha,0
24,25,E,C,135.2,-84.6,124.8,110.7,-128.4,4.6,12.6,0.755,0.177,0.068,0.677,very_small,gly,small,long,small,normal,1,1,2,0,alpha,0
25,26,G,C,47.8,79.6,-18.5,107.7,3.9,5.4,14.9,0.823,0.113,0.064,0.683,normal,small,long,small,normal,normal,1,1,2,0,other,0
26,27,T,C,57.5,-94.5,119.3,112.5,177.1,13.6,11.7,0.773,0.106,0.122,0.71,gly,long,small,normal,normal,normal,1,1,2,0,alpha,1
27,28,K,C,140.0,-89.8,78.4,106.8,-153.5,3.7,17.4,0.775,0.074,0.152,0.74,small,small,normal,normal,normal,cycle,0,0,2,0,other,0
28,29,L,C,53.0,-95.4,142.1,120.4,179.2,15.4,10.9,0.943,0.007,0.05,0.771,long,normal,normal,normal,cycle,long,0,0,1,0,alpha,0
29,30,D,C,67.4,-79.1,167.6,120.6,-117.0,5.8,17.2,0.984,0.01,0.005,0.816,small,normal,normal,cycle,long,normal,1,0,1,0,alpha,0
30,31,D,H,111.4,-62.0,-33.3,92.3,-102.7,2.8,16.0,0.124,0.876,0.0,0.83,normal,normal,cycle,long,normal,normal,1,0,1,0,beta,0
31,32,D,H,65.4,-67.2,-37.1,93.7,52.5,7.5,17.2,0.108,0.892,0.0,0.837,normal,cycle,long,normal,normal,normal,1,0,1,0,beta,0
32,33,F,H,25.5,-63.9,-41.0,93.0,52.2,18.7,14.6,0.021,0.979,0.0,0.832,normal,long,normal,normal,normal,long,0,1,2,0,beta,0
33,34,K,H,106.3,-63.9,-39.8,92.7,52.8,6.2,20.6,0.012,0.988,0.0,0.822,cycle,normal,normal,normal,long,long,0,1,3,0,beta,0
34,35,D,H,74.6,-66.3,-39.3,92.8,50.2,4.6,21.9,0.01,0.99,0.0,0.823,long,normal,normal,long,long,very_small,0,1,3,0,beta,0
35,36,M,H,21.7,-65.1,-42.3,93.6,50.6,18.6,17.2,0.005,0.995,0.0,0.811,normal,normal,long,long,very_small,normal,0,0,3,0,beta,0
36,37,E,H,47.8,-63.7,-40.3,93.2,52.6,15.6,18.7,0.005,0.995,0.0,0.797,normal,long,long,very_small,normal,very_small,0,0,3,0,beta,0
37,38,K,H,123.8,-65.3,-38.3,91.7,51.0,2.7,23.2,0.009,0.991,0.0,0.8,normal,long,very_small,normal,very_small,small,0,0,2,0,beta,0
38,39,K,H,65.3,-67.5,-39.2,93.2,50.1,11.7,20.4,0.015,0.985,0.0,0.817,long,very_small,normal,very_small,small,small,0,1,2,0,beta,0
39,40,V,H,13.1,-64.7,-41.7,93.8,51.6,22.4,17.8,0.006,0.994,0.0,0.834,long,normal,very_small,small,small,long,0,1,2,0,beta,0
40,41,D,H,73.5,-64.2,-39.9,92.6,52.3,6.5,23.5,0.006,0.994,0.0,0.855,very_small,very_small,small,small,long,very_small,1,1,2,0,beta,0
41,42,V,H,42.5,-66.0,-40.9,93.2,50.6,9.8,23.1,0.009,0.991,0.0,0.846,normal,small,small,long,very_small,very_small,1,0,2,0,beta,0
42,43,T,H,8.2,-65.1,-43.1,94.2,51.2,23.0,19.8,0.008,0.992,0.0,0.834,very_small,small,long,very_small,very_small,very_small,2,1,2,0,beta,0
43,44,S,H,29.7,-62.9,-41.4,92.9,52.5,15.2,22.7,0.011,0.989,0.0,0.817,small,long,very_small,very_small,very_small,normal,1,2,3,0,beta,0
44,45,K,H,107.1,-65.2,-39.8,92.1,50.1,4.2,26.1,0.013,0.987,0.0,0.815,small,very_small,very_small,very_small,normal,very_small,1,2,3,0,beta,0
45,46,A,H,9.5,-65.8,-42.9,93.8,50.1,18.9,21.1,0.004,0.996,0.0,0.831,long,very_small,very_small,normal,very_small,small,0,1,3,0,beta,0
46,47,V,H,6.1,-64.4,-42.6,93.9,50.9,24.8,21.2,0.002,0.998,0.0,0.851,very_small,very_small,normal,very_small,small,very_small,1,0,3,0,beta,0
47,48,A,H,45.6,-63.7,-40.7,92.4,52.1,9.5,24.2,0.001,0.999,0.0,0.868,very_small,normal,very_small,small,very_small,long,2,0,3,0,beta,0
48,49,E,H,72.1,-65.8,-40.3,92.4,50.0,7.3,24.9,0.001,0.999,0.0,0.889,very_small,very_small,small,very_small,long,small,3,0,3,0,beta,0
49,50,V,H,2.5,-65.5,-43.7,93.8,49.6,25.1,20.3,0.001,0.999,0.0,0.905,normal,small,very_small,long,small,small,2,1,3,0,beta,0
50,51,L,H,23.4,-63.3,-41.5,93.0,51.7,20.6,21.3,0.001,0.999,0.0,0.911,very_small,very_small,long,small,small,normal,2,1,3,0,beta,0
51,52,V,H,77.9,-64.9,-39.9,92.1,50.8,4.6,24.6,0.003,0.997,0.0,0.925,small,long,small,small,normal,cycle,2,1,3,0,beta,0
52,53,R,H,73.8,-67.9,-38.8,93.0,49.2,10.9,21.9,0.004,0.996,0.0,0.92,very_small,small,small,normal,cycle,small,3,0,3,0,beta,0
53,54,T,H,4.2,-65.7,-42.4,94.2,51.2,25.1,17.8,0.004,0.996,0.0,0.928,long,small,normal,cycle,small,normal,2,0,3,0,beta,0
54,55,I,H,68.8,-64.1,-39.7,92.8,52.3,12.0,21.1,0.006,0.994,0.0,0.917,small,normal,cycle,small,normal,pro,1,0,2,0,beta,0
55,56,E,H,102.5,-67.4,-37.7,92.5,50.3,4.5,23.3,0.011,0.989,0.0,0.903,small,cycle,small,normal,pro,normal,1,0,2,0,beta,0
56,57,Y,H,35.9,-84.9,-27.7,98.5,41.4,18.4,18.3,0.08,0.92,0.0,0.881,normal,small,normal,pro,normal,pro,1,0,2,0,beta,0
57,58,L,H,16.7,-93.8,-0.6,104.4,46.4,22.6,16.4,0.481,0.517,0.002,0.846,cycle,normal,pro,normal,pro,very_small,1,1,2,0,beta,0
58,59,Q,C,96.2,-99.4,104.8,111.2,109.4,7.0,20.7,0.987,0.003,0.01,0.806,small,pro,normal,pro,very_small,small,1,1,3,1,alpha,0
59,60,P,C,60.4,-69.5,131.3,108.2,-129.4,15.1,15.3,0.996,0.001,0.003,0.776,normal,normal,pro,very_small,small,long,1,1,3,0,alpha,0
60,61,N,C,51.9,-96.4,107.8,110.2,-139.7,12.8,15.4,0.998,0.002,0.001,0.771,pro,pro,very_small,small,long,very_small,2,0,3,1,alpha,0
61,62,P,H,83.9,-63.1,-31.9,92.5,-158.5,6.6,16.3,0.165,0.835,0.0,0.751,normal,very_small,small,long,very_small,long,1,0,3,0,beta,0
62,63,A,H,51.2,-67.7,-35.4,93.3,54.4,6.9,18.4,0.103,0.897,0.0,0.751,pro,small,long,very_small,long,small,2,0,4,0,beta,0
63,64,S,H,21.0,-66.2,-39.8,94.1,52.5,16.6,15.8,0.045,0.954,0.0,0.764,very_small,long,very_small,long,small,small,2,0,4,0,beta,0
64,65,R,H,108.9,-65.4,-39.0,93.8,53.6,8.6,20.2,0.023,0.977,0.0,0.769,small,very_small,long,small,small,normal,2,0,4,0,beta,0
65,66,A,H,48.2,-66.6,-38.8,93.4,51.5,7.1,20.5,0.021,0.979,0.0,0.787,long,long,small,small,normal,small,1,0,4,0,beta,0
66,67,K,H,49.0,-67.1,-39.2,93.9,51.5,15.1,18.1,0.023,0.977,0.0,0.803,very_small,small,small,normal,small,normal,1,0,4,0,beta,0
67,68,L,H,46.7,-65.5,-39.4,93.8,52.2,14.9,18.9,0.025,0.975,0.0,0.805,long,small,normal,small,normal,small,1,0,4,0,beta,0
68,69,T,H,65.9,-66.2,-39.1,93.4,51.1,6.3,22.7,0.028,0.972,0.0,0.808,small,normal,small,normal,small,very_small,2,0,4,0,beta,0
69,70,M,H,46.1,-67.1,-40.0,93.8,50.8,12.5,19.9,0.031,0.969,0.0,0.803,small,small,normal,small,very_small,small,1,1,4,0,beta,0
70,71,L,H,30.4,-65.5,-40.8,93.9,51.4,17.9,18.3,0.034,0.966,0.0,0.802,normal,normal,small,very_small,small,long,1,1,4,0,beta,0
71,72,N,H,67.5,-65.4,-39.5,93.5,52.1,9.5,21.9,0.06,0.939,0.0,0.809,small,small,very_small,small,long,small,1,2,4,0,beta,0
72,73,T,H,45.1,-66.8,-40.1,93.7,50.8,8.4,21.9,0.078,0.921,0.001,0.815,normal,very_small,small,long,small,long,1,1,4,0,beta,0
73,74,V,H,21.5,-66.6,-41.8,94.2,49.8,16.8,18.2,0.073,0.926,0.001,0.811,small,small,long,small,long,gly,1,1,4,0,beta,0
74,75,S,H,28.8,-66.7,-38.9,94.4,52.3,14.8,17.8,0.135,0.861,0.004,0.811,very_small,long,small,long,gly,normal,1,0,3,0,beta,0
75,76,K,H,106.8,-67.6,-36.4,93.7,51.4,5.4,19.3,0.192,0.801,0.007,0.795,small,small,long,gly,normal,very_small,1,0,3,0,beta,0
76,77,I,H,60.5,-70.1,-35.8,94.5,50.8,11.1,15.4,0.288,0.701,0.011,0.779,long,long,gly,normal,very_small,long,1,0,3,0,beta,0
77,78,R,C,97.8,-88.2,-8.7,99.4,45.2,10.4,14.2,0.584,0.388,0.028,0.75,small,gly,normal,very_small,long,normal,1,0,3,0,beta,0
78,79,G,C,51.5,78.6,3.8,101.4,-100.0,3.9,15.5,0.957,0.039,0.004,0.723,long,normal,very_small,long,normal,pro,1,0,4,0,other,0
79,80,Q,C,107.8,-89.7,47.3,107.1,95.3,5.8,12.7,0.923,0.047,0.03,0.705,gly,very_small,long,normal,pro,gly,1,0,3,0,other,0
80,81,V,C,77.4,-91.8,112.2,111.0,126.6,9.9,11.8,0.924,0.032,0.044,0.706,normal,long,normal,pro,gly,cycle,0,1,3,0,alpha,0
81,82,K,C,121.4,-92.5,110.4,110.5,-168.0,6.9,14.3,0.94,0.016,0.045,0.69,very_small,normal,pro,gly,cycle,pro,1,1,3,0,alpha,0
82,83,N,C,71.4,-99.8,123.6,115.7,-157.0,9.5,14.0,0.981,0.002,0.017,0.663,long,pro,gly,cycle,pro,normal,1,2,3,1,alpha,0
83,84,P,C,86.0,-69.9,-12.8,99.7,-135.8,7.5,15.0,0.976,0.019,0.005,0.641,normal,gly,cycle,pro,normal,small,1,1,2,0,beta,0
84,85,G,C,49.3,71.9,-1.5,104.0,-15.3,4.8,16.8,0.965,0.023,0.012,0.643,pro,cycle,pro,normal,small,normal,1,1,2,0,other,0
85,86,Y,C,70.6,-104.3,129.4,118.9,94.5,14.9,13.9,0.941,0.01,0.05,0.678,gly,pro,normal,small,normal,gly,1,0,1,1,alpha,0
86,87,P,C,47.6,-74.8,140.0,111.2,-124.0,13.9,18.7,0.943,0.041,0.016,0.688,cycle,normal,small,normal,gly,small,1,1,1,0,alpha,0
87,88,Q,C,62.2,-98.7,134.9,117.6,-139.4,13.7,20.4,0.891,0.093,0.015,0.712,pro,small,normal,gly,small,small,1,1,1,0,alpha,0
88,89,S,H,27.3,-72.2,-20.0,101.1,-125.7,17.5,20.9,0.32,0.677,0.003,0.714,normal,normal,gly,small,small,gly,1,1,1,0,beta,0
89,90,E,H,38.3,-64.3,-40.4,94.4,62.6,19.9,21.9,0.109,0.89,0.001,0.712,small,gly,small,small,gly,normal,1,0,1,0,beta,0
90,91,G,H,24.2,-64.4,-40.0,93.4,53.6,12.2,24.9,0.065,0.935,0.0,0.705,normal,small,small,gly,normal,small,0,0,1,0,beta,0
91,92,L,H,38.4,-65.9,-41.0,93.4,51.0,14.1,26.0,0.009,0.991,0.0,0.726,gly,small,gly,normal,small,normal,0,0,1,0,beta,0
92,93,L,H,2.9,-65.0,-43.7,94.2,50.3,25.9,26.0,0.002,0.998,0.0,0.752,small,gly,normal,small,normal,very_small,1,0,1,0,beta,0
93,94,G,H,3.3,-63.3,-43.2,93.4,51.6,24.1,25.0,0.003,0.997,0.0,0.767,small,normal,small,normal,very_small,long,2,0,1,0,beta,0
94,95,E,H,71.7,-64.0,-41.1,92.1,51.6,9.3,28.8,0.004,0.996,0.0,0.787,gly,small,normal,very_small,long,cycle,2,0,1,0,beta,0
95,96,C,H,11.4,-65.4,-42.9,93.5,50.3,18.5,25.9,0.003,0.997,0.0,0.799,normal,normal,very_small,long,cycle,gly,1,0,1,0,beta,0
96,97,M,H,1.7,-65.1,-43.9,94.2,50.0,27.0,24.6,0.003,0.997,0.0,0.804,small,very_small,long,cycle,gly,long,0,0,1,0,beta,0
97,98,V,H,28.5,-63.6,-41.7,93.0,51.3,17.7,24.1,0.007,0.993,0.0,0.791,normal,long,cycle,gly,long,normal,0,0,2,0,beta,0
98,99,R,H,109.4,-65.9,-39.8,92.2,49.6,5.7,26.1,0.011,0.989,0.0,0.771,very_small,cycle,gly,long,normal,small,1,0,2,0,beta,0
99,100,H,H,20.7,-67.1,-41.9,94.1,49.0,17.8,20.2,0.013,0.987,0.0,0.744,long,gly,long,normal,small,gly,1,0,1,0,beta,0
100,101,G,H,6.0,-64.7,-41.3,93.8,51.6,22.5,16.5,0.032,0.968,0.0,0.723,cycle,long,normal,small,gly,gly,1,0,1,0,beta,0
101,102,K,H,122.1,-67.5,-35.4,92.9,52.3,4.6,20.3,0.059,0.941,0.0,0.707,gly,normal,small,gly,gly,normal,0,0,1,0,beta,0
102,103,E,H,101.2,-72.0,-32.4,93.4,49.2,5.7,19.3,0.096,0.904,0.0,0.682,long,small,gly,gly,normal,small,0,0,1,0,beta,0
103,104,L,H,32.4,-95.6,-8.5,99.4,41.3,17.4,12.4,0.328,0.671,0.001,0.658,normal,gly,gly,normal,small,normal,0,1,1,0,beta,0
104,105,G,C,28.0,106.0,-176.3,129.7,-121.6,4.1,19.8,0.96,0.03,0.01,0.63,small,gly,normal,small,normal,cycle,1,2,1,0,other,0
105,106,G,C,53.3,-69.0,-20.3,95.4,-66.1,5.8,15.2,0.953,0.045,0.001,0.634,gly,normal,small,normal,cycle,gly,1,2,1,0,beta,0
106,107,E,C,145.5,-90.0,2.9,97.6,55.3,1.8,18.1,0.964,0.035,0.001,0.647,gly,small,normal,cycle,gly,normal,1,2,1,0,beta,0
107,108,S,C,28.0,-79.1,147.2,119.4,109.1,15.8,11.0,0.939,0.057,0.003,0.674,normal,normal,cycle,gly,normal,very_small,0,1,1,0,alpha,0
108,109,N,H,89.4,-68.1,-27.8,95.2,-118.1,7.3,21.4,0.132,0.868,0.0,0.698,small,cycle,gly,normal,very_small,small,0,1,1,0,beta,0
109,110,F,H,22.1,-66.0,-39.6,93.9,53.0,22.0,17.7,0.038,0.962,0.0,0.732,normal,gly,normal,very_small,small,small,0,0,2,0,beta,0
110,111,G,H,13.9,-61.2,-42.4,92.5,55.0,16.6,20.4,0.02,0.98,0.0,0.755,cycle,normal,very_small,small,small,normal,0,0,2,0,beta,0
111,112,D,H,75.3,-64.9,-39.7,92.4,51.0,5.6,26.0,0.011,0.989,0.0,0.776,gly,very_small,small,small,normal,very_small,0,0,2,0,beta,0
112,113,A,H,12.0,-65.4,-42.6,93.5,50.4,18.0,22.4,0.004,0.996,0.0,0.775,normal,small,small,normal,very_small,gly,0,0,2,0,beta,0
113,114,L,H,7.5,-64.3,-42.8,93.9,51.0,24.5,22.6,0.003,0.997,0.0,0.792,very_small,small,normal,very_small,gly,normal,1,0,2,0,beta,0
114,115,L,H,66.9,-64.1,-40.7,92.5,51.3,9.8,26.0,0.004,0.996,0.0,0.796,small,normal,very_small,gly,normal,small,2,0,2,0,beta,0
115,116,D,H,56.4,-66.1,-39.9,92.6,49.8,8.9,26.1,0.004,0.996,0.0,0.795,small,very_small,gly,normal,small,normal,3,0,2,0,beta,0
116,117,A,H,3.3,-65.0,-44.2,94.1,50.7,24.2,21.7,0.002,0.998,0.0,0.769,normal,gly,normal,small,normal,long,2,0,2,0,beta,0
117,118,G,H,13.1,-63.0,-41.9,93.2,52.0,17.5,22.8,0.005,0.995,0.0,0.747,very_small,normal,small,normal,long,long,2,0,2,0,beta,0
118,119,E,H,92.3,-65.2,-39.9,92.3,50.4,5.5,26.5,0.006,0.994,0.0,0.739,gly,small,normal,long,long,small,1,0,1,0,beta,0
119,120,S,H,12.0,-65.9,-42.6,93.7,50.2,17.4,20.7,0.004,0.996,0.0,0.742,normal,normal,long,long,small,very_small,1,0,2,0,beta,0
120,121,M,H,31.5,-64.4,-41.0,93.4,51.6,19.3,19.7,0.003,0.997,0.0,0.763,small,long,long,small,very_small,normal,0,0,2,0,beta,0
121,122,K,H,108.9,-64.6,-39.7,92.3,51.1,4.9,24.2,0.008,0.992,0.0,0.769,normal,long,small,very_small,normal,very_small,0,0,2,0,beta,0
122,123,R,H,98.6,-67.3,-38.8,92.8,49.4,7.2,22.4,0.016,0.984,0.0,0.782,long,small,very_small,normal,very_small,long,0,0,2,0,beta,0
123,124,L,H,12.5,-65.6,-43.0,94.0,50.6,21.2,18.4,0.01,0.99,0.0,0.792,long,very_small,normal,very_small,long,normal,0,0,2,0,beta,0
124,125,A,H,32.1,-63.4,-40.9,93.0,52.1,13.4,19.7,0.01,0.99,0.0,0.799,small,normal,very_small,long,normal,small,1,0,2,0,beta,0
125,126,E,H,110.0,-65.4,-39.1,91.8,50.1,2.8,23.7,0.022,0.978,0.0,0.803,very_small,very_small,long,normal,small,small,2,0,2,0,beta,0
126,127,V,H,30.6,-66.9,-40.9,93.5,50.1,13.3,19.0,0.022,0.978,0.0,0.815,normal,long,normal,small,small,normal,2,1,2,0,beta,0
127,128,K,H,48.1,-63.9,-41.1,93.4,52.0,17.2,17.9,0.023,0.977,0.0,0.815,very_small,normal,small,small,normal,small,2,2,2,0,beta,0
128,129,D,H,78.1,-64.9,-39.5,92.9,50.9,5.6,22.3,0.032,0.968,0.0,0.817,long,small,small,normal,small,normal,1,2,2,0,beta,0
129,130,S,H,54.2,-66.4,-39.7,92.7,49.9,4.5,22.1,0.046,0.954,0.0,0.8,normal,small,normal,small,normal,very_small,1,1,2,0,beta,0
130,131,L,H,25.6,-66.5,-41.3,93.8,49.6,16.0,17.8,0.011,0.989,0.0,0.803,small,normal,small,normal,very_small,long,0,0,1,0,beta,0
131,132,D,H,37.7,-63.8,-40.9,93.5,52.3,15.9,18.6,0.004,0.996,0.0,0.826,small,small,normal,very_small,long,normal,1,0,1,0,beta,0
132,133,I,H,95.5,-65.3,-39.7,92.6,50.4,3.5,22.7,0.003,0.997,0.0,0.843,normal,normal,very_small,long,normal,normal,1,1,1,0,beta,0
133,134,E,H,77.5,-67.2,-39.4,93.2,49.6,6.9,21.0,0.003,0.997,0.0,0.853,small,very_small,long,normal,normal,cycle,2,1,1,0,beta,0
134,135,V,H,14.0,-65.9,-41.9,93.9,50.1,20.2,16.1,0.005,0.995,0.0,0.85,normal,long,normal,normal,cycle,small,1,1,1,0,beta,0
135,136,K,H,84.1,-64.8,-38.7,93.2,52.4,12.2,18.8,0.017,0.983,0.0,0.835,very_small,normal,normal,cycle,small,normal,2,0,1,0,beta,0
136,137,Q,H,107.8,-68.0,-36.2,93.0,50.9,3.5,21.5,0.071,0.929,0.0,0.822,long,normal,cycle,small,normal,pro,1,0,1,0,beta,0
137,138,N,H,61.9,-85.1,-26.9,98.8,42.6,10.3,18.7,0.281,0.719,0.0,0.821,normal,cycle,small,normal,pro,small,1,0,1,0,beta,0
138,139,F,H,20.0,-67.8,-40.1,95.2,51.0,21.6,17.7,0.394,0.603,0.003,0.834,normal,small,normal,pro,small,normal,0,0,1,0,beta,0
139,140,I,H,33.7,-64.8,-39.0,93.7,52.4,17.6,18.9,0.214,0.786,0.0,0.843,cycle,normal,pro,small,normal,normal,0,0,1,0,beta,0
140,141,D,H,80.7,-65.9,-39.1,93.1,52.2,4.5,23.1,0.022,0.978,0.0,0.845,small,pro,small,normal,normal,small,1,1,0,1,beta,0
141,142,P,H,38.1,-66.8,-39.7,93.5,50.5,10.3,20.1,0.013,0.987,0.0,0.823,normal,small,normal,normal,small,small,1,1,0,0,beta,0
142,143,L,H,9.6,-65.6,-41.5,94.1,50.9,23.8,16.9,0.004,0.996,0.0,0.826,pro,normal,normal,small,small,normal,2,1,0,0,beta,0
143,144,Q,H,77.0,-64.3,-39.6,93.1,53.0,11.8,20.1,0.01,0.99,0.0,0.807,small,normal,small,small,normal,long,2,0,0,0,beta,0
144,145,N,H,90.2,-68.0,-35.8,93.0,49.9,4.1,22.0,0.047,0.953,0.0,0.813,normal,small,small,normal,long,normal,2,0,0,0,beta,0
145,146,L,H,33.9,-68.5,-38.9,94.2,50.0,14.1,17.8,0.101,0.899,0.0,0.828,normal,small,normal,long,normal,small,1,0,0,0,beta,0
146,147,C,H,24.1,-67.1,-39.2,94.9,52.1,17.7,15.9,0.187,0.813,0.001,0.853,small,normal,long,normal,small,long,1,0,0,0,beta,0
147,148,D,H,81.7,-67.6,-35.7,94.3,52.6,6.6,19.3,0.237,0.762,0.0,0.856,small,long,normal,small,long,normal,1,0,0,0,beta,0
148,149,K,H,117.8,-71.6,-33.5,94.9,49.0,3.7,19.6,0.355,0.645,0.0,0.831,normal,normal,small,long,normal,small,1,0,0,0,beta,0
149,150,D,H,41.6,-72.4,-34.2,96.2,50.2,12.8,17.1,0.408,0.591,0.0,0.807,long,small,long,normal,small,normal,0,0,0,0,beta,0
150,151,L,H,32.0,-64.7,-39.3,93.5,55.2,18.4,15.5,0.059,0.941,0.0,0.79,normal,long,normal,small,normal,cycle,0,0,0,0,beta,0
151,152,K,H,121.0,-64.7,-38.6,92.9,54.6,3.7,20.3,0.024,0.976,0.0,0.787,small,normal,small,normal,cycle,cycle,1,0,0,0,beta,0
152,153,E,H,92.8,-66.9,-38.9,93.1,50.0,4.7,20.9,0.018,0.982,0.0,0.784,long,small,normal,cycle,cycle,small,1,0,0,0,beta,0
153,154,I,H,20.5,-65.7,-42.0,93.8,50.5,18.4,16.5,0.01,0.99,0.0,0.804,normal,normal,cycle,cycle,small,long,1,1,0,0,beta,0
154,155,Q,H,64.9,-63.9,-40.0,93.1,52.7,12.8,18.8,0.009,0.991,0.0,0.829,small,cycle,cycle,small,long,long,1,1,0,0,beta,0
155,156,H,H,113.6,-65.8,-38.7,92.3,50.3,2.8,22.2,0.018,0.982,0.0,0.839,normal,cycle,small,long,long,small,1,1,0,0,beta,0
156,157,H,H,51.9,-68.1,-38.4,93.5,50.0,11.6,18.1,0.033,0.967,0.0,0.831,cycle,small,long,long,small,normal,1,1,0,0,beta,0
157,158,L,H,35.0,-65.1,-39.6,93.3,52.1,17.4,15.4,0.034,0.966,0.0,0.818,cycle,long,long,small,normal,gly,0,1,0,0,beta,0
158,159,K,H,119.7,-65.6,-37.7,92.9,52.9,4.0,19.0,0.049,0.951,0.0,0.791,small,long,small,normal,gly,long,1,1,0,0,beta,0
159,160,K,H,113.7,-68.4,-35.1,92.7,50.6,3.8,19.1,0.084,0.916,0.0,0.771,long,small,normal,gly,long,long,1,0,0,0,beta,0
160,161,L,H,28.7,-81.6,-21.9,97.3,47.7,17.0,13.0,0.156,0.844,0.001,0.748,long,normal,gly,long,long,small,1,1,0,0,beta,0
161,162,E,H,95.7,-66.9,-28.4,97.4,70.9,10.4,15.3,0.352,0.646,0.002,0.729,small,gly,long,long,small,normal,1,2,0,0,beta,0
162,163,G,C,53.2,-69.9,-12.2,96.7,45.3,2.5,17.8,0.578,0.421,0.001,0.718,normal,long,long,small,normal,cycle,1,2,0,0,beta,0
163,164,R,C,104.7,-81.8,-10.6,102.6,69.5,9.3,14.6,0.51,0.488,0.002,0.721,gly,long,small,normal,cycle,normal,1,2,0,0,beta,0
164,165,R,H,84.8,-74.1,-23.3,99.5,72.6,13.2,15.1,0.381,0.615,0.005,0.75,long,small,normal,cycle,normal,cycle,0,2,0,0,beta,0
165,166,L,H,70.2,-71.3,-33.0,99.2,71.1,10.9,17.1,0.238,0.761,0.002,0.772,long,normal,cycle,normal,cycle,long,0,2,0,0,beta,0
166,167,D,H,67.6,-70.6,-31.8,98.5,59.2,8.2,18.3,0.183,0.816,0.001,0.802,small,cycle,normal,cycle,long,long,1,1,0,0,beta,0
167,168,F,H,42.3,-65.0,-38.8,93.8,56.8,15.8,15.6,0.098,0.902,0.0,0.812,normal,normal,cycle,long,long,long,1,0,0,0,beta,0
168,169,D,H,58.2,-66.0,-38.7,94.2,54.0,10.1,18.1,0.09,0.91,0.0,0.8,cycle,cycle,long,long,long,long,1,1,0,0,beta,0
169,170,Y,H,100.1,-66.9,-39.2,93.9,52.0,6.3,18.7,0.097,0.903,0.0,0.782,normal,long,long,long,long,normal,0,2,0,0,beta,0
170,171,K,H,64.9,-67.2,-39.2,93.7,51.7,9.9,15.4,0.114,0.885,0.0,0.768,cycle,long,long,long,normal,gly,0,2,0,0,beta,0
171,172,K,H,87.9,-67.1,-37.2,93.6,52.4,10.3,13.8,0.153,0.846,0.001,0.756,long,long,long,normal,gly,long,0,1,0,0,beta,0
172,173,K,H,133.0,-67.8,-34.4,93.0,52.2,2.8,14.6,0.256,0.743,0.001,0.732,long,long,normal,gly,long,small,0,0,0,0,beta,0
173,174,R,H,145.8,-73.5,-29.2,94.5,50.5,3.1,13.6,0.351,0.647,0.002,0.713,long,normal,gly,long,small,pro,0,0,0,0,beta,0
174,175,Q,C,102.4,-91.7,-3.6,99.4,40.8,5.8,11.2,0.603,0.394,0.003,0.685,long,gly,long,small,pro,normal,0,0,0,0,beta,0
175,176,G,C,53.3,81.5,17.2,106.3,-116.4,2.9,13.7,0.962,0.035,0.002,0.666,normal,long,small,pro,normal,normal,0,1,0,0,other,0
176,177,K,C,132.0,-96.5,127.5,114.0,126.8,4.6,13.4,0.984,0.01,0.006,0.673,gly,small,pro,normal,normal,normal,0,2,0,0,alpha,0
177,178,I,C,63.0,-97.1,137.4,118.7,-134.8,12.7,12.6,0.997,0.001,0.002,0.708,long,pro,normal,normal,normal,small,0,3,0,1,alpha,0
178,179,P,C,65.5,-68.3,152.3,114.0,-106.9,6.5,18.1,0.982,0.017,0.001,0.738,small,normal,normal,normal,small,long,1,3,0,0,alpha,0
179,180,D,H,91.0,-62.4,-34.0,94.5,-111.6,7.8,14.1,0.076,0.924,0.0,0.763,pro,normal,normal,small,long,normal,2,2,0,0,beta,0
180,181,E,H,130.7,-65.6,-36.8,93.0,55.2,1.8,17.9,0.031,0.969,0.0,0.767,normal,normal,small,long,normal,very_small,2,1,0,0,beta,0
181,182,E,H,73.8,-66.9,-38.6,93.3,51.3,7.7,17.1,0.014,0.986,0.0,0.769,normal,small,long,normal,very_small,small,1,1,0,0,beta,0
182,183,L,H,22.8,-64.2,-40.9,93.1,51.7,18.9,15.0,0.006,0.994,0.0,0.764,normal,long,normal,very_small,small,normal,0,1,1,0,beta,0
183,184,R,H,122.2,-63.8,-39.8,92.5,52.3,5.8,21.3,0.01,0.99,0.0,0.768,small,normal,very_small,small,normal,long,1,1,1,0,beta,0
184,185,Q,H,98.8,-65.7,-39.6,92.1,49.6,3.1,22.8,0.014,0.986,0.0,0.766,long,very_small,small,normal,long,cycle,1,0,1,0,beta,0
185,186,A,H,12.5,-65.8,-42.1,93.4,49.8,16.8,17.0,0.011,0.989,0.0,0.762,normal,small,normal,long,cycle,normal,1,0,1,0,beta,0
186,187,L,H,44.1,-62.7,-41.3,93.0,52.6,16.0,19.0,0.007,0.993,0.0,0.764,very_small,normal,long,cycle,normal,normal,1,0,1,0,beta,0
187,188,E,H,116.1,-64.7,-39.3,91.6,50.3,2.2,23.3,0.007,0.993,0.0,0.778,small,long,cycle,normal,normal,small,2,0,1,0,beta,0
188,189,K,H,80.1,-67.2,-39.4,92.9,49.6,7.9,20.7,0.007,0.993,0.0,0.768,normal,cycle,normal,normal,small,long,2,1,2,0,beta,0
189,190,F,H,17.8,-65.1,-42.0,93.9,50.1,21.7,16.3,0.004,0.996,0.0,0.765,long,normal,normal,small,long,normal,1,1,3,0,beta,0
190,191,E,H,92.2,-64.1,-39.9,93.0,52.0,8.3,21.3,0.005,0.995,0.0,0.766,cycle,normal,small,long,normal,very_small,0,1,3,0,beta,0
191,192,E,H,107.7,-65.6,-39.2,91.7,49.6,2.7,23.6,0.012,0.988,0.0,0.748,normal,small,long,normal,very_small,very_small,0,0,3,0,beta,0
192,193,S,H,15.5,-67.5,-40.0,93.6,49.7,16.0,17.1,0.019,0.981,0.0,0.727,normal,long,normal,very_small,very_small,normal,0,0,3,0,beta,0
193,194,K,H,62.0,-63.3,-40.6,93.1,53.4,16.6,18.5,0.01,0.99,0.0,0.725,small,normal,very_small,very_small,normal,small,0,1,3,0,beta,0
194,195,E,H,109.4,-64.9,-39.2,92.3,50.6,3.4,23.5,0.012,0.988,0.0,0.722,long,very_small,very_small,normal,small,small,0,1,3,0,beta,0
195,196,V,H,53.4,-66.4,-40.5,93.1,50.0,7.7,21.7,0.009,0.991,0.0,0.724,normal,very_small,normal,small,small,normal,0,1,3,0,beta,0
196,197,A,H,9.1,-65.3,-42.4,93.7,49.9,20.6,17.1,0.006,0.994,0.0,0.723,very_small,normal,small,small,normal,cycle,1,0,4,0,beta,0
197,198,E,H,71.6,-63.6,-40.3,93.0,52.1,13.1,20.3,0.012,0.988,0.0,0.722,very_small,small,small,normal,cycle,normal,2,0,4,0,beta,0
198,199,T,H,74.9,-65.9,-39.3,92.5,49.9,3.8,23.5,0.041,0.959,0.0,0.721,normal,small,normal,cycle,normal,small,2,1,4,0,beta,0
199,200,S,H,26.8,-67.9,-39.6,93.7,49.3,12.2,19.7,0.074,0.926,0.0,0.73,small,normal,cycle,normal,small,small,1,1,4,0,beta,0
200,201,M,H,18.1,-66.4,-40.2,94.2,50.8,21.7,16.8,0.02,0.98,0.0,0.748,small,cycle,normal,small,small,normal,0,1,4,0,beta,0
201,202,H,H,87.6,-64.5,-40.0,93.5,52.5,9.8,20.8,0.011,0.989,0.0,0.753,normal,normal,small,small,normal,small,0,0,4,0,beta,0
202,203,N,H,87.3,-67.0,-37.4,93.0,49.7,4.0,22.0,0.02,0.98,0.0,0.759,cycle,small,small,normal,small,normal,0,0,5,0,beta,0
203,204,L,H,30.6,-68.2,-39.4,94.1,49.9,14.9,17.0,0.034,0.966,0.0,0.767,normal,small,normal,small,normal,small,0,0,4,0,beta,0
204,205,L,H,39.6,-66.1,-38.5,94.0,52.8,16.4,15.8,0.076,0.924,0.0,0.784,small,normal,small,normal,small,normal,1,0,4,0,beta,0
205,206,E,H,122.0,-69.4,-32.6,93.9,53.4,3.6,18.6,0.197,0.803,0.0,0.812,small,small,normal,small,normal,normal,2,0,5,0,beta,0
206,207,T,H,76.8,-86.7,-24.5,99.2,41.0,5.6,18.1,0.394,0.606,0.0,0.829,normal,normal,small,normal,normal,very_small,2,1,5,0,beta,0
207,208,D,C,45.3,-101.1,17.7,104.7,38.8,14.0,15.3,0.709,0.29,0.001,0.842,small,small,normal,normal,very_small,small,1,1,5,0,beta,0
208,209,I,H,56.7,-63.7,-39.2,95.0,96.4,15.5,16.4,0.102,0.898,0.0,0.833,normal,normal,normal,very_small,small,normal,0,1,5,0,beta,0
209,210,E,H,111.9,-66.1,-37.4,92.8,52.7,3.4,22.3,0.062,0.938,0.0,0.835,small,normal,very_small,small,normal,small,1,0,4,0,beta,0
210,211,Q,H,40.1,-67.2,-39.3,93.9,51.1,14.4,18.6,0.051,0.949,0.0,0.829,normal,very_small,small,normal,small,small,1,0,3,0,beta,0
211,212,V,H,15.2,-63.7,-41.4,93.4,52.5,22.0,18.5,0.053,0.946,0.0,0.832,normal,small,normal,small,small,very_small,1,0,3,0,beta,0
212,213,S,H,56.2,-64.8,-39.2,92.5,52.8,6.5,23.0,0.092,0.908,0.0,0.814,very_small,normal,small,small,very_small,small,1,0,3,0,beta,0
213,214,Q,H,63.4,-67.6,-38.3,93.3,50.8,9.1,23.3,0.114,0.886,0.0,0.802,small,small,small,very_small,small,very_small,1,0,3,0,beta,0
214,215,L,H,5.1,-65.0,-43.6,94.2,51.5,24.9,20.9,0.045,0.955,0.0,0.806,normal,small,very_small,small,very_small,normal,1,0,3,0,beta,0
215,216,S,H,26.1,-63.0,-41.6,93.0,52.7,16.4,23.4,0.025,0.975,0.0,0.793,small,very_small,small,very_small,normal,very_small,1,0,3,0,beta,0
216,217,A,H,45.6,-65.3,-40.1,92.2,51.0,6.5,26.0,0.01,0.99,0.0,0.79,small,small,very_small,normal,very_small,normal,1,0,3,0,beta,0
217,218,L,H,7.9,-65.8,-43.4,94.2,50.7,22.4,22.6,0.005,0.995,0.0,0.807,very_small,very_small,normal,very_small,normal,small,2,0,2,0,beta,0
218,219,V,H,8.8,-63.8,-42.9,93.8,51.8,23.9,22.6,0.002,0.998,0.0,0.836,small,normal,very_small,normal,small,normal,2,0,2,0,beta,0
219,220,D,H,69.5,-64.3,-40.6,92.3,51.5,6.8,26.8,0.001,0.999,0.0,0.832,very_small,very_small,normal,small,normal,cycle,3,0,2,0,beta,0
220,221,A,H,17.7,-65.5,-42.0,93.0,50.4,14.0,23.4,0.002,0.998,0.0,0.809,normal,normal,small,normal,cycle,cycle,2,0,2,0,beta,0
221,222,Q,H,6.1,-65.3,-42.9,94.2,50.8,24.7,21.5,0.002,0.998,0.0,0.796,very_small,small,normal,cycle,cycle,long,2,0,2,0,beta,0
222,223,L,H,33.0,-63.4,-41.6,93.0,51.8,17.2,23.2,0.001,0.999,0.0,0.811,normal,normal,cycle,cycle,long,normal,1,0,2,0,beta,0
223,224,D,H,71.0,-65.5,-40.0,92.3,50.2,5.5,25.9,0.001,0.999,0.0,0.848,small,cycle,cycle,long,normal,very_small,2,0,1,0,beta,0
224,225,Y,H,20.3,-66.0,-42.8,93.9,50.0,18.9,21.4,0.001,0.999,0.0,0.853,normal,cycle,long,normal,very_small,very_small,1,0,1,0,beta,0
225,226,H,H,14.0,-64.1,-42.4,93.8,51.3,23.3,20.6,0.002,0.998,0.0,0.861,cycle,long,normal,very_small,very_small,normal,1,0,1,0,beta,0
226,227,R,H,116.0,-63.6,-40.5,92.2,51.9,6.6,24.6,0.004,0.996,0.0,0.855,cycle,normal,very_small,very_small,normal,small,0,0,0,0,beta,0
227,228,Q,H,73.8,-66.4,-39.7,92.4,49.6,6.9,23.8,0.006,0.994,0.0,0.847,long,very_small,very_small,normal,small,small,0,0,0,0,beta,0
228,229,A,H,4.1,-65.8,-43.0,94.1,50.9,23.6,19.0,0.004,0.996,0.0,0.848,normal,very_small,normal,small,small,normal,0,0,0,0,beta,0
229,230,V,H,31.4,-62.3,-41.8,92.8,52.7,17.0,20.9,0.003,0.997,0.0,0.857,very_small,normal,small,small,normal,normal,1,0,0,0,beta,0
230,231,Q,H,103.8,-65.0,-39.5,91.8,50.2,2.9,24.8,0.003,0.997,0.0,0.846,very_small,small,small,normal,normal,small,2,1,0,0,beta,0
231,232,I,H,29.4,-66.2,-41.9,93.4,49.7,13.4,20.2,0.001,0.999,0.0,0.846,normal,small,normal,normal,small,very_small,2,2,0,0,beta,0
232,233,L,H,9.4,-64.7,-42.3,93.8,50.7,23.8,17.6,0.001,0.999,0.0,0.852,small,normal,normal,small,very_small,normal,2,2,0,0,beta,0
233,234,E,H,94.0,-64.6,-39.6,92.8,51.4,7.3,21.7,0.002,0.998,0.0,0.85,small,normal,small,very_small,normal,long,2,1,0,0,beta,0
234,235,E,H,100.5,-66.5,-38.9,92.5,49.6,3.9,22.5,0.01,0.99,0.0,0.836,normal,small,very_small,normal,long,small,2,0,0,0,beta,0
235,236,L,H,18.1,-66.6,-41.9,93.9,50.0,17.4,17.3,0.013,0.987,0.0,0.819,normal,very_small,normal,long,small,long,1,0,0,0,beta,0
236,237,A,H,25.3,-63.4,-41.0,93.2,52.2,16.4,18.0,0.013,0.987,0.0,0.819,small,normal,long,small,long,long,1,0,0,0,beta,0
237,238,D,H,90.3,-65.2,-38.7,92.1,50.6,2.6,21.9,0.031,0.969,0.0,0.814,very_small,long,small,long,long,long,2,0,1,0,beta,0
238,239,K,H,93.2,-67.8,-38.2,93.1,49.9,6.3,20.1,0.042,0.958,0.0,0.786,normal,small,long,long,long,very_small,2,0,2,0,beta,0
239,240,L,H,20.7,-65.9,-41.3,93.8,50.4,18.5,15.0,0.032,0.968,0.0,0.772,long,long,long,long,very_small,long,1,0,2,0,beta,0
240,241,K,H,97.5,-64.2,-39.6,93.2,52.3,9.1,18.6,0.056,0.944,0.0,0.765,small,long,long,very_small,long,normal,1,0,2,0,beta,0
241,242,R,H,139.5,-66.5,-38.1,92.4,50.5,2.2,20.5,0.075,0.925,0.0,0.761,long,long,very_small,long,normal,very_small,1,0,2,0,beta,0
242,243,R,H,79.2,-68.3,-38.3,93.5,49.6,9.5,17.5,0.102,0.898,0.0,0.751,long,very_small,long,normal,very_small,small,1,0,2,0,beta,0
243,244,V,H,39.7,-65.7,-39.2,93.4,51.2,14.8,15.2,0.135,0.865,0.0,0.732,long,long,normal,very_small,small,small,0,1,2,0,beta,0
244,245,R,H,134.4,-66.1,-37.8,93.0,51.8,3.5,18.7,0.177,0.823,0.0,0.703,very_small,normal,very_small,small,small,long,1,1,2,0,beta,0
245,246,E,H,101.3,-68.1,-36.8,93.0,50.5,3.9,18.0,0.219,0.78,0.0,0.676,long,very_small,small,small,long,pro,1,2,2,0,beta,0
246,247,A,H,22.8,-69.6,-34.6,94.0,52.0,14.4,10.8,0.352,0.647,0.001,0.647,normal,small,small,long,pro,long,1,2,2,0,beta,0
247,248,S,C,59.3,-69.6,-27.2,94.5,57.5,8.8,13.9,0.594,0.404,0.002,0.62,very_small,small,long,pro,long,long,1,3,2,0,beta,0
248,249,S,C,85.3,-86.5,-5.2,96.9,50.4,1.9,15.0,0.821,0.178,0.002,0.603,small,long,pro,long,long,normal,1,2,2,0,beta,0
249,250,R,C,115.0,-97.7,131.2,118.1,92.3,7.1,10.8,0.997,0.002,0.001,0.614,small,pro,long,long,normal,cycle,1,2,2,1,alpha,0
250,251,P,C,81.7,-67.9,148.7,112.5,-102.5,5.2,14.8,0.994,0.005,0.001,0.607,long,long,long,normal,cycle,long,0,1,2,0,alpha,0
251,252,K,C,126.4,-78.4,98.8,107.0,-116.7,7.5,11.8,0.941,0.051,0.008,0.629,pro,long,normal,cycle,long,pro,1,1,2,0,other,0
252,253,R,C,152.0,-89.8,120.2,110.7,-167.7,5.0,11.5,0.884,0.105,0.011,0.643,long,normal,cycle,long,pro,long,1,0,2,0,alpha,0
253,254,E,C,129.6,-91.0,126.5,112.4,-134.8,4.4,12.8,0.894,0.09,0.016,0.654,long,cycle,long,pro,long,pro,1,0,2,0,alpha,0
254,255,F,C,85.0,-101.9,135.4,118.6,-152.0,12.8,10.6,0.946,0.019,0.036,0.658,normal,long,pro,long,pro,long,0,1,2,0,alpha,0
255,256,K,C,128.8,-104.4,127.4,117.5,-152.5,4.3,15.8,0.988,0.0,0.011,0.643,cycle,pro,long,pro,long,normal,0,1,2,1,alpha,0
256,257,P,C,62.1,-68.9,148.6,113.7,-106.7,12.4,11.7,0.997,0.0,0.003,0.629,long,long,pro,long,normal,pro,0,2,2,0,alpha,0
257,258,R,C,140.0,-82.9,138.9,114.9,-107.6,5.3,14.3,0.997,0.001,0.003,0.621,pro,pro,long,normal,pro,cycle,1,2,2,1,alpha,0
258,259,P,C,89.5,-67.7,146.8,110.6,-100.3,5.7,13.0,0.99,0.007,0.003,0.619,long,long,normal,pro,cycle,normal,1,2,1,0,alpha,0
259,260,R,C,147.9,-84.8,132.0,111.1,-114.2,5.9,12.0,0.976,0.016,0.009,0.641,pro,normal,pro,cycle,normal,small,2,1,0,0,alpha,0
260,261,E,C,129.8,-87.0,138.5,116.1,-113.0,4.1,12.2,0.983,0.011,0.007,0.659,long,pro,cycle,normal,small,gly,1,1,0,1,alpha,0
261,262,P,C,85.6,-67.8,146.1,109.8,-101.6,6.1,13.8,0.948,0.047,0.005,0.667,normal,cycle,normal,small,gly,normal,1,1,0,0,alpha,0
262,263,F,C,100.2,-85.9,127.4,110.8,-125.0,11.1,11.1,0.899,0.086,0.015,0.683,pro,normal,small,gly,normal,small,1,2,0,0,alpha,0
263,264,E,C,117.7,-84.9,117.2,109.2,-130.5,4.9,15.2,0.898,0.084,0.018,0.692,cycle,small,gly,normal,small,normal,1,1,0,0,alpha,0
264,265,L,C,94.9,-72.6,-19.9,98.7,-144.2,9.1,10.5,0.839,0.148,0.013,0.682,normal,gly,normal,small,normal,normal,1,2,0,0,beta,0
265,266,G,C,50.6,-69.8,-22.5,100.2,50.0,3.4,12.6,0.872,0.115,0.013,0.673,small,normal,small,normal,normal,pro,1,1,0,0,beta,0
266,267,E,C,122.8,-77.0,-20.5,98.9,61.0,3.5,11.7,0.845,0.137,0.019,0.679,gly,small,normal,normal,pro,normal,1,1,0,0,beta,0
267,268,L,C,91.1,-84.8,12.3,104.2,73.4,8.0,8.8,0.869,0.111,0.02,0.669,normal,normal,normal,pro,normal,gly,1,0,0,0,beta,0
268,269,E,C,127.2,-88.7,88.5,108.5,105.2,3.8,11.3,0.882,0.087,0.031,0.66,small,normal,pro,normal,gly,gly,1,0,0,0,other,0
269,270,Q,C,104.5,-94.0,133.7,116.0,-166.2,6.0,11.2,0.951,0.03,0.019,0.632,normal,pro,normal,gly,gly,cycle,1,0,0,1,alpha,0
270,271,P,C,88.2,-68.4,-17.9,100.8,-120.4,6.3,11.6,0.906,0.076,0.018,0.605,normal,normal,gly,gly,cycle,pro,1,0,0,0,beta,0
271,272,N,C,116.3,-84.3,10.4,101.5,35.8,3.0,11.0,0.919,0.064,0.017,0.581,pro,gly,gly,cycle,pro,small,1,0,0,0,beta,0
272,273,G,C,57.7,75.1,7.3,101.9,-58.1,2.5,11.2,0.961,0.028,0.011,0.576,normal,gly,cycle,pro,small,very_small,1,0,0,0,other,0
273,274,G,C,45.8,111.3,176.6,117.4,-141.0,4.4,12.5,0.97,0.009,0.021,0.582,gly,cycle,pro,small,very_small,pro,1,0,1,0,other,0
274,275,F,C,127.5,-97.6,136.1,118.6,-94.9,5.3,11.3,0.976,0.001,0.022,0.624,gly,pro,small,very_small,pro,very_small,0,0,1,1,alpha,0
275,276,P,C,92.8,-68.2,148.0,111.1,-100.3,4.7,12.6,0.991,0.003,0.006,0.659,cycle,small,very_small,pro,very_small,pro,0,0,2,0,alpha,0
276,277,C,C,85.8,-90.8,136.1,114.5,-122.9,6.5,10.7,0.985,0.002,0.013,0.684,pro,very_small,pro,very_small,pro,long,1,0,3,0,alpha,0
277,278,A,C,73.0,-87.6,141.1,117.3,-123.8,4.5,12.0,0.992,0.0,0.008,0.684,small,pro,very_small,pro,long,small,1,0,4,1,alpha,0
278,279,P,C,93.7,-67.8,149.6,113.5,-98.9,4.1,13.2,0.995,0.001,0.003,0.67,very_small,very_small,pro,long,small,small,2,0,4,0,alpha,0
279,280,A,C,63.5,-77.6,145.2,115.1,-106.8,8.7,11.5,0.995,0.002,0.003,0.67,pro,pro,long,small,small,very_small,2,0,4,1,alpha,0
280,281,P,C,83.9,-69.4,149.4,111.3,-96.5,6.4,13.1,0.989,0.009,0.003,0.663,very_small,long,small,small,very_small,small,3,0,5,0,alpha,0
281,282,K,C,152.9,-86.0,131.4,112.2,-114.2,3.2,12.9,0.976,0.015,0.009,0.666,pro,small,small,very_small,small,small,3,0,6,0,alpha,0
282,283,I,C,93.9,-93.3,125.3,112.8,-155.1,9.3,8.8,0.974,0.014,0.012,0.673,long,small,very_small,small,small,small,2,0,6,0,alpha,0
283,284,T,C,99.3,-94.1,131.6,113.9,-147.7,3.1,12.2,0.972,0.016,0.012,0.674,small,very_small,small,small,small,cycle,2,0,6,0,alpha,0
284,285,A,C,75.6,-82.2,107.2,107.8,-129.0,6.1,10.6,0.973,0.021,0.006,0.661,small,small,small,small,cycle,long,1,0,6,0,alpha,0
285,286,S,C,80.0,-93.0,124.3,112.2,-159.9,4.3,10.3,0.959,0.03,0.011,0.646,very_small,small,small,cycle,long,small,2,0,6,0,alpha,0
286,287,S,C,70.7,-87.3,101.1,108.8,-154.0,6.9,10.4,0.927,0.062,0.012,0.629,small,small,cycle,long,small,small,1,1,6,0,alpha,0
287,288,S,C,76.5,-78.7,-9.0,101.5,-144.2,4.8,11.9,0.913,0.074,0.013,0.632,small,cycle,long,small,small,normal,1,1,6,0,beta,0
288,289,F,C,115.5,-85.0,5.7,103.1,69.5,8.1,10.1,0.899,0.087,0.014,0.63,small,long,small,small,normal,long,0,1,6,0,beta,0
289,290,R,C,151.6,-86.9,44.8,106.0,85.4,4.1,11.0,0.908,0.07,0.022,0.631,cycle,small,small,normal,long,pro,0,0,7,0,other,0
290,291,S,C,68.1,-91.1,124.3,112.0,165.2,6.7,10.2,0.945,0.034,0.02,0.622,long,small,normal,long,pro,small,0,0,7,0,alpha,0
291,292,S,C,83.5,-83.7,0.5,103.2,-153.6,3.8,11.0,0.962,0.031,0.006,0.629,small,normal,long,pro,small,long,0,0,8,0,beta,0
292,293,D,C,109.0,-86.9,28.1,104.9,75.9,3.2,10.8,0.974,0.021,0.005,0.642,small,long,pro,small,long,normal,0,0,8,0,other,0
293,294,K,C,119.5,-96.8,130.0,116.8,129.0,5.5,11.1,0.983,0.006,0.011,0.636,normal,pro,small,long,normal,pro,0,0,8,1,alpha,0
294,295,P,C,81.5,-67.8,147.3,110.2,-103.7,6.9,13.1,0.987,0.008,0.005,0.626,long,small,long,normal,pro,small,0,1,7,0,alpha,0
295,296,I,C,102.7,-83.7,132.6,111.4,-116.7,7.5,12.3,0.973,0.012,0.015,0.636,pro,long,normal,pro,small,long,1,1,7,0,alpha,0
296,297,R,C,150.4,-92.0,125.5,113.0,-136.2,5.1,13.2,0.975,0.007,0.018,0.63,small,normal,pro,small,long,small,2,1,6,0,alpha,0
297,298,M,C,85.8,-94.2,134.4,117.3,-142.3,9.9,11.6,0.984,0.002,0.015,0.637,long,pro,small,long,small,normal,2,0,5,1,alpha,0
298,299,P,C,76.1,-68.8,150.8,110.2,-104.5,7.4,13.0,0.981,0.015,0.003,0.616,normal,small,long,small,normal,pro,1,1,4,0,alpha,0
299,300,S,C,84.4,-79.7,136.3,110.3,-99.6,3.6,12.9,0.948,0.044,0.008,0.598,pro,long,small,normal,pro,pro,1,1,5,0,alpha,0
300,301,K,C,138.4,-83.4,38.4,105.6,-129.5,5.3,10.2,0.943,0.045,0.011,0.589,small,small,normal,pro,pro,small,1,1,5,0,other,0
301,302,S,C,74.6,-88.6,127.1,111.5,168.4,5.0,12.1,0.975,0.011,0.014,0.589,long,normal,pro,pro,small,normal,1,1,4,0,alpha,0
302,303,M,C,108.4,-95.4,131.0,116.6,-129.0,6.9,13.5,0.991,0.001,0.009,0.586,small,pro,pro,small,normal,normal,0,1,3,1,alpha,0
303,304,P,C,63.0,-70.7,153.0,115.0,-104.2,9.5,13.9,0.998,0.0,0.002,0.585,normal,pro,small,normal,normal,pro,0,1,3,1,alpha,0
304,305,P,C,84.1,-68.3,143.3,110.5,-97.9,5.8,16.9,0.992,0.004,0.004,0.606,pro,small,normal,normal,pro,small,1,0,3,0,alpha,0
305,306,L,C,58.1,-86.2,141.7,115.8,-125.7,15.2,11.9,0.986,0.005,0.009,0.625,pro,normal,normal,pro,small,small,2,1,3,0,alpha,0
306,307,D,C,116.4,-82.0,-3.4,99.2,-138.7,2.7,18.0,0.991,0.004,0.005,0.659,small,normal,pro,small,small,long,3,1,3,0,beta,0
307,308,Q,C,95.7,-116.5,144.6,127.0,53.0,6.1,17.8,0.97,0.001,0.029,0.673,normal,pro,small,small,long,very_small,2,1,3,1,alpha,0
308,309,P,C,47.4,-69.1,146.1,113.8,-100.4,14.9,18.7,0.925,0.005,0.071,0.68,normal,small,small,long,very_small,small,1,0,3,0,alpha,0
309,310,S,E,26.1,-121.7,143.6,126.6,-162.1,15.1,21.9,0.31,0.004,0.685,0.699,pro,small,long,very_small,small,cycle,1,0,3,0,alpha,0
310,311,C,E,9.9,-129.9,146.3,132.1,-167.5,23.0,19.6,0.067,0.0,0.933,0.728,small,long,very_small,small,cycle,normal,1,0,2,0,alpha,0
311,312,K,E,74.3,-111.5,130.8,120.5,-148.0,10.3,27.4,0.042,0.0,0.957,0.733,small,very_small,small,cycle,normal,cycle,1,0,2,0,alpha,0
312,313,A,E,9.4,-95.0,128.7,116.8,-141.1,23.7,18.1,0.149,0.001,0.85,0.737,long,small,cycle,normal,cycle,normal,0,0,1,0,alpha,0
313,314,L,C,61.7,-90.9,-17.5,102.2,-173.1,12.5,20.9,0.671,0.007,0.322,0.755,very_small,cycle,normal,cycle,normal,pro,1,0,1,0,beta,0
314,315,Y,C,57.6,-128.9,139.8,126.1,16.0,16.1,18.6,0.891,0.001,0.108,0.766,small,normal,cycle,normal,pro,normal,2,0,1,0,alpha,0
315,316,D,C,59.7,-89.8,-7.0,102.3,-163.0,12.7,19.1,0.978,0.001,0.021,0.785,cycle,cycle,normal,pro,normal,normal,2,0,1,0,beta,0
316,317,F,C,47.6,-129.4,147.6,129.5,43.8,17.2,15.5,0.911,0.003,0.086,0.762,normal,normal,pro,normal,normal,normal,1,1,1,0,alpha,0
317,318,E,C,115.6,-101.2,126.1,116.1,-136.6,5.3,22.5,0.975,0.0,0.024,0.752,cycle,pro,normal,normal,normal,gly,0,1,1,1,alpha,0
318,319,P,C,43.7,-70.9,141.0,112.7,-113.1,17.6,12.7,0.989,0.005,0.006,0.724,normal,normal,normal,normal,gly,normal,0,1,1,0,alpha,0
319,320,E,C,104.9,-85.0,30.5,105.9,-144.1,8.1,16.7,0.993,0.003,0.003,0.716,pro,normal,normal,gly,normal,small,1,0,1,0,other,0
320,321,N,C,77.7,-110.9,124.6,116.3,57.1,9.0,15.1,0.974,0.003,0.023,0.715,normal,normal,gly,normal,small,gly,1,0,0,0,alpha,0
321,322,D,C,99.7,-78.6,3.8,102.1,-145.9,5.7,14.3,0.958,0.034,0.008,0.716,normal,gly,normal,small,gly,cycle,1,0,0,0,beta,0
322,323,G,C,47.0,57.5,-7.0,101.3,-1.3,5.6,16.7,0.939,0.052,0.009,0.713,normal,normal,small,gly,cycle,long,0,0,0,0,other,0
323,324,E,C,74.1,-76.8,-20.2,97.2,72.8,11.6,15.9,0.786,0.167,0.047,0.727,gly,small,gly,cycle,long,normal,0,0,1,0,beta,0
324,325,L,C,22.2,-88.2,-2.9,101.9,56.0,21.7,14.5,0.826,0.128,0.046,0.735,normal,gly,cycle,long,normal,gly,0,0,1,0,beta,0
325,326,G,C,31.0,-82.8,125.3,113.1,-138.8,9.9,23.4,0.872,0.039,0.089,0.757,small,cycle,long,normal,gly,normal,1,0,2,0,alpha,0
326,327,F,C,15.1,-100.9,141.8,123.4,-165.2,24.5,11.7,0.863,0.008,0.129,0.781,gly,long,normal,gly,normal,small,1,0,2,0,alpha,0
327,328,R,C,118.5,-116.6,150.6,128.3,-158.0,4.2,25.3,0.942,0.001,0.057,0.796,cycle,normal,gly,normal,small,small,1,0,2,0,alpha,0
328,329,E,C,108.4,-62.2,136.9,110.4,-84.5,10.1,17.4,0.994,0.0,0.006,0.816,long,gly,normal,small,small,small,0,0,2,0,alpha,0
329,330,G,C,45.1,88.6,-5.3,93.4,25.1,3.4,20.5,0.997,0.0,0.003,0.831,normal,normal,small,small,small,small,0,0,2,0,other,0
330,331,D,C,44.0,-80.5,147.4,120.4,126.5,12.3,17.3,0.976,0.0,0.024,0.836,gly,small,small,small,small,small,0,0,2,0,alpha,0
331,332,L,E,62.5,-99.7,126.0,116.1,-135.8,11.5,24.8,0.051,0.0,0.949,0.845,normal,small,small,small,small,normal,0,0,2,0,alpha,0
332,333,I,E,5.3,-110.3,128.4,120.5,-159.4,25.7,16.8,0.02,0.0,0.98,0.855,small,small,small,small,normal,normal,1,1,2,0,alpha,0
333,334,T,E,44.3,-112.2,125.7,118.8,-160.7,9.2,28.1,0.022,0.0,0.978,0.871,small,small,small,normal,normal,small,2,1,2,0,alpha,0
334,335,L,E,18.8,-85.0,123.9,112.6,-141.3,22.9,17.6,0.101,0.001,0.898,0.866,small,small,normal,normal,small,normal,2,1,2,0,alpha,0
335,336,T,C,55.3,-97.7,-19.5,102.2,176.8,10.2,21.1,0.565,0.009,0.426,0.863,small,normal,normal,small,normal,normal,2,0,2,0,beta,0
336,337,N,C,79.8,-134.0,146.7,126.4,13.6,7.1,19.6,0.8,0.008,0.192,0.849,small,normal,small,normal,normal,normal,1,0,2,0,alpha,0
337,338,Q,C,87.8,-90.4,127.4,114.1,-123.1,11.4,16.2,0.892,0.004,0.103,0.858,normal,small,normal,normal,normal,cycle,1,0,2,0,alpha,0
338,339,I,C,88.9,-89.9,-10.8,104.4,-165.7,9.2,15.1,0.941,0.004,0.055,0.881,normal,normal,normal,normal,cycle,cycle,0,0,2,0,beta,0
339,340,D,C,60.7,-136.1,163.2,131.2,14.3,7.2,16.3,0.95,0.008,0.042,0.884,small,normal,normal,cycle,cycle,normal,1,0,2,0,alpha,0
340,341,E,C,135.9,-69.4,-17.3,96.1,-91.9,4.7,16.3,0.964,0.03,0.006,0.878,normal,normal,cycle,cycle,normal,gly,1,0,2,0,beta,0
341,342,N,C,73.4,-94.1,5.5,100.7,47.4,8.7,17.4,0.942,0.033,0.025,0.871,normal,cycle,cycle,normal,gly,normal,1,0,3,0,beta,0
342,343,W,C,61.8,-115.2,141.3,126.9,83.5,12.1,19.8,0.57,0.028,0.402,0.863,normal,cycle,normal,gly,normal,small,0,0,3,0,alpha,0
343,344,Y,E,22.6,-127.6,142.9,130.5,-170.9,21.0,19.9,0.127,0.002,0.871,0.876,cycle,normal,gly,normal,small,cycle,0,0,3,0,alpha,0
344,345,E,E,37.6,-111.6,134.8,122.2,-152.4,14.1,26.9,0.03,0.001,0.97,0.857,cycle,gly,normal,small,cycle,gly,0,0,2,0,alpha,0
345,346,G,E,3.9,-137.2,152.8,135.3,-178.1,23.8,19.6,0.014,0.0,0.985,0.825,normal,normal,small,cycle,gly,normal,0,0,2,0,alpha,0
346,347,M,E,56.1,-126.6,138.9,128.0,-153.1,10.1,25.9,0.01,0.0,0.99,0.806,gly,small,cycle,gly,normal,small,0,0,1,0,alpha,0
347,348,L,E,22.6,-128.5,125.4,123.8,-172.2,19.6,15.1,0.038,0.001,0.962,0.796,normal,cycle,gly,normal,small,gly,0,0,2,0,alpha,0
348,349,H,C,133.9,55.9,40.6,94.0,-10.4,4.3,16.3,0.996,0.003,0.001,0.788,small,gly,normal,small,gly,cycle,1,0,2,0,other,0
349,350,G,C,62.3,81.2,2.0,94.2,-50.4,1.5,15.3,0.996,0.003,0.001,0.765,cycle,normal,small,gly,cycle,cycle,1,0,2,0,other,0
350,351,Q,E,78.1,-108.2,142.9,126.5,109.0,9.1,13.9,0.071,0.0,0.929,0.753,gly,small,gly,cycle,cycle,pro,1,0,2,0,alpha,0
351,352,S,E,47.8,-126.7,143.7,129.6,-160.3,10.4,21.1,0.047,0.0,0.953,0.731,normal,gly,cycle,cycle,pro,small,0,0,2,0,alpha,0
352,353,G,E,8.0,-174.9,175.8,146.4,135.0,16.6,21.9,0.042,0.0,0.957,0.739,small,cycle,cycle,pro,small,small,0,0,2,0,other,0
353,354,F,E,42.8,-111.3,137.4,123.1,-94.0,16.5,26.6,0.043,0.0,0.957,0.766,gly,cycle,pro,small,small,cycle,0,1,2,0,alpha,0
354,355,F,E,6.9,-133.5,147.3,133.8,-174.3,24.8,23.3,0.092,0.0,0.907,0.792,cycle,pro,small,small,cycle,very_small,0,1,2,1,alpha,0
355,356,P,E,11.5,-70.5,140.8,113.2,-103.2,21.7,23.0,0.111,0.0,0.889,0.796,cycle,small,small,cycle,very_small,normal,0,1,2,0,alpha,0
356,357,L,H,65.3,-65.6,-30.7,93.4,-136.3,14.2,20.3,0.206,0.785,0.009,0.809,pro,small,cycle,very_small,normal,very_small,1,0,2,0,beta,0
357,358,S,H,54.9,-73.1,-22.3,92.1,59.9,8.0,22.2,0.204,0.79,0.006,0.82,small,cycle,very_small,normal,very_small,small,2,0,2,0,beta,0
358,359,Y,H,25.4,-100.0,-8.9,100.4,39.3,20.6,17.0,0.192,0.797,0.011,0.824,small,very_small,normal,very_small,small,very_small,2,0,2,0,beta,0
359,360,V,E,8.6,-116.5,137.8,127.3,67.1,24.5,14.2,0.383,0.01,0.608,0.826,cycle,normal,very_small,small,very_small,pro,1,0,2,0,alpha,0
360,361,Q,E,76.8,-120.7,141.8,126.2,-167.3,8.9,22.4,0.26,0.006,0.734,0.802,very_small,very_small,small,very_small,pro,small,1,0,2,0,alpha,0
361,362,V,E,74.3,-80.3,128.8,113.0,-117.2,12.2,19.3,0.473,0.005,0.522,0.778,normal,small,very_small,pro,small,pro,1,0,2,0,alpha,0
362,363,L,C,55.7,-91.1,123.4,111.6,-149.5,16.1,12.5,0.752,0.004,0.244,0.746,very_small,very_small,pro,small,pro,normal,2,0,1,0,alpha,0
363,364,V,C,74.4,-106.5,132.7,119.7,-116.6,9.0,16.4,0.936,0.0,0.064,0.717,small,pro,small,pro,normal,None,2,0,1,1,alpha,0
364,365,P,C,80.7,-70.5,143.6,112.8,-104.1,8.2,16.7,0.978,0.0,0.021,0.646,very_small,small,pro,normal,None,None,3,0,1,0,alpha,0
365,366,L,C,70.1,-83.7,139.3,115.0,-120.0,13.7,11.7,0.985,0.0,0.015,0.573,pro,pro,normal,None,None,None,3,0,1,1,alpha,0
366,367,P,C,85.4,-73.0,141.3,110.2,-102.7,7.3,13.5,0.995,0.001,0.004,0.508,small,normal,None,None,None,None,3,0,1,0,alpha,0
367,368,Q,C,145.1,-89.1,119.6,110.8,-124.5,4.0,10.1,0.999,0.0,0.0,0.471,pro,None,None,None,None,None,3,0,1,0,alpha,0
