1 -0.4699999988079071 0.3100000023841858 0.0 0.09000000357627869 0.0 0.09000000357627869 -0.6600000262260437 0.4300000071525574 -0.27000001072883606 0.09000000357627869 0.09000000357627869 0.09000000357627869 0.5099999904632568 -0.5099999904632568 -0.4699999988079071 0.3100000023841858 0.0 0.09000000357627869 0.0 0.09000000357627869 -0.6600000262260437 0.4300000071525574 -0.27000001072883606 0.09000000357627869 0.09000000357627869 0.09000000357627869 0.5099999904632568 -0.5099999904632568 0.0 0.3100000023841858 0.07000000029802322 0.09000000357627869 0.05000000074505806 0.09000000357627869 0.09000000357627869 -0.6600000262260437 0.4300000071525574 0.5099999904632568 -0.5099999904632568 -0.4699999988079071
10 0.0 0.0 -0.5099999904632568 -0.4699999988079071 0.3100000023841858 0.0 0.09000000357627869 -0.18000000715255737 0.09000000357627869 0.09000000357627869 0.0 0.09000000357627869 -0.27000001072883606 0.09000000357627869 0.09000000357627869 0.09000000357627869 -0.27000001072883606 0.09000000357627869 0.09000000357627869 0.09000000357627869 0.5099999904632568 -0.5099999904632568 -0.4699999988079071 0.3100000023841858 0.0 0.09000000357627869 -0.18000000715255737 0.09000000357627869 0.09000000357627869 0.0 -0.11999999731779099 0.11999999731779099 -0.11999999731779099 0.11999999731779099 -0.11999999731779099 -0.11999999731779099 0.11999999731779099 -0.11999999731779099 0.0 -0.5099999904632568 -0.28999999165534973 0.0 0.09000000357627869 0.09000000357627869 0.019999999552965164 0.09000000357627869 -0.18000000715255737 0.09000000357627869 0.09000000357627869 -0.18000000715255737 0.09000000357627869 0.09000000357627869 0.0 -0.5099999904632568 0.0 0.3100000023841858 0.0 0.09000000357627869 -0.18000000715255737 0.09000000357627869 0.09000000357627869 0.0 0.09000000357627869 -0.27000001072883606 0.09000000357627869 0.09000000357627869 0.09000000357627869 -0.27000001072883606 0.09000000357627869 0.09000000357627869 0.09000000357627869 0.5099999904632568 -0.5099999904632568 -0.4699999988079071 0.3100000023841858 0.0 0.09000000357627869 0.0 0.09000000357627869 -0.27000001072883606 0.09000000357627869 0.09000000357627869 0.09000000357627869 -0.27000001072883606 0.09000000357627869 0.09000000357627869 0.09000000357627869 0.0 -0.5099999904632568 0.0 0.0 0.09000000357627869 0.09000000357627869 0.019999999552965164 0.09000000357627869 -0.18000000715255737 0.09000000357627869 0.09000000357627869 -0.18000000715255737 0.09000000357627869 0.09000000357627869 0.0 -0.5099999904632568 -0.4699999988079071 0.3100000023841858
100 0.09000000357627869 0.0 0.09000000357627869 0.09000000357627869 0.0 0.0 -0.5099999904632568 0.0 0.0 0.09000000357627869 0.0 0.09000000357627869 0.0 0.0 0.09000000357627869 0.0 0.0 0.0 0.0 0.0 0.0 0.0 0.0 -0.5099999904632568 0.0 0.0 0.0 0.0 -0.18000000715255737 0.09000000357627869 0.09000000357627869 0.0 -0.11999999731779099 0.11999999731779099 -0.11999999731779099 -0.11999999731779099 0.11999999731779099 -0.11999999731779099 0.11999999731779099 -0.11999999731779099 0.11999999731779099 0.5099999904632568 0.0 -0.28999999165534973 0.0 0.09000000357627869 0.09000000357627869 0.0 0.09000000357627869 0.0 -0.5099999904632568 0.0 0.3100000023841858 0.0 0.0 -0.2800000011920929 0.09000000357627869 0.09000000357627869 0.6200000047683716 -0.7599999904632568 0.5099999904632568 -0.5099999904632568 0.0 0.0 0.0 0.09000000357627869 -0.2800000011920929 0.09000000357627869 0.0 0.6200000047683716 -0.7599999904632568 -0.7599999904632568 0.0 0.0 0.0 0.3100000023841858 0.0 0.0 0.0 0.0 0.0 0.0 0.0 0.0 0.0 0.0 0.0 0.0 0.0 -0.18000000715255737 0.09000000357627869 0.09000000357627869 0.0 0.0 0.0 0.0 0.0 0.0 0.0 0.0 0.0 0.0 0.0 0.0 0.0 0.0 -0.18000000715255737 0.09000000357627869 0.09000000357627869 0.0 0.0 0.09000000357627869 -0.18000000715255737 0.09000000357627869 0.09000000357627869 0.20999999344348907 0.05000000074505806 0.05000000074505806 -0.30000001192092896 0.33000001311302185 0.33000001311302185 0.33000001311302185 0.0 0.0 0.0 0.0 0.0 0.0 -0.18000000715255737 0.0 0.0 0.0 -0.11999999731779099 0.11999999731779099 -0.11999999731779099 0.11999999731779099 0.0 0.0 0.0 0.0 0.0 0.0 0.0 -0.5099999904632568 0.0 0.0 0.0 0.09000000357627869 -0.18000000715255737 0.09000000357627869 0.09000000357627869 -0.18000000715255737 0.09000000357627869 0.0 -0.18000000715255737 0.09000000357627869 0.09000000357627869 0.0 0.05000000074505806 0.05000000074505806 -0.30000001192092896 0.33000001311302185 0.0 0.33000001311302185 0.5099999904632568 -0.5099999904632568 -0.4699999988079071 0.3100000023841858 -0.019999999552965164 0.09000000357627869 0.09000000357627869 0.5099999904632568 -0.5099999904632568 -0.4699999988079071 0.3100000023841858 0.0 0.09000000357627869 0.0 0.0 0.09000000357627869 -0.6600000262260437 0.4300000071525574 0.5099999904632568 -0.5099999904632568 -0.4699999988079071 0.3100000023841858 0.0 0.09000000357627869 0.0 0.09000000357627869 0.09000000357627869 0.0 0.0 0.09000000357627869 -0.18000000715255737 0.09000000357627869 0.09000000357627869 0.0 0.05000000074505806 0.0 -0.30000001192092896 0.33000001311302185 0.33000001311302185 0.0 -0.5099999904632568 0.0 0.3100000023841858 0.0 0.0 0.0 0.09000000357627869 0.09000000357627869 0.4399999976158142 0.0 0.0 0.0 0.09000000357627869 0.0 0.09000000357627869 0.0 0.0 -0.550000011920929 0.09000000357627869 0.09000000357627869 0.0 0.0 0.0 -0.27000001072883606 0.09000000357627869 0.09000000357627869 0.09000000357627869 -0.27000001072883606 0.09000000357627869 0.09000000357627869 0.09000000357627869 0.09000000357627869 0.0 0.0 -0.27000001072883606 0.0 -0.27000001072883606 0.09000000357627869 0.09000000357627869 0.09000000357627869
101 0.0 0.09000000357627869 0.0 0.0 0.09000000357627869 0.11999999731779099 0.5099999904632568 -0.5099999904632568 0.0 0.0 0.09000000357627869 -0.2800000011920929 0.09000000357627869 0.0 0.6200000047683716 -0.7599999904632568 -0.7599999904632568 0.0 0.0 0.0 0.3100000023841858 0.0 0.0 0.0 0.0 0.0 0.0 0.0 0.0 0.0 0.0 -0.18000000715255737 0.09000000357627869 0.09000000357627869 0.0 0.0 0.0 0.0 0.0 0.0 0.0 0.0 0.0 0.0 -0.18000000715255737 0.09000000357627869 0.09000000357627869 0.0 0.0 0.09000000357627869 -0.18000000715255737 0.09000000357627869 0.09000000357627869 0.20999999344348907 0.05000000074505806 0.05000000074505806 -0.30000001192092896 0.33000001311302185 0.33000001311302185 0.33000001311302185 0.0 0.0 0.0 0.0 0.0 0.0 -0.18000000715255737 0.0 0.0 0.0 -0.11999999731779099 0.11999999731779099 -0.11999999731779099 0.11999999731779099 0.0 0.0 0.0 0.0 0.0 0.0 0.0 -0.5099999904632568 0.0 0.0 0.0 0.09000000357627869 -0.18000000715255737 0.09000000357627869 0.09000000357627869 -0.18000000715255737 0.09000000357627869 0.0 -0.18000000715255737 0.09000000357627869 0.09000000357627869 0.0 0.05000000074505806 0.05000000074505806 0.5099999904632568 -0.5099999904632568 -0.4699999988079071 0.0 0.0 0.09000000357627869 -0.27000001072883606 0.09000000357627869 0.09000000357627869 0.09000000357627869 0.5099999904632568 -0.5099999904632568 -0.4699999988079071 0.3100000023841858 0.0 0.09000000357627869 0.0 0.0 0.09000000357627869 -0.6600000262260437 0.4300000071525574 0.5099999904632568 -0.5099999904632568 -0.4699999988079071 0.3100000023841858 0.0 0.09000000357627869 0.0 0.09000000357627869 0.09000000357627869 0.0 0.0 0.09000000357627869 -0.18000000715255737 0.09000000357627869 0.09000000357627869 0.0 0.05000000074505806 0.0 -0.30000001192092896 0.33000001311302185 0.33000001311302185 0.33000001311302185 0.0 -0.5099999904632568 0.0 0.3100000023841858 0.0 0.0 0.0 0.09000000357627869 0.0 0.0 0.09000000357627869 0.09000000357627869 0.0 0.09000000357627869 0.09000000357627869 -0.699999988079071 0.4399999976158142 0.6399999856948853 -0.800000011920929 0.46000000834465027 0.46000000834465027 0.0 0.0 0.46000000834465027 0.0 -0.5099999904632568 0.0 0.0 0.0 0.09000000357627869 0.09000000357627869 0.0 0.0 -0.27000001072883606 0.09000000357627869 0.09000000357627869 0.09000000357627869 0.0 0.0 0.0 0.0 0.0 0.0 0.0 0.0 0.0 0.09000000357627869 -0.27000001072883606 0.09000000357627869 0.09000000357627869 0.09000000357627869 -0.27000001072883606 0.09000000357627869 0.09000000357627869 0.09000000357627869 0.0 0.0 0.0 0.0 0.0 0.09000000357627869 0.0 -0.4699999988079071 0.0 0.0 0.09000000357627869 0.0 0.09000000357627869 -0.27000001072883606 0.09000000357627869 0.09000000357627869 0.09000000357627869 -0.18000000715255737 0.09000000357627869 0.09000000357627869 -0.27000001072883606 0.09000000357627869 0.09000000357627869 0.09000000357627869 0.0 0.0 0.0 0.0 0.0 0.09000000357627869 -0.18000000715255737 0.09000000357627869 0.09000000357627869 0.0 0.0 -0.27000001072883606 0.0 0.09000000357627869 0.09000000357627869 -0.27000001072883606 0.09000000357627869 0.09000000357627869 0.09000000357627869 0.0 -0.18000000715255737 0.09000000357627869 0.09000000357627869 0.0 0.09000000357627869 -0.09000000357627869 -0.18000000715255737 0.09000000357627869 0.09000000357627869 0.30000001192092896 0.09000000357627869 0.0
102 -0.18000000715255737 0.09000000357627869 0.09000000357627869 0.0 -0.27000001072883606 0.09000000357627869 0.0 0.09000000357627869 0.0 0.09000000357627869 0.09000000357627869 0.6200000047683716 -0.7599999904632568 -0.7599999904632568 0.0 0.0 0.0 0.0 0.0 0.0 0.09000000357627869 0.0 0.09000000357627869 0.09000000357627869 0.0 0.09000000357627869 0.0 0.0 0.0 0.0 0.0 0.0 0.0 0.0 0.0 0.0 0.0 0.0 0.0 -0.18000000715255737 0.09000000357627869 0.09000000357627869 0.0 0.0 0.09000000357627869 -0.18000000715255737 0.09000000357627869 0.09000000357627869 0.20999999344348907 0.05000000074505806 0.05000000074505806 -0.30000001192092896 0.33000001311302185 0.33000001311302185 0.33000001311302185 0.0 0.0 0.0 0.0 0.0 0.0 -0.18000000715255737 0.0 0.0 0.0 -0.11999999731779099 0.11999999731779099 -0.11999999731779099 0.11999999731779099 0.0 0.0 0.0 0.0 0.0 0.0 0.0 -0.5099999904632568 0.0 0.0 0.0 0.09000000357627869 -0.18000000715255737 0.09000000357627869 0.09000000357627869 -0.18000000715255737 0.09000000357627869 0.0 -0.18000000715255737 0.09000000357627869 0.5099999904632568 -0.5099999904632568 -0.4699999988079071 0.0 0.0 0.09000000357627869 -0.27000001072883606 0.09000000357627869 0.09000000357627869 0.09000000357627869 0.5099999904632568 -0.5099999904632568 -0.4699999988079071 0.3100000023841858 -0.019999999552965164 0.09000000357627869 0.09000000357627869 0.5099999904632568 -0.5099999904632568 -0.4699999988079071 0.3100000023841858 0.0 0.09000000357627869 0.0 0.09000000357627869 0.09000000357627869 0.0 0.0 0.09000000357627869 -0.18000000715255737 0.09000000357627869 0.09000000357627869 0.0 0.05000000074505806 0.0 -0.30000001192092896 0.33000001311302185 0.33000001311302185 0.33000001311302185 0.0 -0.5099999904632568 0.0 0.3100000023841858 0.0 0.0 0.0 0.09000000357627869 0.0 0.0 0.09000000357627869 0.09000000357627869 0.0 0.09000000357627869 0.09000000357627869 -0.699999988079071 0.4399999976158142 0.6399999856948853 -0.800000011920929 0.46000000834465027 0.46000000834465027 0.0 0.0 0.46000000834465027 0.0 -0.5099999904632568 0.0 0.0 0.0 0.09000000357627869 0.0 0.0 0.0 0.0 -0.27000001072883606 0.09000000357627869 0.0 -0.27000001072883606 0.09000000357627869 0.09000000357627869 0.09000000357627869 0.0 0.0 0.0 0.3100000023841858 0.0 -0.11999999731779099 0.11999999731779099 -0.11999999731779099 0.11999999731779099 0.0 0.11999999731779099 0.0 0.11999999731779099 0.0 -0.5099999904632568 0.0 0.0 0.09000000357627869 -0.18000000715255737 0.09000000357627869 0.09000000357627869 -0.18000000715255737 0.09000000357627869 0.550000011920929 -0.550000011920929 -0.6200000047683716 0.3199999928474426 0.30000001192092896 0.0 0.0 0.0 0.0 0.0 0.0 -0.18000000715255737 0.09000000357627869 0.09000000357627869 0.0 0.09000000357627869 -0.27000001072883606 0.09000000357627869 0.09000000357627869 -0.27000001072883606 0.09000000357627869 0.09000000357627869 0.09000000357627869 0.0 0.0 -0.4699999988079071 0.0 0.0 0.09000000357627869 0.5099999904632568 -0.5099999904632568 -0.4699999988079071 0.3100000023841858 0.07000000029802322 0.09000000357627869 -0.2800000011920929 0.09000000357627869 0.0 0.6200000047683716 -0.7599999904632568 -0.7599999904632568 0.0 0.0 0.0 0.0 0.0 0.0 0.0 0.0 0.0 0.0 0.09000000357627869 -0.27000001072883606 0.09000000357627869 0.09000000357627869 0.09000000357627869 -0.27000001072883606 0.09000000357627869 0.09000000357627869 0.09000000357627869 0.0 0.0 0.0 0.0 0.0 0.09000000357627869 -0.18000000715255737 0.09000000357627869 0.09000000357627869 0.0 0.09000000357627869 0.0 0.550000011920929 -0.550000011920929 -0.6200000047683716 0.3199999928474426 0.0 0.5099999904632568 -0.5099999904632568 -0.4699999988079071 0.0 0.07000000029802322 0.09000000357627869 0.05000000074505806 0.09000000357627869 0.09000000357627869 -0.6600000262260437 0.5099999904632568 0.0 -0.4699999988079071 0.0 0.0 0.09000000357627869 0.0 0.09000000357627869 -0.27000001072883606 0.09000000357627869 0.09000000357627869 0.09000000357627869 -0.18000000715255737 0.09000000357627869 0.09000000357627869 -0.27000001072883606 0.09000000357627869 0.09000000357627869 0.09000000357627869 0.0 0.0 0.0 0.0 0.0 0.09000000357627869 -0.18000000715255737 0.09000000357627869 0.09000000357627869 0.0 0.0 -0.27000001072883606 0.0 0.09000000357627869 0.09000000357627869 -0.27000001072883606 0.09000000357627869 0.09000000357627869 0.09000000357627869 0.0 0.0 -0.4699999988079071 0.0 0.0 0.0 0.0 0.09000000357627869 0.0 0.0 0.0 -0.5099999904632568 0.0 0.0 0.0 0.09000000357627869 0.0 0.09000000357627869 -0.6600000262260437 0.4300000071525574 0.5099999904632568 -0.5099999904632568 0.0 0.0 0.0 0.09000000357627869 -0.18000000715255737 0.09000000357627869 0.09000000357627869 0.0 0.09000000357627869 0.09000000357627869 -0.09000000357627869 -0.2199999988079071 0.09000000357627869 0.5099999904632568 -0.5099999904632568 -0.4699999988079071 0.0 0.07000000029802322 0.09000000357627869 -0.18000000715255737 0.09000000357627869 0.09000000357627869 0.550000011920929 -0.6200000047683716 0.3199999928474426 0.30000001192092896 0.5099999904632568 -0.5099999904632568 -0.4699999988079071 0.0 0.0 0.09000000357627869 0.0 0.09000000357627869 0.0 0.09000000357627869 0.09000000357627869 0.09000000357627869 -0.27000001072883606 0.09000000357627869 0.09000000357627869 0.0 -0.5099999904632568 0.09000000357627869
103 0.0 0.09000000357627869 0.0 0.0 0.0 0.09000000357627869 0.09000000357627869 0.20999999344348907 0.05000000074505806 0.05000000074505806 -0.30000001192092896 0.33000001311302185 0.0 0.33000001311302185 0.0 0.0 -0.5099999904632568 0.0 0.0 0.09000000357627869 0.05000000074505806 0.09000000357627869 -0.6600000262260437 0.4300000071525574 0.0 -0.4699999988079071 0.3100000023841858 0.0 0.0 -0.18000000715255737 0.09000000357627869 0.09000000357627869 0.0 0.0 -0.27000001072883606 0.09000000357627869 0.0 0.09000000357627869 0.0 0.09000000357627869 0.09000000357627869 0.09000000357627869 0.0 -0.5099999904632568 0.0 0.0 0.0 0.0 0.0 0.0 0.0 0.11999999731779099 0.0 0.11999999731779099 0.0 0.0 0.0 -0.5099999904632568 0.0 0.0 0.09000000357627869 0.0 0.09000000357627869 0.5099999904632568 -0.5099999904632568 0.0 0.0 0.0 0.09000000357627869 -0.2800000011920929 0.09000000357627869 0.09000000357627869 0.6200000047683716 -0.7599999904632568 -0.7599999904632568 0.5099999904632568 0.0 -0.4699999988079071 0.3100000023841858 0.0 0.0 0.0 -0.5099999904632568 0.0 0.0 0.0 0.09000000357627869 0.0 0.0 0.09000000357627869 0.0 0.0 0.0 0.09000000357627869 0.09000000357627869 0.0 -0.27000001072883606 0.09000000357627869 0.09000000357627869 0.09000000357627869 0.0 0.0 0.0 0.3100000023841858 0.0 0.09000000357627869 0.0 -0.5099999904632568 0.0 0.0 0.09000000357627869 0.0 0.0 0.0 0.0 0.0 0.0 0.0 0.0 0.0 0.0 0.0 0.0 0.0 0.09000000357627869 -0.2800000011920929 0.0 0.6200000047683716 -0.7599999904632568 -0.7599999904632568 0.0 0.0 0.0 0.3100000023841858 0.0 0.0 0.0 0.0 0.0 0.0 0.0 0.0 0.0 0.0 0.0 0.0 0.0 -0.18000000715255737 0.09000000357627869 0.09000000357627869 0.0 0.0 0.0 0.0 0.0 0.0 0.09000000357627869 0.0 0.0 0.0 0.0 0.0 -0.27000001072883606 0.09000000357627869 0.09000000357627869 0.09000000357627869 0.0 0.09000000357627869 0.0 0.0 0.0 0.0 0.0 0.0 0.0 0.0 0.0 0.0 0.0 0.0 0.0 0.0 0.0 0.0 0.0 0.0 0.0 0.0 0.0 0.0 0.0 0.0 0.0 0.0 0.0 -0.18000000715255737 0.09000000357627869 0.09000000357627869 0.0 0.0 0.09000000357627869 -0.18000000715255737 0.09000000357627869 0.09000000357627869 0.20999999344348907 0.05000000074505806 0.05000000074505806 -0.30000001192092896 0.33000001311302185 0.33000001311302185 0.33000001311302185 0.0 0.0 0.0 0.0 0.0 0.0 -0.18000000715255737 0.0 0.0 0.0 -0.11999999731779099 0.11999999731779099 -0.11999999731779099 0.11999999731779099 0.0 0.0 0.0 0.0 0.0 0.0 0.0 -0.5099999904632568 0.0 0.0 0.0 0.09000000357627869 -0.18000000715255737 0.09000000357627869 0.09000000357627869 -0.18000000715255737 0.09000000357627869 0.0 0.5099999904632568 -0.5099999904632568 -0.4699999988079071 0.0 0.0 0.09000000357627869 -0.27000001072883606 0.09000000357627869 0.09000000357627869 0.09000000357627869 0.5099999904632568 -0.5099999904632568 -0.4699999988079071 0.3100000023841858 -0.019999999552965164 0.09000000357627869 0.09000000357627869 0.5099999904632568 -0.5099999904632568 -0.4699999988079071 0.3100000023841858 0.0 0.09000000357627869 0.0 0.0 0.09000000357627869 -0.6600000262260437 0.4300000071525574 0.5099999904632568 -0.5099999904632568 0.0 0.3100000023841858 0.0 0.0 0.0 0.09000000357627869 0.0 0.0 0.09000000357627869 0.09000000357627869 0.0 0.09000000357627869 0.09000000357627869 -0.699999988079071 0.4399999976158142 0.6399999856948853 -0.800000011920929 0.46000000834465027 0.46000000834465027 0.0 0.0 0.46000000834465027 0.0 -0.5099999904632568 0.0 0.0 0.0 0.09000000357627869 0.0 0.0 0.09000000357627869 0.0 0.0 -0.27000001072883606 0.09000000357627869 0.0 0.09000000357627869 -0.27000001072883606 0.09000000357627869 0.09000000357627869 0.09000000357627869 0.0 0.0 0.0 0.3100000023841858 0.0 0.0 0.0 0.0 0.0 -0.11999999731779099 0.0 -0.11999999731779099 0.11999999731779099 -0.11999999731779099 0.11999999731779099 0.0 0.11999999731779099 0.0 0.11999999731779099 0.0 -0.5099999904632568 0.0 0.0 -0.11999999731779099 0.11999999731779099 -0.11999999731779099 0.11999999731779099 0.0 0.0 0.0 0.0 0.0 -0.27000001072883606 0.09000000357627869 0.09000000357627869 0.09000000357627869 0.0 0.0 0.0 0.0 0.0 0.0 0.0 0.09000000357627869 -0.27000001072883606 0.09000000357627869 0.09000000357627869 0.09000000357627869 -0.27000001072883606 0.09000000357627869 0.09000000357627869 0.09000000357627869 0.0 0.0 0.0 0.0 0.0 0.09000000357627869 0.0 0.09000000357627869 0.0 0.5099999904632568 -0.5099999904632568 0.0 0.09000000357627869 -0.27000001072883606 0.09000000357627869 0.09000000357627869 0.0 0.0 0.0 0.0 0.0 0.09000000357627869 -0.18000000715255737 0.09000000357627869 0.09000000357627869 0.0 0.0 -0.27000001072883606 0.0 0.09000000357627869 0.09000000357627869 -0.27000001072883606 0.09000000357627869 0.09000000357627869 0.09000000357627869 0.0 0.0 -0.4699999988079071 0.0 -0.18000000715255737 0.09000000357627869 0.09000000357627869 0.09000000357627869 -0.4699999988079071 0.0 0.07000000029802322 -0.18000000715255737 0.09000000357627869 0.09000000357627869 0.550000011920929 -0.550000011920929 -0.6200000047683716 0.3199999928474426 0.30000001192092896 0.5099999904632568 -0.5099999904632568 -0.4699999988079071 0.0 0.0 0.09000000357627869 0.0 0.09000000357627869 0.0 0.09000000357627869 0.09000000357627869 0.09000000357627869 -0.27000001072883606 0.09000000357627869 0.09000000357627869 0.0
104 0.0 0.0 0.0 0.09000000357627869 0.0 0.09000000357627869 0.20999999344348907 0.05000000074505806 0.05000000074505806 -0.30000001192092896 0.33000001311302185 0.0 0.0 0.0 0.0 0.0 0.0 0.0 0.0 0.0 0.0 0.0 -0.09000000357627869 0.0 -0.5099999904632568 0.0 0.3100000023841858 0.0 0.09000000357627869 0.05000000074505806 0.09000000357627869 0.09000000357627869 -0.6600000262260437 0.4300000071525574 0.0 0.0 -0.4699999988079071 0.3100000023841858 0.0 0.0 -0.18000000715255737 0.09000000357627869 0.09000000357627869 0.0 0.0 -0.27000001072883606 0.09000000357627869 0.0 0.09000000357627869 0.0 0.09000000357627869 0.09000000357627869 0.09000000357627869 0.0 -0.5099999904632568 0.0 0.0 -0.5099999904632568 0.0 0.3100000023841858 0.0 0.0 0.0 0.09000000357627869 0.0 0.09000000357627869 0.0 0.09000000357627869 -0.27000001072883606 0.09000000357627869 0.0 0.09000000357627869 0.0 0.0 0.11999999731779099 0.0 0.0 -0.7599999904632568 0.0 0.0 0.09000000357627869 0.09000000357627869 0.0 0.09000000357627869 0.09000000357627869 0.0 0.0 0.0 0.0 0.0 0.0 0.0 0.0 0.0 0.0 0.0 0.0 0.0 0.0 0.0 0.0 0.0 0.0 -0.18000000715255737 0.09000000357627869 0.09000000357627869 0.0 0.0 0.6200000047683716 -0.7599999904632568 0.0 0.0 0.0 0.0 0.0 0.0 0.0 0.0 0.0 0.0 0.0 0.0 0.11999999731779099 0.0 0.0 0.0 0.0 -0.18000000715255737 0.09000000357627869 0.09000000357627869 0.0 0.0 0.0 0.09000000357627869 0.09000000357627869 0.33000001311302185 0.0 0.0 -0.5099999904632568 0.0 0.0 0.0 0.09000000357627869 0.0 0.0 -0.27000001072883606 0.09000000357627869 0.0 0.09000000357627869 0.0 0.09000000357627869 0.09000000357627869 0.0 0.09000000357627869 0.09000000357627869 0.0 0.09000000357627869 0.0 0.0 0.0 0.0 0.0 0.0 0.0 0.0 0.0 0.0 0.0 0.0 0.0 0.0 0.0 0.0 -0.27000001072883606 0.09000000357627869 0.09000000357627869 0.09000000357627869 0.0 0.09000000357627869 0.0 0.0 0.0 0.0 0.0 0.0 0.0 0.0 0.0 0.0 0.0 0.0 0.0 0.0 0.0 0.0 0.0 0.0 0.0 0.0 0.0 0.0 0.0 0.0 0.0 0.0 0.0 -0.18000000715255737 0.09000000357627869 0.09000000357627869 0.0 0.0 0.09000000357627869 -0.18000000715255737 0.09000000357627869 0.09000000357627869 0.20999999344348907 0.05000000074505806 0.05000000074505806 -0.30000001192092896 0.33000001311302185 0.33000001311302185 0.33000001311302185 0.0 0.0 0.0 0.0 0.0 0.0 -0.18000000715255737 0.0 0.0 0.0 -0.11999999731779099 0.11999999731779099 -0.11999999731779099 0.11999999731779099 0.0 0.0 0.0 0.0 0.0 0.0 0.0 -0.5099999904632568 0.0 0.0 0.0 0.09000000357627869 -0.18000000715255737 -0.18000000715255737 0.09000000357627869 0.0 0.5099999904632568 -0.5099999904632568 -0.4699999988079071 0.0 0.0 0.5099999904632568 -0.5099999904632568 -0.4699999988079071 0.3100000023841858 -0.019999999552965164 0.09000000357627869 0.09000000357627869 0.5099999904632568 -0.5099999904632568 -0.4699999988079071 0.3100000023841858 0.0 0.09000000357627869 0.0 0.0 0.09000000357627869 -0.6600000262260437 0.4300000071525574 0.5099999904632568 -0.5099999904632568 -0.4699999988079071 0.3100000023841858 0.0 0.09000000357627869 0.0 0.09000000357627869 0.09000000357627869 0.0 0.0 0.09000000357627869 -0.18000000715255737 0.09000000357627869 0.09000000357627869 0.0 0.05000000074505806 0.0 -0.30000001192092896 0.33000001311302185 0.33000001311302185 0.33000001311302185 0.0 -0.5099999904632568 0.0 0.0 0.0 0.09000000357627869 0.0 0.0 0.09000000357627869 0.0 0.0 -0.27000001072883606 0.09000000357627869 0.0 0.09000000357627869 -0.27000001072883606 0.09000000357627869 0.09000000357627869 0.09000000357627869 0.0 0.0 0.0 0.3100000023841858 0.0 0.0 0.0 0.0 0.0 0.0 -0.11999999731779099 0.0 -0.11999999731779099 0.11999999731779099 -0.11999999731779099 0.11999999731779099 0.0 0.11999999731779099 0.0 0.11999999731779099 0.0 -0.5099999904632568 0.0 0.0 0.0 0.0 -0.18000000715255737 0.0 0.0 0.0 0.0 -0.11999999731779099 0.11999999731779099 -0.11999999731779099 0.11999999731779099 0.0 0.0 0.0 0.0 0.5099999904632568 0.0 0.0 0.0 0.09000000357627869 0.0 0.09000000357627869 0.0 -0.18000000715255737 0.09000000357627869 0.09000000357627869 0.5099999904632568 -0.5099999904632568 0.0 0.3100000023841858 0.0 0.09000000357627869 0.0 0.09000000357627869 -0.27000001072883606 0.09000000357627869 0.0 -0.5099999904632568 0.0 0.3100000023841858 0.0 0.09000000357627869 -0.18000000715255737 0.09000000357627869 0.09000000357627869 -0.18000000715255737 0.09000000357627869 0.09000000357627869 0.550000011920929 -0.550000011920929 0.0 0.0 0.0 0.0 0.0 0.0 -0.18000000715255737 0.09000000357627869 0.09000000357627869 0.0 0.09000000357627869 -0.27000001072883606 0.09000000357627869 0.09000000357627869 0.09000000357627869 -0.27000001072883606 0.09000000357627869 0.09000000357627869 0.09000000357627869 0.0 0.0 -0.4699999988079071 0.0 0.0 0.09000000357627869 0.05000000074505806 0.09000000357627869 0.09000000357627869 -0.6600000262260437 0.4300000071525574 0.5099999904632568 -0.5099999904632568 -0.4699999988079071 0.3100000023841858 0.07000000029802322 0.09000000357627869 -0.2800000011920929 0.09000000357627869 0.0 0.6200000047683716 -0.7599999904632568 0.0 0.0 0.0 0.0 0.0 0.0 0.0 0.0 0.0 0.0 0.09000000357627869 -0.27000001072883606 0.09000000357627869 0.09000000357627869 0.09000000357627869 -0.27000001072883606 0.09000000357627869 0.09000000357627869 0.09000000357627869 0.0 0.0 0.0 0.0 0.0 0.09000000357627869 -0.18000000715255737 0.09000000357627869 0.09000000357627869 0.0 0.09000000357627869 0.0 0.550000011920929 -0.550000011920929 -0.6200000047683716 0.3199999928474426 0.0 0.5099999904632568 -0.5099999904632568 -0.4699999988079071 0.0 0.07000000029802322 0.09000000357627869 0.05000000074505806 0.09000000357627869 0.09000000357627869 0.5099999904632568 -0.4699999988079071 0.0 0.0 0.0 0.09000000357627869 0.09000000357627869 0.09000000357627869 -0.18000000715255737 0.09000000357627869 -0.27000001072883606 0.09000000357627869 0.0 0.0 0.0 0.0 0.09000000357627869 -0.18000000715255737 0.09000000357627869 0.09000000357627869 0.0 0.0 -0.27000001072883606 0.0 0.09000000357627869 0.09000000357627869 -0.27000001072883606 0.09000000357627869 0.09000000357627869 0.09000000357627869 0.0 0.0 -0.4699999988079071 0.0 0.09000000357627869 -0.18000000715255737 0.09000000357627869 0.550000011920929 -0.6200000047683716 0.3199999928474426 0.30000001192092896 0.0 0.09000000357627869 0.0 0.09000000357627869 0.0 0.09000000357627869 0.09000000357627869 -0.27000001072883606 0.09000000357627869 0.09000000357627869 0.0 0.09000000357627869 0.09000000357627869 0.09000000357627869 -0.4699999988079071 0.0 0.09000000357627869 0.05000000074505806 0.09000000357627869 0.09000000357627869 -0.6600000262260437 0.4300000071525574 0.09000000357627869 0.09000000357627869
105 0.0 0.11999999731779099 0.0 0.0 0.0 0.0 0.0 0.0 0.0 0.0 0.0 0.0 0.0 0.0 0.0 0.0 0.0 0.09000000357627869 0.0 0.0 0.0 0.09000000357627869 0.0 0.09000000357627869 0.09000000357627869 0.20999999344348907 0.05000000074505806 0.05000000074505806 -0.30000001192092896 0.33000001311302185 0.0 0.33000001311302185 0.0 0.0 0.0 0.0 0.0 0.0 0.0 0.0 0.0 0.0 0.0 0.0 -0.09000000357627869 -0.2199999988079071 0.09000000357627869 0.09000000357627869 0.0 0.0 -0.5099999904632568 0.0 0.3100000023841858 0.0 0.09000000357627869 0.05000000074505806 0.09000000357627869 0.09000000357627869 -0.6600000262260437 0.4300000071525574 0.0 0.0 -0.4699999988079071 0.3100000023841858 0.0 0.0 -0.18000000715255737 0.09000000357627869 0.09000000357627869 0.0 0.0 -0.27000001072883606 0.09000000357627869 0.0 0.09000000357627869 0.0 0.09000000357627869 0.09000000357627869 0.09000000357627869 0.0 -0.5099999904632568 0.0 0.0 0.0 0.0 0.0 0.09000000357627869 0.0 0.09000000357627869 0.0 0.09000000357627869 -0.27000001072883606 0.09000000357627869 0.0 0.09000000357627869 0.0 0.0 0.0 -0.5099999904632568 0.0 0.0 0.0 0.09000000357627869 0.09000000357627869 0.0 0.0 0.0 0.0 0.0 0.0 0.0 0.0 0.0 0.09000000357627869 0.0 0.0 0.0 0.0 0.0 0.0 0.0 0.0 0.0 0.0 0.0 0.0 0.0 0.0 0.0 0.11999999731779099 0.0 0.11999999731779099 0.0 0.0 0.0 0.0 0.0 0.0 0.0 -0.5099999904632568 0.0 0.0 0.0 0.0 0.0 0.0 0.0 0.0 0.0 0.0 0.0 0.0 -0.18000000715255737 0.09000000357627869 0.0 0.0 0.0 0.0 0.0 0.0 0.0 0.0 0.0 0.0 0.0 0.0 0.0 0.0 0.0 0.0 0.0 0.0 0.0 0.09000000357627869 -0.7599999904632568 0.5099999904632568 -0.5099999904632568 0.0 0.0 0.0 0.09000000357627869 -0.2800000011920929 0.09000000357627869 0.09000000357627869 0.6200000047683716 -0.7599999904632568 -0.7599999904632568 0.5099999904632568 0.0 -0.4699999988079071 0.3100000023841858 0.0 0.0 -0.2800000011920929 0.09000000357627869 0.0 -0.5099999904632568 0.0 0.0 0.0 0.09000000357627869 0.0 0.0 0.09000000357627869 0.0 0.0 0.0 0.09000000357627869 0.09000000357627869 0.0 -0.27000001072883606 0.09000000357627869 0.09000000357627869 0.09000000357627869 0.0 0.0 0.0 0.3100000023841858 0.0 0.0 0.0 -0.5099999904632568 0.0 0.0 0.0 0.09000000357627869 0.0 0.09000000357627869 0.0 0.0 0.09000000357627869 0.0 0.0 0.0 0.0 0.0 0.0 0.0 0.0 -0.7599999904632568 0.0 0.0 0.0 0.0 0.0 0.0 0.0 0.0 0.0 0.0 0.0 0.0 0.0 0.0 0.0 -0.18000000715255737 0.09000000357627869 0.0 0.0 0.0 0.0 0.0 0.0 0.0 0.0 0.0 0.0 0.0 0.0 0.0 0.0 0.0 0.0 0.11999999731779099 0.0 0.0 0.0 0.11999999731779099 0.0 -0.5099999904632568 0.0 0.0 0.0 0.09000000357627869 -0.18000000715255737 0.09000000357627869 0.09000000357627869 0.0 0.0 0.0 0.0 0.0 0.0 0.0 0.0 0.0 0.0 0.09000000357627869 0.0 0.0 -0.27000001072883606 0.09000000357627869 0.09000000357627869 0.0 0.09000000357627869 0.09000000357627869 0.0 0.0 0.0 0.0 0.0 0.0 0.0 0.09000000357627869 0.0 0.0 -0.27000001072883606 0.09000000357627869 0.09000000357627869 0.0 0.0 0.0 0.0 0.0 0.0 0.0 0.09000000357627869 0.0 0.0 0.0 0.0 0.0 0.11999999731779099 0.0 0.0 0.0 0.0 0.0 0.0 0.0 0.0 -0.27000001072883606 0.09000000357627869 0.09000000357627869 0.09000000357627869 0.0 0.09000000357627869 0.0 0.0 0.0 0.0 0.0 0.0 0.0 0.0 0.0 0.0 0.0 0.0 0.0 0.0 0.0 0.0 0.0 0.0 0.0 0.0 0.0 0.0 0.0 0.0 0.0 0.0 0.0 -0.18000000715255737 0.09000000357627869 0.09000000357627869 0.0 0.0 0.09000000357627869 -0.18000000715255737 0.09000000357627869 0.09000000357627869 0.20999999344348907 0.05000000074505806 0.05000000074505806 0.0 0.0 0.0 0.0 0.0 0.0 -0.18000000715255737 0.0 0.0 0.0 -0.11999999731779099 0.11999999731779099 -0.11999999731779099 0.11999999731779099 0.0 0.0 0.0 0.0 0.0 0.0 0.0 -0.5099999904632568 0.0 0.0 0.09000000357627869 -0.5099999904632568 0.09000000357627869 0.5099999904632568 -0.5099999904632568 -0.4699999988079071 0.3100000023841858 0.0 0.09000000357627869 0.0 0.0 0.5099999904632568 -0.5099999904632568 -0.4699999988079071 0.3100000023841858 0.0 0.09000000357627869 0.0 0.09000000357627869 0.09000000357627869 0.0 0.0 0.09000000357627869 -0.18000000715255737 0.09000000357627869 0.09000000357627869 0.0 0.05000000074505806 0.0 -0.30000001192092896 0.33000001311302185 0.33000001311302185 0.33000001311302185 0.0 -0.5099999904632568 0.0 0.3100000023841858 0.0 0.0 0.0 0.09000000357627869 0.0 0.0 0.09000000357627869 0.09000000357627869 0.0 0.09000000357627869 0.09000000357627869 -0.699999988079071 0.4399999976158142 0.6399999856948853 -0.800000011920929 0.46000000834465027 0.46000000834465027 0.0 0.46000000834465027 0.0 -0.5099999904632568 0.0 0.3100000023841858 0.0 0.0 0.0 0.0 0.0 0.0 -0.11999999731779099 0.0 -0.11999999731779099 0.11999999731779099 -0.11999999731779099 0.11999999731779099 0.0 0.11999999731779099 0.0 0.11999999731779099 0.0 -0.5099999904632568 0.0 0.0 0.0 0.0 -0.18000000715255737 0.0 0.09000000357627869 0.0 0.0 0.0 -0.11999999731779099 0.11999999731779099 -0.11999999731779099 0.11999999731779099 0.0 0.0 0.0 0.0 0.5099999904632568 0.0 0.0 0.0 0.0 0.0 -0.18000000715255737 0.0 -0.029999999329447746 0.0 0.0 0.5099999904632568 0.0 0.0 0.0 0.0 0.0 0.0 0.0 0.0 0.0 0.0 0.0 0.0 0.0 -0.27000001072883606 0.0 0.09000000357627869 0.09000000357627869 0.09000000357627869 0.09000000357627869 -0.6200000047683716 0.3199999928474426 0.30000001192092896 -0.27000001072883606 0.09000000357627869 0.09000000357627869
106 0.0 0.11999999731779099 0.0 0.0 0.0 0.0 0.0 0.0 0.0 0.0 0.0 0.0 0.0 0.0 0.0 0.0 0.0 0.0 0.0 0.0 0.0 0.0 0.0 0.0 0.0 0.0 0.09000000357627869 0.0 0.0 0.0 0.09000000357627869 0.0 0.09000000357627869 0.09000000357627869 0.20999999344348907 0.05000000074505806 0.05000000074505806 -0.30000001192092896 0.33000001311302185 0.0 0.33000001311302185 0.0 0.0 0.0 0.0 0.0 0.0 0.0 0.0 0.0 0.0 0.0 0.0 -0.09000000357627869 -0.2199999988079071 0.09000000357627869 0.09000000357627869 0.0 0.0 -0.5099999904632568 0.0 0.3100000023841858 0.0 0.09000000357627869 0.05000000074505806 0.09000000357627869 0.09000000357627869 -0.6600000262260437 0.4300000071525574 0.0 0.0 -0.4699999988079071 0.3100000023841858 0.0 0.0 -0.18000000715255737 0.09000000357627869 0.09000000357627869 0.0 0.0 -0.27000001072883606 0.09000000357627869 0.0 0.09000000357627869 0.0 0.09000000357627869 0.09000000357627869 0.09000000357627869 0.0 -0.5099999904632568 0.0 0.0 0.0 0.09000000357627869 0.09000000357627869 0.0 0.5099999904632568 -0.5099999904632568 0.0 0.09000000357627869 -0.6600000262260437 0.0 -0.5099999904632568 0.0 0.0 0.0 0.09000000357627869 0.09000000357627869 0.0 0.0 0.0 0.3100000023841858 0.0 0.0 0.0 0.09000000357627869 0.0 0.09000000357627869 0.0 0.09000000357627869 -0.27000001072883606 0.09000000357627869 0.0 0.09000000357627869 0.0 -0.5099999904632568 0.0 0.0 0.0 0.09000000357627869 0.0 0.09000000357627869 -0.6600000262260437 -0.27000001072883606 0.09000000357627869 0.0 -0.5099999904632568 0.0 0.0 0.09000000357627869 0.09000000357627869 0.0 0.0 -0.18000000715255737 0.09000000357627869 0.09000000357627869 -0.18000000715255737 0.09000000357627869 0.09000000357627869 0.5099999904632568 -0.5099999904632568 -0.4699999988079071 0.0 0.0 0.09000000357627869 0.0 0.09000000357627869 0.09000000357627869 0.6200000047683716 -0.7599999904632568 -0.7599999904632568 0.0 0.0 0.0 0.0 0.0 0.0 0.0 0.0 0.0 0.09000000357627869 0.0 0.0 0.0 0.11999999731779099 0.0 0.11999999731779099 0.0 0.0 0.0 0.0 0.0 0.0 -0.18000000715255737 0.09000000357627869 0.0 0.0 0.0 0.0 0.0 0.0 0.0 0.0 0.0 0.0 0.0 0.0 0.0 0.0 0.0 -0.2800000011920929 0.09000000357627869 0.09000000357627869 0.6200000047683716 -0.7599999904632568 -0.7599999904632568 0.0 0.09000000357627869 0.09000000357627869 0.0 0.0 0.0 0.0 0.0 0.0 0.0 0.0 0.0 0.0 0.0 0.0 0.0 0.0 0.11999999731779099 0.0 0.0 0.0 0.11999999731779099 0.0 0.0 0.0 0.0 0.09000000357627869 -0.18000000715255737 0.09000000357627869 0.09000000357627869 0.0 0.09000000357627869 0.09000000357627869 0.0 0.0 0.0 0.3100000023841858 0.0 0.0 0.0 0.09000000357627869 0.09000000357627869 0.0 0.09000000357627869 0.0 0.0 -0.5099999904632568 0.0 0.0 0.0 0.09000000357627869 0.0 0.0 -0.27000001072883606 0.09000000357627869 0.0 0.09000000357627869 0.0 0.09000000357627869 0.09000000357627869 0.0 0.0 -0.5099999904632568 -0.28999999165534973 0.0 0.09000000357627869 0.09000000357627869 0.019999999552965164 0.09000000357627869 -0.18000000715255737 -0.18000000715255737 0.09000000357627869 0.09000000357627869 0.5099999904632568 0.0 0.0 0.0 0.09000000357627869 -0.18000000715255737 0.09000000357627869 0.09000000357627869 -0.18000000715255737 0.09000000357627869 0.09000000357627869 0.550000011920929 -0.6200000047683716 0.30000001192092896 0.5099999904632568 -0.5099999904632568 0.0 0.0 0.0 0.09000000357627869 0.0 0.0 0.09000000357627869 -0.23000000417232513 0.0 0.4300000071525574 0.0 0.0 0.09000000357627869 0.0 0.0 0.0 0.0 0.0 0.0 0.0 0.0 0.0 0.09000000357627869 0.0 0.0 -0.27000001072883606 0.09000000357627869 0.09000000357627869 0.09000000357627869 0.0 0.0 0.0 0.0 0.0 0.0 0.0 0.09000000357627869 0.0 0.0 0.0 0.0 0.0 0.0 0.0 0.11999999731779099 0.0 0.0 0.0 0.0 0.0 0.0 0.0 0.0 0.0 0.0 -0.27000001072883606 0.09000000357627869 0.09000000357627869 0.09000000357627869 0.0 0.09000000357627869 0.0 0.0 0.0 0.0 0.0 0.0 0.0 0.0 0.0 0.0 0.0 0.0 0.0 0.0 0.0 0.0 0.0 0.0 0.0 0.0 0.0 0.0 0.0 0.0 0.0 0.0 0.0 -0.18000000715255737 0.09000000357627869 0.09000000357627869 0.0 0.0 0.09000000357627869 -0.18000000715255737 0.09000000357627869 0.09000000357627869 0.20999999344348907 0.05000000074505806 0.33000001311302185 0.0 0.0 0.0 0.0 0.0 0.0 0.0 0.0 0.0 0.0 0.0 0.0 0.0 0.5099999904632568 -0.5099999904632568 -0.4699999988079071 0.3100000023841858 0.0 0.09000000357627869 0.0 0.09000000357627869 0.09000000357627869 0.0 0.0 0.09000000357627869 -0.18000000715255737 0.09000000357627869 0.09000000357627869 0.0 0.05000000074505806 0.0 -0.30000001192092896 0.33000001311302185 0.33000001311302185 0.33000001311302185 0.0 -0.5099999904632568 0.0 0.3100000023841858 0.0 0.0 0.0 0.09000000357627869 0.0 0.0 0.09000000357627869 0.09000000357627869 0.0 0.09000000357627869 0.09000000357627869 -0.699999988079071 0.4399999976158142 0.6399999856948853 -0.800000011920929 0.46000000834465027 0.46000000834465027 0.0 0.0 0.46000000834465027 0.0 -0.5099999904632568 0.0 0.0 0.0 0.09000000357627869 0.0 0.0 0.09000000357627869 0.0 0.0 -0.27000001072883606 0.09000000357627869 0.0 0.09000000357627869 -0.27000001072883606 0.09000000357627869 0.09000000357627869 0.09000000357627869 0.0 0.0 0.0 0.0 0.0 0.0 -0.18000000715255737 0.0 0.09000000357627869 0.0 0.0 0.0 -0.11999999731779099 0.11999999731779099 -0.11999999731779099 0.11999999731779099 0.0 0.0 0.0 0.0 0.5099999904632568 0.0 0.0 0.0 0.0 0.0 -0.18000000715255737 0.09000000357627869 0.0 -0.029999999329447746 0.0 0.0 0.0 0.0 0.23999999463558197 0.10999999940395355 -0.25 0.17000000178813934 -0.27000001072883606 0.0 0.5099999904632568 0.0 0.0 0.0 0.0 0.0 0.0 0.0 0.0 -0.09000000357627869 0.0 0.0 0.0 0.0 -0.6200000047683716 0.0 0.0 -0.18000000715255737 0.09000000357627869 0.0 -0.27000001072883606 0.09000000357627869 0.09000000357627869 0.09000000357627869 -0.27000001072883606 0.09000000357627869 0.09000000357627869 0.09000000357627869 0.09000000357627869 -0.18000000715255737 0.0 0.09000000357627869 0.0 0.550000011920929 -0.550000011920929 -0.6200000047683716 0.3199999928474426 0.0 0.09000000357627869 0.0 -0.27000001072883606 0.0 0.09000000357627869 0.09000000357627869 -0.27000001072883606 0.09000000357627869 0.09000000357627869 0.0 0.0 0.09000000357627869 0.09000000357627869 0.09000000357627869 -0.27000001072883606 0.09000000357627869 0.09000000357627869 0.0 0.09000000357627869 0.09000000357627869
107 0.0 0.0 0.0 0.09000000357627869 0.0 0.0 0.0 0.0 0.0 0.0 -0.11999999731779099 0.0 0.0 0.11999999731779099 0.0 0.0 0.0 0.0 0.0 0.0 0.0 0.0 0.0 0.0 0.0 0.0 0.0 0.0 0.0 0.0 0.0 0.0 0.0 0.0 0.0 0.0 0.0 0.0 0.0 0.0 0.0 0.0 0.0 0.0 0.0 0.0 0.0 0.0 0.0 0.0 0.0 0.09000000357627869 0.0 0.0 0.0 0.09000000357627869 0.0 0.09000000357627869 0.09000000357627869 0.20999999344348907 0.05000000074505806 0.05000000074505806 -0.30000001192092896 0.33000001311302185 0.0 0.33000001311302185 0.0 0.0 0.0 0.0 0.0 0.0 0.0 0.0 0.0 0.0 0.0 0.0 -0.09000000357627869 -0.2199999988079071 0.09000000357627869 0.09000000357627869 0.0 0.0 -0.5099999904632568 0.0 0.3100000023841858 0.0 0.09000000357627869 0.05000000074505806 0.09000000357627869 0.09000000357627869 0.0 0.0 -0.4699999988079071 0.3100000023841858 0.09000000357627869 0.0 0.0 0.0 0.09000000357627869 0.0 0.09000000357627869 0.0 0.09000000357627869 -0.27000001072883606 0.09000000357627869 0.0 0.0 -0.5099999904632568 0.0 0.0 0.09000000357627869 0.0 0.0 -0.18000000715255737 0.09000000357627869 0.09000000357627869 -0.18000000715255737 0.09000000357627869 0.09000000357627869 0.5099999904632568 -0.5099999904632568 -0.4699999988079071 0.0 0.0 0.09000000357627869 0.0 0.09000000357627869 0.09000000357627869 0.6200000047683716 -0.7599999904632568 -0.7599999904632568 0.0 0.0 0.0 0.09000000357627869 0.0 0.0 -0.800000011920929 0.46000000834465027 0.46000000834465027 0.5099999904632568 0.0 0.0 0.0 0.0 0.0 0.0 0.0 0.0 0.0 0.0 0.0 0.0 0.0 0.0 0.0 0.0 0.0 0.0 0.09000000357627869 0.0 0.0 0.0 0.0 0.0 0.0 0.0 0.0 0.0 0.0 0.0 0.0 0.0 0.0 0.0 0.0 0.09000000357627869 0.0 0.0 0.0 0.0 0.0 0.0 0.0 0.09000000357627869 0.0 0.0 0.0 0.0 0.0 0.0 0.0 0.0 0.0 0.09000000357627869 0.0 0.0 0.0 0.0 0.0 0.0 0.0 0.0 0.0 0.0 0.0 0.0 0.0 0.11999999731779099 0.0 0.11999999731779099 0.0 0.0 0.0 0.0 0.0 0.0 0.0 -0.5099999904632568 0.0 0.0 0.0 0.0 0.0 0.0 0.0 -0.23000000417232513 0.0 0.0 0.0 0.0 0.0 0.0 -0.18000000715255737 0.09000000357627869 0.0 0.0 0.0 0.0 0.0 0.0 0.0 0.0 0.0 0.0 0.0 0.0 0.0 0.0 0.0 0.0 0.0 0.0 0.0 0.0 0.0 0.0 0.0 0.0 0.0 0.0 0.0 0.0 0.0 0.0 0.0 0.0 0.0 -0.27000001072883606 0.09000000357627869 0.0 0.0 0.0 0.0 0.09000000357627869 0.0 0.0 0.09000000357627869 0.0 0.0 0.6200000047683716 -0.7599999904632568 0.5099999904632568 -0.5099999904632568 0.0 0.0 0.0 0.09000000357627869 -0.2800000011920929 0.09000000357627869 0.09000000357627869 0.6200000047683716 -0.7599999904632568 -0.7599999904632568 0.5099999904632568 0.0 -0.4699999988079071 0.3100000023841858 0.0 0.0 0.0 -0.5099999904632568 0.0 0.0 0.0 0.09000000357627869 0.0 0.0 0.09000000357627869 0.0 0.0 0.0 0.09000000357627869 0.09000000357627869 0.0 -0.27000001072883606 0.09000000357627869 0.09000000357627869 0.09000000357627869 0.0 0.0 0.0 0.0 0.0 0.0 0.0 0.0 0.0 0.0 0.0 0.0 0.0 0.0 0.0 0.0 0.0 0.0 0.0 0.0 0.0 0.0 0.0 0.0 0.0 0.0 0.0 0.0 0.0 0.0 0.0 0.0 0.0 0.0 0.0 0.0 0.0 0.0 0.0 0.0 0.11999999731779099 0.0 0.0 0.0 0.11999999731779099 0.0 -0.5099999904632568 0.0 0.0 0.0 0.09000000357627869 -0.18000000715255737 0.09000000357627869 0.09000000357627869 0.0 0.0 0.0 0.0 0.3100000023841858 0.0 0.0 0.0 0.09000000357627869 0.09000000357627869 0.0 0.09000000357627869 0.0 0.20000000298023224 0.09000000357627869 0.09000000357627869 0.0 -0.5099999904632568 0.0 0.0 0.0 0.09000000357627869 0.0 0.0 -0.27000001072883606 0.09000000357627869 0.0 0.09000000357627869 0.0 0.09000000357627869 0.09000000357627869 0.0 0.0 -0.5099999904632568 0.0 0.0 0.0 0.09000000357627869 0.0 0.0 0.09000000357627869 -0.23000000417232513 0.0 0.05000000074505806 0.09000000357627869 -0.6600000262260437 0.4300000071525574 0.5099999904632568 -0.4699999988079071 0.0 -0.019999999552965164 0.09000000357627869 0.09000000357627869 0.5099999904632568 -0.5099999904632568 0.0 0.0 0.0 0.0 -0.18000000715255737 0.09000000357627869 0.09000000357627869 0.0 0.0 0.09000000357627869 0.20000000298023224 0.09000000357627869 0.09000000357627869 0.46000000834465027 0.0 0.0 0.0 0.0 0.0 0.0 0.0 0.0 0.0 0.09000000357627869 0.0 0.0 -0.27000001072883606 0.09000000357627869 0.09000000357627869 0.09000000357627869 0.0 0.0 0.0 0.0 0.0 0.0 0.0 0.09000000357627869 0.0 0.0 0.0 0.0 0.0 0.11999999731779099 0.0 -0.5400000214576721 0.4300000071525574 0.0 0.11999999731779099 0.0 0.0 0.0 0.0 0.0 0.0 0.0 0.0 0.0 0.0 -0.27000001072883606 0.09000000357627869 0.09000000357627869 0.09000000357627869 0.0 0.09000000357627869 0.0 0.0 0.0 0.0 0.0 0.0 0.0 0.0 0.0 0.0 0.0 0.0 0.0 0.0 0.0 0.0 0.0 0.0 0.0 0.0 0.0 0.0 0.0 0.0 0.0 0.0 0.0 -0.18000000715255737 0.09000000357627869 0.09000000357627869 0.0 0.09000000357627869 0.0 0.0 0.0 0.0 0.0 0.0 -0.18000000715255737 0.0 0.0 -0.11999999731779099 0.11999999731779099 -0.11999999731779099 0.11999999731779099 0.0 0.0 0.0 0.0 0.0 0.0 0.0 0.09000000357627869 0.0 0.09000000357627869 0.0 0.0 0.09000000357627869 -0.18000000715255737 0.09000000357627869 0.09000000357627869 0.0 0.05000000074505806 0.0 -0.30000001192092896 0.33000001311302185 0.33000001311302185 0.33000001311302185 0.0 -0.5099999904632568 0.0 0.3100000023841858 0.0 0.0 0.0 0.09000000357627869 0.0 0.0 0.09000000357627869 0.09000000357627869 0.09000000357627869 0.0 -0.5099999904632568 0.0 0.0 0.0 0.09000000357627869 0.0 0.0 0.09000000357627869 0.0 0.0 -0.27000001072883606 0.09000000357627869 0.0 0.09000000357627869 -0.27000001072883606 0.09000000357627869 0.09000000357627869 0.09000000357627869 0.0 0.0 0.0 0.3100000023841858 0.0 0.0 0.0 0.0 0.0 0.0 -0.11999999731779099 0.0 -0.11999999731779099 0.11999999731779099 -0.11999999731779099 0.11999999731779099 0.0 0.11999999731779099 0.0 0.11999999731779099 0.0 -0.5099999904632568 0.0 0.0 0.0 0.0 -0.18000000715255737 0.09000000357627869 0.0 -0.029999999329447746 0.0 0.0 0.0 0.0 0.23999999463558197 0.10999999940395355 -0.25 0.17000000178813934 -0.20000000298023224 0.14000000059604645 -0.27000001072883606 0.0 -0.14000000059604645 0.14000000059604645 0.5099999904632568 0.0 0.0 0.0 0.0 0.0 0.0 0.09000000357627869 0.09000000357627869 0.0 0.0 0.0 -0.09000000357627869 0.0 0.0 0.0 0.0 0.0 -0.5099999904632568 0.0 0.0 0.0 0.09000000357627869 0.0 0.0 0.09000000357627869 0.0 0.09000000357627869 0.0 0.550000011920929 -0.550000011920929 -0.6200000047683716 0.0 0.0 0.5099999904632568 0.0 0.0 0.0 0.0 -0.2800000011920929 0.0 0.0 -0.7599999904632568 0.0 0.0 0.0 0.0 0.0 0.5099999904632568 0.0 0.0 0.0 0.0 0.0 0.0 0.0 -0.23000000417232513 0.1599999964237213 0.0 0.0 0.0 0.0 0.0 0.0 0.0 0.09000000357627869 0.0 0.0 0.0 0.0 0.0 0.0 0.0 0.0 0.0 0.0 0.0 0.0
108 0.0 0.0 0.0 0.09000000357627869 0.0 0.0 0.0 0.0 0.0 0.0 -0.11999999731779099 0.0 0.0 0.11999999731779099 0.0 0.0 0.0 0.0 0.0 0.0 0.0 0.0 0.0 0.0 0.0 0.0 0.0 0.0 0.0 0.09000000357627869 0.0 0.0 0.09000000357627869 0.46000000834465027 0.0 0.0 0.0 0.0 0.0 0.0 0.0 0.0 0.0 0.0 0.0 0.0 0.0 0.0 0.0 0.0 0.0 0.0 0.0 0.0 0.0 0.0 0.0 0.0 0.09000000357627869 0.0 0.0 0.0 0.09000000357627869 0.0 0.09000000357627869 0.09000000357627869 0.20999999344348907 0.05000000074505806 0.05000000074505806 -0.30000001192092896 0.0 0.33000001311302185 0.0 0.0 0.0 0.0 0.0 0.0 0.0 0.0 0.0 0.0 0.0 0.0 -0.09000000357627869 -0.2199999988079071 0.09000000357627869 0.09000000357627869 0.0 0.0 -0.5099999904632568 0.0 0.3100000023841858 0.0 0.09000000357627869 0.05000000074505806 0.09000000357627869 0.09000000357627869 0.0 0.0 -0.4699999988079071 0.0 0.0 0.0 0.09000000357627869 0.0 0.09000000357627869 0.0 0.09000000357627869 -0.27000001072883606 0.09000000357627869 0.0 0.0 -0.5099999904632568 0.0 0.0 0.0 0.09000000357627869 0.0 0.09000000357627869 -0.27000001072883606 0.09000000357627869 0.09000000357627869 0.09000000357627869 0.0 -0.5099999904632568 0.0 0.0 0.09000000357627869 0.09000000357627869 0.0 0.0 -0.18000000715255737 0.09000000357627869 0.09000000357627869 -0.18000000715255737 0.09000000357627869 0.09000000357627869 0.5099999904632568 -0.5099999904632568 -0.4699999988079071 0.0 0.0 0.09000000357627869 0.0 0.09000000357627869 0.09000000357627869 0.6200000047683716 -0.7599999904632568 -0.7599999904632568 0.0 0.0 0.0 0.3100000023841858 0.0 0.09000000357627869 -0.18000000715255737 0.09000000357627869 0.09000000357627869 0.0 0.09000000357627869 0.09000000357627869 -0.18000000715255737 0.09000000357627869 0.09000000357627869 0.20999999344348907 0.05000000074505806 0.05000000074505806 -0.30000001192092896 0.33000001311302185 0.33000001311302185 0.33000001311302185 0.5099999904632568 -0.5099999904632568 0.0 0.0 0.0 0.09000000357627869 0.0 0.0 0.0 -0.18000000715255737 0.09000000357627869 0.09000000357627869 0.20000000298023224 0.09000000357627869 0.09000000357627869 -0.699999988079071 0.4399999976158142 0.6399999856948853 -0.800000011920929 0.46000000834465027 0.46000000834465027 0.5099999904632568 0.0 0.0 0.3100000023841858 0.0 0.0 0.0 0.09000000357627869 0.0 -0.18000000715255737 0.09000000357627869 0.09000000357627869 -0.18000000715255737 0.09000000357627869 0.09000000357627869 0.20999999344348907 0.05000000074505806 0.05000000074505806 -0.30000001192092896 0.33000001311302185 0.33000001311302185 0.33000001311302185 0.0 0.0 0.0 0.0 0.0 0.0 0.0 0.0 0.0 0.0 0.0 0.0 0.0 0.0 0.0 0.0 0.0 0.0 0.0 0.0 0.0 0.0 0.0 0.0 0.0 0.0 0.0 0.0 0.09000000357627869 0.0 0.0 0.0 0.0 0.0 0.11999999731779099 0.0 0.0 0.0 0.0 -0.18000000715255737 0.09000000357627869 0.0 0.0 0.0 0.0 0.0 0.0 0.0 0.0 0.0 0.0 0.0 0.0 0.0 0.0 0.0 0.0 0.0 0.0 0.0 0.0 0.09000000357627869 0.0 0.0 0.0 0.0 0.6399999856948853 -0.800000011920929 0.46000000834465027 0.0 -0.6600000262260437 0.4300000071525574 0.0 0.0 0.0 0.0 0.0 0.11999999731779099 0.0 0.0 0.0 0.11999999731779099 0.0 0.0 0.0 0.0 0.0 0.0 0.09000000357627869 0.0 0.09000000357627869 0.0 0.20000000298023224 0.09000000357627869 0.09000000357627869 0.0 0.0 0.0 0.0 0.09000000357627869 0.0 0.0 -0.27000001072883606 0.09000000357627869 0.0 0.09000000357627869 0.0 0.09000000357627869 0.09000000357627869 0.0 0.0 -0.5099999904632568 0.0 0.0 0.0 0.09000000357627869 0.0 0.0 0.09000000357627869 -0.23000000417232513 0.0 0.5099999904632568 -0.5099999904632568 0.09000000357627869 0.09000000357627869 -0.4699999988079071 0.3100000023841858 0.0 0.09000000357627869 0.05000000074505806 0.09000000357627869 0.09000000357627869 -0.6600000262260437 0.4300000071525574 0.5099999904632568 -0.5099999904632568 -0.4699999988079071 0.0 -0.019999999552965164 0.09000000357627869 0.09000000357627869 0.5099999904632568 -0.5099999904632568 0.0 0.0 0.0 0.0 -0.18000000715255737 0.09000000357627869 0.09000000357627869 0.0 0.0 0.09000000357627869 0.20000000298023224 0.09000000357627869 0.09000000357627869 -0.699999988079071 0.4399999976158142 0.6399999856948853 -0.800000011920929 0.46000000834465027 0.46000000834465027 -0.800000011920929 0.46000000834465027 0.46000000834465027 0.0 0.0 0.0 0.0 0.0 0.0 0.0 0.0 0.0 0.09000000357627869 0.0 0.0 -0.27000001072883606 0.09000000357627869 0.09000000357627869 0.09000000357627869 0.0 0.0 0.0 0.0 0.0 0.0 0.0 0.09000000357627869 0.0 0.0 0.0 0.0 0.0 0.11999999731779099 0.0 -0.5400000214576721 0.4300000071525574 0.0 0.11999999731779099 0.0 0.0 0.0 0.0 0.0 0.0 0.0 0.0 0.0 0.0 -0.27000001072883606 0.09000000357627869 0.0 0.0 0.0 0.0 0.0 0.0 0.0 0.0 0.0 0.0 0.0 0.09000000357627869 0.0 0.0 0.09000000357627869 0.09000000357627869 0.09000000357627869 0.0 0.0 0.0 0.3100000023841858 0.0 0.0 0.0 0.0 0.0 0.0 -0.11999999731779099 0.0 -0.11999999731779099 0.11999999731779099 -0.11999999731779099 0.0 0.11999999731779099 0.0 0.0 -0.5099999904632568 0.0 0.0 0.0 0.0 -0.18000000715255737 0.0 0.09000000357627869 0.0 0.0 0.0 -0.11999999731779099 0.11999999731779099 -0.11999999731779099 0.11999999731779099 0.0 0.0 0.0 0.0 0.5099999904632568 0.0 0.0 0.0 0.0 0.0 0.0 0.09000000357627869 0.09000000357627869 0.0 0.0 0.0 -0.09000000357627869 0.0 0.0 0.0 0.0 0.0 -0.5099999904632568 0.0 0.0 0.0 0.09000000357627869 0.0 0.0 0.09000000357627869 0.0 0.09000000357627869 0.0 0.550000011920929 -0.550000011920929 -0.6200000047683716 0.0 0.0 0.5099999904632568 -0.5099999904632568 0.0 0.0 0.0 0.0 0.0 0.09000000357627869 0.09000000357627869 0.0 0.0 0.09000000357627869 0.6200000047683716 -0.7599999904632568 -0.7599999904632568 0.0 -0.5099999904632568 -0.28999999165534973 0.0 0.09000000357627869 0.09000000357627869 0.0 0.09000000357627869 -0.18000000715255737 0.09000000357627869 0.0 -0.5099999904632568 0.0 -0.27000001072883606 0.09000000357627869 0.09000000357627869 0.0 0.0 -0.2800000011920929 0.09000000357627869 0.0 0.0 -0.7599999904632568 -0.7599999904632568 0.0 0.0 0.0 0.0 0.0 0.0 0.0
109 0.0 0.09000000357627869 0.0 0.0 0.0 0.0 0.09000000357627869 0.09000000357627869 0.0 0.0 0.09000000357627869 0.5099999904632568 0.0 0.0 0.3100000023841858 0.0 0.0 0.0 -0.5099999904632568 0.0 0.0 0.0 0.09000000357627869 0.0 0.0 0.0 0.0 0.0 0.0 -0.11999999731779099 0.0 0.0 0.11999999731779099 0.0 0.0 0.0 0.0 0.0 0.0 0.0 0.0 0.0 0.0 0.0 0.0 0.0 0.0 0.0 0.09000000357627869 0.0 0.0 0.09000000357627869 -0.699999988079071 0.4399999976158142 -0.800000011920929 0.46000000834465027 0.0 0.0 0.0 0.0 0.0 0.0 0.0 0.0 0.0 0.0 0.0 0.0 0.0 0.0 0.0 0.0 0.0 0.0 0.0 0.0 0.0 0.0 0.0 0.0 0.0 0.0 0.0 0.0 0.0 0.0 0.0 0.0 0.0 0.0 -0.09000000357627869 -0.2199999988079071 0.09000000357627869 0.09000000357627869 0.0 0.0 -0.18000000715255737 0.09000000357627869 0.09000000357627869 0.0 0.0 0.09000000357627869 0.5099999904632568 0.0 0.0 0.0 0.0 0.0 -0.18000000715255737 0.09000000357627869 0.05000000074505806 0.0 0.0 0.0 0.0 0.0 0.0 0.0 0.0 0.0 0.0 0.0 0.0 0.0 0.0 0.0 -0.27000001072883606 0.09000000357627869 0.0 0.09000000357627869 0.0 0.0 0.0 0.0 0.0 0.0 0.0 0.0 0.0 0.0 0.0 0.0 0.0 0.09000000357627869 0.0 0.0 0.0 0.0 0.0 0.0 0.09000000357627869 0.0 0.0 0.09000000357627869 0.0 0.0 0.0 0.0 0.0 0.11999999731779099 0.0 0.0 0.0 0.0 0.0 0.0 0.0 0.0 0.0 0.0 0.0 0.0 0.0 0.0 -0.800000011920929 0.46000000834465027 0.0 0.0 0.0 0.0 0.0 0.0 0.0 0.0 0.0 0.0 0.0 0.0 0.0 0.0 0.11999999731779099 0.0 0.0 0.0 0.11999999731779099 0.0 -0.5099999904632568 0.0 0.0 0.0 0.09000000357627869 -0.18000000715255737 0.09000000357627869 0.09000000357627869 0.0 0.0 0.0 0.3100000023841858 0.0 0.0 0.0 0.09000000357627869 0.09000000357627869 0.0 0.09000000357627869 0.0 0.20000000298023224 0.09000000357627869 0.09000000357627869 -0.699999988079071 0.4399999976158142 0.6399999856948853 -0.800000011920929 0.46000000834465027 0.46000000834465027 0.0 -0.5099999904632568 0.0 0.0 0.0 0.0 0.0 0.0 0.09000000357627869 0.09000000357627869 0.0 0.0 -0.5099999904632568 0.0 0.0 0.0 0.09000000357627869 -0.23000000417232513 0.0 -0.5099999904632568 -0.4699999988079071 0.3100000023841858 0.0 0.09000000357627869 0.05000000074505806 0.09000000357627869 0.09000000357627869 -0.6600000262260437 0.4300000071525574 0.5099999904632568 -0.5099999904632568 -0.4699999988079071 0.0 -0.019999999552965164 0.09000000357627869 0.09000000357627869 0.5099999904632568 -0.5099999904632568 0.0 0.0 0.0 0.0 -0.18000000715255737 0.09000000357627869 0.09000000357627869 0.0 0.0 0.09000000357627869 0.20000000298023224 0.09000000357627869 0.09000000357627869 -0.699999988079071 0.4399999976158142 0.6399999856948853 -0.800000011920929 0.46000000834465027 0.46000000834465027 -0.800000011920929 0.46000000834465027 0.46000000834465027 0.0 0.0 0.0 0.0 0.0 0.0 0.0 0.0 0.0 0.09000000357627869 0.0 0.0 -0.27000001072883606 0.09000000357627869 0.09000000357627869 0.09000000357627869 0.0 0.0 0.0 0.0 0.0 0.0 0.0 0.09000000357627869 0.0 0.0 0.0 0.0 0.0 0.11999999731779099 0.0 -0.5400000214576721 0.4300000071525574 0.0 0.11999999731779099 0.0 0.0 0.0 0.0 0.0 0.0 0.0 0.0 0.0 0.0 -0.27000001072883606 0.09000000357627869 0.09000000357627869 0.0 0.0 0.0 0.0 0.0 0.0 0.0 0.0 0.0 0.0 0.0 0.0 0.0 0.0 0.0 0.0 0.0 0.0 0.0 0.0 0.0 -0.5099999904632568 0.0 0.0 0.0 0.0 -0.18000000715255737 0.0 0.09000000357627869 0.0 0.0 0.0 -0.11999999731779099 0.11999999731779099 -0.11999999731779099 0.0 0.0 0.0 0.0 0.5099999904632568 0.0 0.0 0.0 0.0 0.0 -0.18000000715255737 0.09000000357627869 0.0 -0.029999999329447746 0.0 0.0 0.0 0.0 0.23999999463558197 0.10999999940395355 -0.25 0.17000000178813934 -0.20000000298023224 0.14000000059604645 -0.27000001072883606 0.0 -0.14000000059604645 0.14000000059604645 0.5099999904632568 0.0 0.0 0.0 0.0 0.09000000357627869 0.0 0.0 0.09000000357627869 0.0 0.09000000357627869 0.0 0.550000011920929 -0.550000011920929 -0.6200000047683716 0.0 0.0 0.5099999904632568 -0.5099999904632568 0.0 0.0 0.0 0.0 0.0 0.09000000357627869 0.09000000357627869 0.0 0.0 0.09000000357627869 0.6200000047683716 -0.7599999904632568 -0.7599999904632568 0.0 -0.5099999904632568 -0.28999999165534973 0.0 0.09000000357627869 0.09000000357627869 0.0 0.09000000357627869 -0.18000000715255737 0.09000000357627869 0.09000000357627869 -0.18000000715255737 0.09000000357627869 0.09000000357627869 0.0 -0.5099999904632568 0.0 0.0 0.0 0.09000000357627869 0.0 0.09000000357627869 0.0 -0.18000000715255737 0.09000000357627869 0.0 -0.5099999904632568 0.0 0.3100000023841858 0.0 0.0 0.0 0.09000000357627869 -0.6600000262260437 0.4300000071525574 -0.27000001072883606 0.09000000357627869 0.09000000357627869 0.09000000357627869 0.5099999904632568 -0.5099999904632568 0.0 0.0 0.0 0.09000000357627869 0.09000000357627869 0.0 -0.5099999904632568 0.0 0.0 0.0 0.09000000357627869 0.0 0.09000000357627869 0.09000000357627869 -0.18000000715255737 0.09000000357627869 0.09000000357627869 0.550000011920929 -0.550000011920929 0.0 0.0 0.0 0.0 0.0 0.0 -0.2800000011920929 0.09000000357627869 0.0 0.0 -0.7599999904632568 -0.7599999904632568 0.0 0.0 0.0 0.3100000023841858 0.0 0.09000000357627869 0.0 0.09000000357627869 0.09000000357627869 0.0 0.09000000357627869 0.09000000357627869 0.6200000047683716 -0.7599999904632568 -0.7599999904632568 0.5099999904632568 -0.5099999904632568 -0.4699999988079071 0.0 0.07000000029802322 0.09000000357627869 -0.18000000715255737 0.09000000357627869 0.09000000357627869 -0.2800000011920929 0.09000000357627869 0.09000000357627869 0.0 0.0 0.0 0.0 0.0 0.0 0.0 0.0 0.0 0.0 0.0 0.0 0.0 0.4399999976158142 -0.5099999904632568 0.4399999976158142 0.3199999928474426 0.18000000715255737 0.5099999904632568 0.0 0.0 0.0 0.0 0.0 0.0 0.0 0.09000000357627869 -0.23000000417232513 0.1599999964237213 0.0 0.0 -0.4699999988079071 0.0 0.07000000029802322 0.09000000357627869 0.0 0.09000000357627869 0.0 0.0 -0.5099999904632568 0.0 0.0 0.0 0.0 0.0 0.0 -0.18000000715255737 0.09000000357627869 0.0 0.09000000357627869 0.09000000357627869 0.0 0.0 0.0 0.0 0.0 0.0 0.0 0.0 0.0 0.0 0.0 0.0 0.0 0.09000000357627869 0.0 0.0 0.0 0.0 0.0 0.0 0.09000000357627869 0.550000011920929 0.0 -0.6200000047683716 0.3199999928474426 0.30000001192092896 0.0 0.0
11 -0.5099999904632568 0.0 0.09000000357627869 -0.18000000715255737 0.09000000357627869 0.09000000357627869 0.09000000357627869 -0.27000001072883606 0.09000000357627869 0.09000000357627869 0.5099999904632568 -0.5099999904632568 -0.4699999988079071 0.3100000023841858 0.0 0.09000000357627869 -0.18000000715255737 0.09000000357627869 0.09000000357627869 0.0 -0.11999999731779099 0.11999999731779099 -0.11999999731779099 0.11999999731779099 -0.11999999731779099 0.11999999731779099 -0.11999999731779099 0.0 -0.5099999904632568 -0.28999999165534973 0.0 0.09000000357627869 0.09000000357627869 0.019999999552965164 0.09000000357627869 -0.18000000715255737 0.09000000357627869 0.09000000357627869 -0.18000000715255737 0.09000000357627869 0.09000000357627869 0.0 -0.5099999904632568 -0.4699999988079071 0.3100000023841858 0.07000000029802322 0.09000000357627869 0.05000000074505806 0.09000000357627869 0.09000000357627869 -0.6600000262260437 0.4300000071525574 0.5099999904632568 -0.5099999904632568 -0.4699999988079071 0.3100000023841858 0.0 0.09000000357627869 0.0 0.09000000357627869 -0.27000001072883606 0.09000000357627869 0.09000000357627869 0.09000000357627869 -0.27000001072883606 0.09000000357627869 0.09000000357627869 0.09000000357627869 0.0 -0.5099999904632568 0.0 0.0 0.09000000357627869 0.09000000357627869 0.019999999552965164 0.09000000357627869 -0.18000000715255737 0.09000000357627869 0.09000000357627869 -0.18000000715255737 0.09000000357627869 0.09000000357627869 0.0 -0.5099999904632568 -0.4699999988079071 0.3100000023841858 -0.019999999552965164 0.09000000357627869 0.09000000357627869 0.5099999904632568 -0.5099999904632568 -0.4699999988079071 0.3100000023841858 0.0 0.09000000357627869 0.09000000357627869 0.09000000357627869 0.09000000357627869 0.09000000357627869 0.46000000834465027
110 0.0 -0.5099999904632568 0.0 0.0 0.0 0.09000000357627869 0.0 0.0 0.0 0.0 0.0 0.0 -0.11999999731779099 0.0 0.0 0.11999999731779099 0.0 0.0 0.0 0.0 0.0 0.0 0.0 0.0 0.0 0.0 0.0 0.0 0.0 0.0 0.0 0.09000000357627869 0.0 0.0 0.09000000357627869 -0.699999988079071 0.4399999976158142 0.6399999856948853 -0.800000011920929 0.46000000834465027 0.46000000834465027 -0.800000011920929 0.46000000834465027 0.46000000834465027 0.0 0.0 0.0 0.0 0.0 0.0 0.0 0.0 0.0 0.0 0.0 0.0 0.0 0.0 0.0 0.0 0.0 0.0 0.0 0.0 0.0 0.0 0.0 0.0 0.09000000357627869 0.0 0.0 0.0 0.09000000357627869 0.0 0.09000000357627869 0.09000000357627869 0.0 0.0 0.0 0.0 0.0 0.0 0.0 0.0 0.0 0.0 0.0 -0.09000000357627869 -0.2199999988079071 0.09000000357627869 0.09000000357627869 0.0 0.0 0.0 0.0 0.0 -0.18000000715255737 0.09000000357627869 0.09000000357627869 -0.18000000715255737 0.09000000357627869 0.09000000357627869 0.5099999904632568 -0.5099999904632568 -0.4699999988079071 0.0 0.0 0.09000000357627869 0.0 0.09000000357627869 0.09000000357627869 0.6200000047683716 -0.7599999904632568 -0.7599999904632568 0.0 0.0 0.0 0.3100000023841858 0.0 0.09000000357627869 -0.18000000715255737 0.09000000357627869 0.09000000357627869 0.0 0.09000000357627869 0.09000000357627869 -0.18000000715255737 0.09000000357627869 0.09000000357627869 0.20999999344348907 0.05000000074505806 0.5099999904632568 -0.5099999904632568 0.0 0.0 0.0 0.09000000357627869 0.0 0.0 0.0 -0.18000000715255737 0.09000000357627869 0.09000000357627869 0.20000000298023224 0.09000000357627869 0.09000000357627869 -0.699999988079071 0.4399999976158142 0.6399999856948853 -0.800000011920929 0.46000000834465027 -0.800000011920929 0.46000000834465027 0.46000000834465027 0.5099999904632568 0.0 0.0 0.3100000023841858 0.0 0.0 0.0 0.09000000357627869 0.0 -0.18000000715255737 0.09000000357627869 0.09000000357627869 -0.18000000715255737 0.09000000357627869 0.09000000357627869 0.20999999344348907 0.05000000074505806 0.05000000074505806 -0.30000001192092896 0.33000001311302185 0.33000001311302185 0.33000001311302185 0.0 0.0 0.0 0.0 0.0 0.0 0.0 0.0 0.0 0.0 0.0 0.0 0.0 0.0 0.0 0.09000000357627869 0.0 0.0 -0.27000001072883606 0.09000000357627869 0.0 0.09000000357627869 -0.27000001072883606 0.09000000357627869 0.09000000357627869 0.0 0.0 0.0 0.0 0.0 0.0 0.0 0.0 0.0 0.0 0.0 0.0 0.09000000357627869 0.0 0.0 0.0 0.0 0.0 -0.18000000715255737 0.0 0.0 0.0 0.0 0.0 0.0 0.0 0.0 0.0 0.0 0.0 0.0 0.0 0.0 0.0 0.0 0.0 0.0 0.0 0.0 0.0 0.0 0.0 0.0 0.0 0.0 0.0 0.0 0.0 0.0 0.0 -0.7599999904632568 0.0 0.0 0.0 0.0 0.0 0.09000000357627869 0.0 0.09000000357627869 0.09000000357627869 0.0 0.09000000357627869 0.0 0.0 0.0 0.0 -0.699999988079071 0.4399999976158142 0.6399999856948853 -0.800000011920929 0.46000000834465027 0.0 -0.800000011920929 0.46000000834465027 0.46000000834465027 0.5099999904632568 -0.5099999904632568 0.0 0.0 0.0 0.09000000357627869 0.0 0.09000000357627869 -0.6600000262260437 0.4300000071525574 -0.27000001072883606 0.09000000357627869 0.09000000357627869 0.0 0.0 0.0 0.11999999731779099 0.11999999731779099 0.05000000074505806 0.09000000357627869 0.09000000357627869 -0.6600000262260437 0.4300000071525574 -0.5099999904632568 0.5099999904632568 -0.5099999904632568 0.0 0.0 0.0 0.0 -0.18000000715255737 0.09000000357627869 0.09000000357627869 0.0 0.0 0.09000000357627869 0.20000000298023224 0.09000000357627869 0.09000000357627869 -0.699999988079071 0.4399999976158142 0.6399999856948853 -0.800000011920929 0.46000000834465027 0.46000000834465027 -0.800000011920929 0.46000000834465027 0.46000000834465027 0.0 0.0 0.0 0.0 0.0 0.0 0.0 0.0 -0.27000001072883606 0.09000000357627869 0.09000000357627869 0.09000000357627869 0.0 0.0 0.0 0.0 0.0 0.09000000357627869 0.0 0.0 0.0 0.0 -0.5400000214576721 0.4300000071525574 0.0 0.11999999731779099 0.0 0.0 0.0 -0.5099999904632568 0.0 0.0 0.0 0.0 -0.18000000715255737 0.0 0.09000000357627869 0.0 0.0 0.0 -0.11999999731779099 0.11999999731779099 0.5099999904632568 0.0 0.0 0.0 0.0 0.0 -0.18000000715255737 0.09000000357627869 0.0 -0.029999999329447746 0.0 0.0 0.0 0.0 0.23999999463558197 0.10999999940395355 -0.25 0.17000000178813934 -0.20000000298023224 0.14000000059604645 -0.27000001072883606 0.0 -0.14000000059604645 0.14000000059604645 0.5099999904632568 0.0 0.0 0.0 0.0 0.0 0.0 0.09000000357627869 0.09000000357627869 0.0 0.0 0.0 -0.09000000357627869 0.0 0.0 0.0 0.0 0.0 -0.5099999904632568 0.0 0.0 0.0 0.0 0.0 0.09000000357627869 0.09000000357627869 0.0 0.0 0.09000000357627869 0.6200000047683716 -0.7599999904632568 -0.7599999904632568 0.0 -0.5099999904632568 -0.28999999165534973 0.0 0.09000000357627869 0.09000000357627869 0.0 0.09000000357627869 -0.18000000715255737 0.09000000357627869 0.09000000357627869 -0.18000000715255737 0.09000000357627869 0.09000000357627869 0.0 -0.5099999904632568 0.0 0.0 0.0 0.09000000357627869 0.0 0.09000000357627869 0.0 -0.18000000715255737 0.09000000357627869 0.09000000357627869 0.09000000357627869 0.0 -0.5099999904632568 0.0 0.3100000023841858 0.0 0.0 0.0 0.09000000357627869 -0.27000001072883606 0.09000000357627869 0.09000000357627869 0.09000000357627869 0.5099999904632568 0.0 0.0 0.09000000357627869 0.09000000357627869 -0.550000011920929 0.0 0.0 0.0 0.0 0.0 0.0 -0.2800000011920929 0.09000000357627869 0.0 0.0 -0.7599999904632568 -0.7599999904632568 0.0 0.0 0.0 0.0 0.0 0.0 0.0 0.0 0.0 0.4399999976158142 -0.5099999904632568 0.4399999976158142 0.3199999928474426 0.18000000715255737
111 0.0 0.0 0.09000000357627869 0.09000000357627869 0.5099999904632568 0.0 0.0 0.3100000023841858 0.0 0.0 0.0 0.0 0.0 -0.2800000011920929 0.09000000357627869 0.09000000357627869 0.6200000047683716 -0.7599999904632568 -0.7599999904632568 0.0 -0.5099999904632568 0.0 0.0 0.0 0.09000000357627869 0.0 0.0 0.0 0.0 0.0 0.0 -0.11999999731779099 0.0 0.0 0.11999999731779099 0.0 0.0 0.0 0.0 0.0 0.0 0.0 0.0 0.0 0.0 0.0 0.0 0.0 0.0 0.0 0.09000000357627869 0.0 0.0 0.09000000357627869 -0.699999988079071 0.4399999976158142 0.6399999856948853 -0.800000011920929 0.46000000834465027 0.46000000834465027 -0.800000011920929 0.46000000834465027 0.46000000834465027 0.0 0.0 0.0 0.0 0.0 0.0 0.0 0.0 0.0 0.0 0.0 0.0 0.0 0.0 0.0 0.0 0.0 0.0 0.0 0.0 0.0 0.0 0.0 -0.18000000715255737 0.09000000357627869 -0.18000000715255737 0.09000000357627869 0.05000000074505806 0.0 0.0 0.0 0.0 0.0 0.0 0.0 0.0 0.0 0.0 0.0 0.0 0.0 0.09000000357627869 0.0 0.0 -0.27000001072883606 0.09000000357627869 0.0 0.09000000357627869 -0.27000001072883606 0.09000000357627869 0.09000000357627869 0.09000000357627869 0.0 0.0 0.0 0.0 0.0 0.0 0.0 0.0 0.0 0.0 0.0 0.0 0.09000000357627869 0.0 0.0 0.0 0.0 0.0 0.09000000357627869 0.0 0.0 0.0 0.09000000357627869 0.0 0.0 0.0 0.0 -0.699999988079071 0.4399999976158142 0.6399999856948853 -0.800000011920929 0.46000000834465027 0.0 -0.800000011920929 0.46000000834465027 0.46000000834465027 0.0 0.0 0.11999999731779099 0.05000000074505806 0.09000000357627869 0.4300000071525574 -0.5099999904632568 0.5099999904632568 -0.5099999904632568 0.0 0.0 0.0 0.0 -0.18000000715255737 0.09000000357627869 0.09000000357627869 0.0 0.0 0.09000000357627869 0.20000000298023224 0.09000000357627869 0.09000000357627869 -0.699999988079071 0.4399999976158142 0.6399999856948853 -0.800000011920929 0.46000000834465027 0.46000000834465027 -0.800000011920929 0.46000000834465027 0.46000000834465027 0.0 0.0 0.0 0.0 0.0 0.0 0.0 0.09000000357627869 0.0 0.0 0.0 -0.5400000214576721 0.4300000071525574 0.0 0.11999999731779099 0.0 0.0 -0.18000000715255737 0.0 0.09000000357627869 0.5099999904632568 0.0 0.0 0.0 0.0 0.0 -0.18000000715255737 0.09000000357627869 0.0 -0.029999999329447746 0.0 0.0 0.0 0.23999999463558197 0.10999999940395355 -0.25 0.17000000178813934 -0.20000000298023224 0.14000000059604645 -0.27000001072883606 0.0 -0.14000000059604645 0.14000000059604645 0.5099999904632568 0.0 0.0 0.0 0.0 0.0 0.0 0.09000000357627869 0.09000000357627869 0.0 0.0 0.0 -0.09000000357627869 0.0 0.0 0.0 0.0 0.0 -0.5099999904632568 0.0 0.0 0.0 0.09000000357627869 0.0 0.0 0.09000000357627869 0.0 0.09000000357627869 0.0 0.550000011920929 -0.550000011920929 -0.6200000047683716 0.0 0.0 0.5099999904632568 -0.5099999904632568 -0.28999999165534973 0.0 0.09000000357627869 0.09000000357627869 0.0 0.09000000357627869 -0.18000000715255737 0.09000000357627869 0.09000000357627869 -0.18000000715255737 0.09000000357627869 0.09000000357627869 0.0 -0.5099999904632568 0.0 0.0 0.0 0.09000000357627869 0.0 0.09000000357627869 0.0 -0.18000000715255737 0.09000000357627869 0.09000000357627869 -0.18000000715255737 0.09000000357627869 0.09000000357627869 0.20999999344348907 0.05000000074505806 0.05000000074505806 -0.30000001192092896 0.33000001311302185 0.33000001311302185 0.33000001311302185 0.0 -0.5099999904632568 0.0 0.3100000023841858 0.0 0.0 0.0 0.09000000357627869 -0.6600000262260437 0.4300000071525574 -0.27000001072883606 0.09000000357627869 0.09000000357627869 0.09000000357627869 0.5099999904632568 -0.5099999904632568 0.0 0.0 0.0 0.09000000357627869 -0.2800000011920929 0.09000000357627869 0.09000000357627869 0.6200000047683716 -0.7599999904632568 -0.7599999904632568 0.0 -0.5099999904632568 0.0 0.0 0.0 0.09000000357627869 0.0 0.09000000357627869 0.09000000357627869 -0.18000000715255737 0.09000000357627869 0.09000000357627869 0.550000011920929 -0.550000011920929 -0.6200000047683716 0.3199999928474426 0.30000001192092896 0.0 0.0 0.0 0.0 0.0 0.0 -0.2800000011920929 0.09000000357627869 0.0 0.0 -0.7599999904632568 -0.7599999904632568 0.0 0.0 0.0 0.3100000023841858 0.0 0.09000000357627869 0.09000000357627869 0.5099999904632568 -0.4699999988079071 0.0 0.07000000029802322 -0.18000000715255737 0.09000000357627869 0.09000000357627869 -0.2800000011920929 0.09000000357627869 0.09000000357627869 0.0 0.0 0.0 0.0 0.0 0.0 0.0 0.0 0.0 0.0 0.0 0.0 0.0 0.4399999976158142 -0.5099999904632568 0.4399999976158142 0.3199999928474426 0.18000000715255737 0.5099999904632568 0.0 0.0 0.0 0.0 0.0 0.09000000357627869 0.33000001311302185 0.33000001311302185 0.09000000357627869 0.0
112 -0.5099999904632568 0.0 0.0 0.09000000357627869 0.0 0.0 0.0 0.0 0.0 0.0 0.0 0.0 0.0 0.0 0.0 0.0 0.0 0.0 0.0 0.0 0.0 0.09000000357627869 0.0 0.0 0.09000000357627869 -0.699999988079071 0.4399999976158142 0.6399999856948853 -0.800000011920929 0.46000000834465027 0.46000000834465027 -0.800000011920929 0.46000000834465027 0.46000000834465027 0.0 0.0 0.0 0.0 0.0 0.0 0.0 0.0 -0.18000000715255737 0.09000000357627869 -0.18000000715255737 0.09000000357627869 0.20999999344348907 0.05000000074505806 -0.30000001192092896 0.33000001311302185 0.33000001311302185 0.0 -0.27000001072883606 0.09000000357627869 0.0 0.09000000357627869 0.0 0.0 0.0 -0.699999988079071 0.4399999976158142 0.6399999856948853 -0.800000011920929 0.46000000834465027 0.0 -0.800000011920929 0.46000000834465027 0.46000000834465027 0.09000000357627869 -0.5099999904632568 0.0 0.0 -0.18000000715255737 0.09000000357627869 0.09000000357627869 0.0 0.0 0.09000000357627869 0.20000000298023224 0.09000000357627869 0.09000000357627869 -0.699999988079071 0.4399999976158142 0.6399999856948853 -0.800000011920929 0.46000000834465027 0.46000000834465027 -0.800000011920929 0.46000000834465027 0.46000000834465027 -0.25 0.17000000178813934 -0.20000000298023224 0.14000000059604645 -0.14000000059604645 0.14000000059604645 0.5099999904632568 0.0 0.0 0.0 0.0 0.0 0.0 0.09000000357627869 0.09000000357627869 0.0 0.0 0.0 -0.09000000357627869 0.0 -0.5099999904632568 0.0 0.0 0.0 0.09000000357627869 0.0 0.0 0.09000000357627869 0.0 0.09000000357627869 0.0 0.550000011920929 -0.550000011920929 -0.6200000047683716 0.5099999904632568 -0.5099999904632568 0.0 0.0 0.0 0.0 0.0 0.09000000357627869 0.09000000357627869 0.0 0.0 0.09000000357627869 0.6200000047683716 -0.7599999904632568 -0.7599999904632568 0.0 -0.5099999904632568 0.0 0.0 0.0 0.09000000357627869 0.0 0.09000000357627869 0.0 -0.18000000715255737 0.09000000357627869 0.09000000357627869 -0.18000000715255737 0.09000000357627869 0.09000000357627869 0.20999999344348907 0.05000000074505806 0.05000000074505806 -0.30000001192092896 0.33000001311302185 0.33000001311302185 0.33000001311302185 0.0 -0.5099999904632568 0.0 0.3100000023841858 0.0 0.0 0.0 0.09000000357627869 -0.6600000262260437 0.4300000071525574 -0.27000001072883606 0.09000000357627869 0.09000000357627869 0.09000000357627869 0.5099999904632568 -0.5099999904632568 0.0 0.0 0.0 0.09000000357627869 -0.2800000011920929 0.09000000357627869 0.09000000357627869 0.6200000047683716 -0.7599999904632568 -0.7599999904632568 0.0 -0.5099999904632568 0.0 0.0 0.0 0.09000000357627869 0.0 0.09000000357627869 0.09000000357627869 -0.18000000715255737 0.09000000357627869 0.09000000357627869 0.550000011920929 -0.550000011920929 -0.6200000047683716 0.3199999928474426 0.30000001192092896 0.0 0.0 0.0 0.0 0.0 0.0 -0.2800000011920929 0.09000000357627869 0.0 0.0 -0.7599999904632568 -0.7599999904632568 0.0 0.0 0.0 0.0 0.0 0.4399999976158142 -0.5099999904632568 0.3199999928474426 0.18000000715255737
113 0.0 0.09000000357627869 0.0 0.0 0.0 0.0 0.0 0.0 0.0 0.0 0.0 0.0 0.0 0.0 0.0 0.0 0.0 0.09000000357627869 0.0 0.0 0.09000000357627869 -0.699999988079071 0.4399999976158142 0.6399999856948853 -0.800000011920929 0.46000000834465027 0.46000000834465027 -0.800000011920929 0.46000000834465027 0.46000000834465027 0.0 0.0 0.0 0.0 0.46000000834465027 -0.5099999904632568 0.5099999904632568 -0.5099999904632568 0.0 0.0 0.0 -0.18000000715255737 0.09000000357627869 0.09000000357627869 0.0 0.0 0.09000000357627869 0.20000000298023224 0.09000000357627869 0.09000000357627869 -0.699999988079071 0.4399999976158142 0.6399999856948853 -0.800000011920929 0.46000000834465027 0.46000000834465027 -0.800000011920929 0.46000000834465027 0.46000000834465027 0.0 0.0 0.0 -0.5400000214576721 0.4300000071525574 0.0 0.0 0.0 0.0 0.0 0.0 0.0 0.09000000357627869 0.09000000357627869 0.0 0.0 0.0 -0.09000000357627869 0.0 0.0 0.0 0.0 0.0 -0.5099999904632568 0.0 0.0 0.0 0.09000000357627869 0.0 0.0 0.09000000357627869 0.0 0.09000000357627869 0.5099999904632568 -0.5099999904632568 0.0 0.0 0.0 0.0 0.0 0.09000000357627869 0.09000000357627869 0.0 0.0 0.09000000357627869 0.6200000047683716 -0.7599999904632568 -0.7599999904632568 0.0 -0.5099999904632568 -0.28999999165534973 0.0 0.09000000357627869 0.09000000357627869 0.0 0.09000000357627869 -0.18000000715255737 0.09000000357627869 0.09000000357627869 -0.18000000715255737 0.09000000357627869 0.09000000357627869 0.0 -0.5099999904632568 0.0 0.3100000023841858 0.0 0.0 0.0 0.09000000357627869 -0.6600000262260437 0.4300000071525574 -0.27000001072883606 0.09000000357627869 0.09000000357627869 0.09000000357627869 0.5099999904632568 -0.5099999904632568 0.0 0.0 0.0 0.09000000357627869 -0.2800000011920929 0.09000000357627869 0.09000000357627869 0.6200000047683716 -0.7599999904632568 -0.7599999904632568 0.0 -0.5099999904632568 0.0 0.0 0.0 0.09000000357627869 0.0 0.09000000357627869 0.09000000357627869 -0.18000000715255737 0.09000000357627869 0.09000000357627869 0.550000011920929 -0.550000011920929 -0.6200000047683716 0.3199999928474426 0.30000001192092896 0.0 0.0 0.0 0.0 0.0 0.0 -0.2800000011920929 0.09000000357627869 0.0 0.0 -0.7599999904632568 -0.7599999904632568 0.0 0.0 0.0 0.3100000023841858 0.0 0.09000000357627869 0.0 0.09000000357627869 0.0 0.09000000357627869 0.5099999904632568 -0.4699999988079071 0.0 0.07000000029802322 -0.18000000715255737 0.09000000357627869 0.09000000357627869 0.0 0.0 0.0 0.0 0.0 0.0 0.0 0.0 0.0 0.0 0.4399999976158142 -0.5099999904632568 0.4399999976158142 0.3199999928474426 0.18000000715255737 0.0
114 0.0 0.0 0.0 0.0 0.0 0.0 0.0 0.0 0.0 0.09000000357627869 0.0 0.09000000357627869 0.0 0.20000000298023224 0.09000000357627869 0.09000000357627869 -0.699999988079071 0.4399999976158142 0.6399999856948853 -0.800000011920929 0.46000000834465027 0.46000000834465027 -0.800000011920929 0.46000000834465027 -0.5099999904632568 0.5099999904632568 -0.5099999904632568 -0.4699999988079071 0.3100000023841858 0.0 0.09000000357627869 0.05000000074505806 0.09000000357627869 0.09000000357627869 -0.6600000262260437 0.4300000071525574 0.5099999904632568 -0.5099999904632568 -0.4699999988079071 0.0 -0.019999999552965164 0.09000000357627869 0.09000000357627869 0.5099999904632568 -0.5099999904632568 0.0 0.0 0.0 0.0 -0.18000000715255737 0.09000000357627869 0.09000000357627869 0.0 0.0 0.09000000357627869 0.20000000298023224 0.09000000357627869 0.09000000357627869 -0.699999988079071 0.4399999976158142 0.6399999856948853 -0.800000011920929 0.46000000834465027 0.46000000834465027 -0.800000011920929 0.46000000834465027 0.46000000834465027 0.0 0.0 0.0 0.0 0.0 0.0 0.09000000357627869 0.0 0.0 0.0 0.11999999731779099 0.0 -0.5400000214576721 0.4300000071525574 0.0 0.11999999731779099 0.0 0.0 0.0 0.0 0.09000000357627869 -0.25 0.17000000178813934 0.14000000059604645 0.5099999904632568 0.0 0.0 0.0 0.0 0.0 0.0 0.09000000357627869 0.09000000357627869 0.0 0.0 0.0 -0.09000000357627869 0.0 0.0 0.0 0.0 0.0 -0.5099999904632568 0.0 0.0 0.0 0.09000000357627869 0.0 0.5099999904632568 -0.5099999904632568 0.0 0.0 0.0 0.0 0.0 0.09000000357627869 0.09000000357627869 0.0 0.0 0.09000000357627869 0.6200000047683716 -0.7599999904632568 -0.7599999904632568 0.0 -0.5099999904632568 -0.28999999165534973 0.0 0.09000000357627869 0.09000000357627869 0.0 0.09000000357627869 -0.18000000715255737 0.09000000357627869 0.09000000357627869 -0.18000000715255737 0.09000000357627869 0.09000000357627869 0.0 -0.5099999904632568 0.0 0.0 0.0 0.09000000357627869 0.0 0.09000000357627869 0.0 -0.18000000715255737 0.09000000357627869 0.09000000357627869 -0.18000000715255737 0.09000000357627869 0.09000000357627869 0.20999999344348907 0.05000000074505806 0.05000000074505806 -0.30000001192092896 0.33000001311302185 0.33000001311302185 0.33000001311302185 0.0 -0.5099999904632568 0.0 0.0 0.0 0.09000000357627869 -0.2800000011920929 0.09000000357627869 0.09000000357627869 0.6200000047683716 -0.7599999904632568 -0.7599999904632568 0.0 -0.5099999904632568 0.0 0.0 0.0 0.09000000357627869 0.0 0.09000000357627869 0.09000000357627869 -0.18000000715255737 0.09000000357627869 0.09000000357627869 0.550000011920929 -0.550000011920929 -0.6200000047683716 0.3199999928474426 0.30000001192092896 0.0 0.0 0.0 0.0 0.0 0.0 -0.2800000011920929 0.09000000357627869 0.0 0.0 -0.7599999904632568 -0.7599999904632568 0.0 0.0 0.0 0.3100000023841858 0.0 0.09000000357627869 0.0 0.09000000357627869 0.09000000357627869 0.0 0.09000000357627869 0.09000000357627869 0.6200000047683716 -0.7599999904632568 -0.7599999904632568 0.5099999904632568 -0.5099999904632568 -0.4699999988079071 0.0 0.07000000029802322 0.09000000357627869 -0.18000000715255737 0.09000000357627869 0.09000000357627869 -0.2800000011920929 0.09000000357627869 0.09000000357627869 -0.7599999904632568 0.0 0.0 0.0 0.0 0.0 0.0 0.0 0.0 0.0 0.0 0.0 0.0 0.0 0.4399999976158142 -0.5099999904632568 0.4399999976158142 0.3199999928474426 0.18000000715255737 0.5099999904632568 0.0 0.0 0.0 0.0 0.0 0.09000000357627869 0.0
115 0.0 0.0 0.09000000357627869 -0.800000011920929 0.46000000834465027 0.46000000834465027 -0.5099999904632568 0.09000000357627869 -0.5099999904632568 0.0 0.0 -0.18000000715255737 0.09000000357627869 0.0 0.0 0.09000000357627869 0.20000000298023224 0.09000000357627869 0.09000000357627869 -0.699999988079071 0.4399999976158142 0.6399999856948853 -0.800000011920929 0.46000000834465027 0.46000000834465027 -0.800000011920929 0.46000000834465027 0.46000000834465027 0.11999999731779099 0.0 -0.5400000214576721 0.4300000071525574 0.0 0.0 0.0 0.09000000357627869 0.09000000357627869 0.0 0.0 0.0 -0.09000000357627869 0.0 0.0 0.0 0.0 0.0 0.0 0.0 0.0 0.09000000357627869 0.09000000357627869 0.0 0.0 0.09000000357627869 0.6200000047683716 -0.7599999904632568 0.0 -0.5099999904632568 -0.28999999165534973 0.0 0.09000000357627869 0.09000000357627869 0.0 0.09000000357627869 -0.18000000715255737 0.09000000357627869 0.09000000357627869 -0.18000000715255737 0.09000000357627869 0.09000000357627869 0.0 -0.5099999904632568 0.0 0.0 0.0 0.09000000357627869 0.0 0.09000000357627869 0.0 -0.18000000715255737 0.09000000357627869 0.09000000357627869 -0.18000000715255737 0.09000000357627869 0.09000000357627869 0.20999999344348907 0.05000000074505806 0.05000000074505806 -0.30000001192092896 0.33000001311302185 0.33000001311302185 0.33000001311302185 0.0 -0.5099999904632568 0.0 0.3100000023841858 0.0 0.0 0.0 0.09000000357627869 -0.6600000262260437 0.4300000071525574 -0.27000001072883606 0.09000000357627869 0.09000000357627869 0.09000000357627869 0.5099999904632568 -0.5099999904632568 0.0 0.0 0.0 0.09000000357627869 0.0 0.09000000357627869 0.09000000357627869 -0.18000000715255737 0.09000000357627869 0.09000000357627869 0.550000011920929 -0.550000011920929 -0.6200000047683716 0.3199999928474426 0.30000001192092896 0.0 0.0 0.0 0.0 0.0 0.0 -0.2800000011920929 0.09000000357627869 0.0 0.0 -0.7599999904632568 -0.7599999904632568 0.0 0.0 0.0 0.3100000023841858 0.0 0.09000000357627869 0.0 0.09000000357627869 0.09000000357627869 0.0 0.09000000357627869 0.09000000357627869 0.6200000047683716 -0.7599999904632568 -0.7599999904632568 0.5099999904632568 -0.5099999904632568 -0.4699999988079071 0.0 0.07000000029802322 0.09000000357627869 -0.18000000715255737 0.09000000357627869 0.09000000357627869 -0.2800000011920929 0.09000000357627869 0.09000000357627869 0.6200000047683716 -0.7599999904632568 -0.7599999904632568 0.0 0.0 0.0 0.0 0.0 0.0 0.0 0.0 0.0 0.0 0.0 0.0 0.0 0.4399999976158142 -0.5099999904632568 0.4399999976158142 0.3199999928474426 0.18000000715255737 0.5099999904632568 0.0 0.0 0.0 0.0 0.0 0.0 0.09000000357627869 -0.4699999988079071 0.0 0.0 0.09000000357627869 0.0 0.09000000357627869 0.09000000357627869 0.46000000834465027 0.0 0.09000000357627869 0.0 0.09000000357627869 0.20999999344348907 0.05000000074505806 -0.30000001192092896 0.33000001311302185 0.33000001311302185 0.33000001311302185
116 0.09000000357627869 0.0 0.0 0.0 0.09000000357627869 0.09000000357627869 0.0 0.09000000357627869 0.0 0.3100000023841858 0.0 0.0 -0.2800000011920929 0.09000000357627869 0.09000000357627869 0.0 -0.5099999904632568 0.0 0.0 0.0 0.09000000357627869 0.0 0.0 0.0 0.0 0.0 0.0 -0.11999999731779099 0.0 0.0 0.11999999731779099 0.0 0.0 0.0 0.0 0.0 0.0 0.0 0.0 0.0 0.0 0.0 0.0 0.0 0.0 0.09000000357627869 0.0 0.0 0.09000000357627869 -0.699999988079071 0.4399999976158142 0.6399999856948853 -0.800000011920929 0.46000000834465027 0.46000000834465027 -0.800000011920929 0.46000000834465027 0.46000000834465027 0.0 0.0 0.0 0.0 0.0 0.0 0.0 0.0 0.11999999731779099 0.09000000357627869 0.20000000298023224 0.09000000357627869 0.09000000357627869 -0.800000011920929 0.46000000834465027 0.46000000834465027 -0.5099999904632568 0.0 0.0 -0.18000000715255737 0.09000000357627869 0.0 0.0 0.09000000357627869 0.20000000298023224 0.09000000357627869 -0.699999988079071 0.4399999976158142 0.6399999856948853 -0.800000011920929 0.46000000834465027 0.46000000834465027 -0.800000011920929 0.46000000834465027 0.46000000834465027 0.0 0.0 0.0 0.0 0.11999999731779099 0.0 -0.5400000214576721 0.4300000071525574 0.0 0.11999999731779099 0.0 0.0 0.0 0.0 0.0 0.0 0.0 0.09000000357627869 0.09000000357627869 0.0 0.0 0.0 -0.09000000357627869 0.0 0.0 0.0 0.0 0.0 -0.5099999904632568 0.0 0.0 0.0 0.5099999904632568 -0.5099999904632568 0.0 0.0 0.0 0.0 0.0 0.09000000357627869 0.09000000357627869 0.0 0.0 0.09000000357627869 0.6200000047683716 -0.7599999904632568 -0.7599999904632568 0.0 -0.5099999904632568 -0.28999999165534973 0.0 0.09000000357627869 0.09000000357627869 0.0 0.09000000357627869 -0.18000000715255737 0.09000000357627869 0.09000000357627869 -0.18000000715255737 0.09000000357627869 0.09000000357627869 0.0 -0.5099999904632568 0.0 0.0 0.0 0.09000000357627869 0.0 0.09000000357627869 0.0 -0.18000000715255737 0.09000000357627869 0.09000000357627869 -0.18000000715255737 0.09000000357627869 0.09000000357627869 0.20999999344348907 0.05000000074505806 0.05000000074505806 -0.30000001192092896 0.33000001311302185 0.33000001311302185 0.33000001311302185 0.0 -0.5099999904632568 0.0 0.3100000023841858 0.0 0.0 0.0 0.09000000357627869 -0.6600000262260437 0.4300000071525574 -0.27000001072883606 0.09000000357627869 0.09000000357627869 0.09000000357627869 0.5099999904632568 -0.5099999904632568 0.0 0.0 0.0 0.09000000357627869 -0.2800000011920929 0.09000000357627869 0.09000000357627869 0.6200000047683716 -0.7599999904632568 -0.7599999904632568 0.0 -0.5099999904632568 0.0 0.0 0.0 0.0 -0.2800000011920929 0.09000000357627869 0.0 0.0 -0.7599999904632568 -0.7599999904632568 0.0 0.0 0.0 0.3100000023841858 0.0 0.09000000357627869 0.0 0.09000000357627869 0.09000000357627869 0.0 0.09000000357627869 0.09000000357627869 0.6200000047683716 -0.7599999904632568 -0.7599999904632568 0.5099999904632568 -0.5099999904632568 -0.4699999988079071 0.0 0.07000000029802322 0.09000000357627869 -0.18000000715255737 0.09000000357627869 0.09000000357627869 -0.2800000011920929 0.09000000357627869 0.09000000357627869 0.6200000047683716 -0.7599999904632568 -0.7599999904632568 0.0 0.0 0.0 0.0 0.0 0.0 0.0 0.0 0.0 0.0 0.0 0.0 0.0 0.4399999976158142 -0.5099999904632568 0.4399999976158142 0.3199999928474426 0.18000000715255737 0.5099999904632568 0.0 0.0 0.0 0.0 0.0 0.0 0.0 0.09000000357627869 -0.23000000417232513 0.1599999964237213 0.0 0.0 -0.4699999988079071 0.0 0.07000000029802322 0.09000000357627869 0.0 0.09000000357627869 0.0 0.0 0.09000000357627869 0.09000000357627869 0.20000000298023224 0.09000000357627869 0.09000000357627869 0.46000000834465027 0.0 -0.5099999904632568 0.0 0.0 0.0 0.09000000357627869 0.0 0.0 0.0 -0.18000000715255737 0.09000000357627869 0.09000000357627869 0.0 0.09000000357627869 0.09000000357627869 0.20999999344348907 0.05000000074505806 0.05000000074505806 -0.30000001192092896 0.33000001311302185 0.33000001311302185 0.33000001311302185 0.0 0.0 0.0 0.0 0.0 0.0 0.0 0.09000000357627869 0.0 0.0 0.0
117 0.0 0.0 0.09000000357627869 0.09000000357627869 0.0 0.0 -0.5099999904632568 0.0 0.0 0.0 0.09000000357627869 0.0 0.0 0.0 0.0 0.0 0.0 -0.11999999731779099 0.0 0.0 0.11999999731779099 0.0 0.0 0.0 0.0 0.0 0.0 0.0 0.0 0.0 0.0 0.0 0.0 0.0 0.0 0.09000000357627869 0.0 0.0 0.0 0.0 0.0 0.0 0.0 0.0 0.0 0.0 0.0 0.0 0.0 0.0 0.0 0.0 0.0 0.0 0.0 0.0 0.0 0.0 0.0 0.11999999731779099 0.0 0.0 0.0 0.11999999731779099 0.0 -0.5099999904632568 0.0 0.0 0.0 0.09000000357627869 0.0 0.0 0.0 0.3100000023841858 0.0 0.0 0.0 0.09000000357627869 0.09000000357627869 0.0 0.09000000357627869 0.0 0.20000000298023224 0.09000000357627869 0.09000000357627869 -0.699999988079071 0.4399999976158142 0.6399999856948853 -0.800000011920929 0.46000000834465027 0.46000000834465027 -0.800000011920929 0.46000000834465027 0.46000000834465027 0.0 -0.5099999904632568 0.0 0.0 -0.5099999904632568 0.0 0.09000000357627869 -0.5099999904632568 -0.4699999988079071 0.3100000023841858 0.0 0.09000000357627869 0.05000000074505806 0.09000000357627869 0.09000000357627869 -0.6600000262260437 0.4300000071525574 0.5099999904632568 -0.5099999904632568 -0.4699999988079071 0.0 -0.019999999552965164 0.09000000357627869 0.09000000357627869 0.5099999904632568 -0.5099999904632568 0.0 0.0 0.0 0.0 -0.18000000715255737 0.09000000357627869 0.09000000357627869 0.0 0.0 0.09000000357627869 0.20000000298023224 0.09000000357627869 0.09000000357627869 -0.699999988079071 0.4399999976158142 0.6399999856948853 -0.800000011920929 0.46000000834465027 0.46000000834465027 -0.800000011920929 0.46000000834465027 0.46000000834465027 0.0 0.0 0.0 0.0 0.0 0.0 0.0 0.0 0.0 0.0 -0.27000001072883606 0.09000000357627869 0.09000000357627869 0.09000000357627869 0.0 0.0 0.0 0.0 0.0 0.0 0.0 0.09000000357627869 0.0 0.0 0.0 0.0 0.0 0.11999999731779099 0.0 -0.5400000214576721 0.4300000071525574 0.0 0.11999999731779099 0.0 0.0 0.0 0.0 0.0 0.0 0.09000000357627869 0.5099999904632568 0.0 0.0 0.0 0.0 0.0 -0.18000000715255737 0.09000000357627869 0.0 -0.029999999329447746 0.10999999940395355 -0.25 0.17000000178813934 -0.20000000298023224 0.14000000059604645 0.5099999904632568 0.0 0.0 0.0 0.0 0.0 0.0 0.09000000357627869 0.09000000357627869 0.0 0.0 0.0 -0.09000000357627869 0.0 0.0 0.0 0.0 0.0 -0.5099999904632568 0.0 0.0 0.0 0.09000000357627869 0.0 0.0 0.09000000357627869 0.0 0.09000000357627869 0.0 0.5099999904632568 -0.5099999904632568 0.0 0.0 0.0 0.0 0.0 0.09000000357627869 0.09000000357627869 0.0 0.0 0.09000000357627869 0.6200000047683716 -0.7599999904632568 -0.7599999904632568 0.0 -0.5099999904632568 -0.28999999165534973 0.0 0.09000000357627869 0.09000000357627869 0.0 0.09000000357627869 -0.18000000715255737 0.09000000357627869 0.09000000357627869 -0.18000000715255737 0.09000000357627869 0.09000000357627869 0.0 -0.5099999904632568 0.0 0.0 0.0 0.09000000357627869 0.0 0.09000000357627869 0.0 -0.18000000715255737 0.09000000357627869 0.09000000357627869 -0.18000000715255737 0.09000000357627869 0.09000000357627869 0.0 -0.5099999904632568 0.0 0.3100000023841858 0.0 0.0 0.0 0.09000000357627869 -0.6600000262260437 0.4300000071525574 -0.27000001072883606 0.09000000357627869 0.09000000357627869 0.09000000357627869 0.5099999904632568 -0.5099999904632568 0.0 0.0 0.0 0.09000000357627869 -0.2800000011920929 0.09000000357627869 0.09000000357627869 0.6200000047683716 -0.7599999904632568 -0.7599999904632568 0.0 -0.5099999904632568 0.0 0.0 0.0 0.09000000357627869 0.0 0.09000000357627869 0.09000000357627869 -0.18000000715255737 0.09000000357627869 0.09000000357627869 0.550000011920929 -0.550000011920929 -0.6200000047683716 0.3199999928474426 0.30000001192092896 0.0 0.0 0.0 0.3100000023841858 0.0 0.09000000357627869 0.0 0.09000000357627869 0.09000000357627869 0.0 0.09000000357627869 0.09000000357627869 0.6200000047683716 -0.7599999904632568 -0.7599999904632568 0.5099999904632568 -0.5099999904632568 -0.4699999988079071 0.0 0.07000000029802322 0.09000000357627869 -0.18000000715255737 0.09000000357627869 0.09000000357627869 -0.2800000011920929 0.09000000357627869 0.09000000357627869 0.6200000047683716 -0.7599999904632568 -0.7599999904632568 0.0 0.0 0.0 0.0 0.0 0.0 0.0 0.0 0.0 0.0 0.0 0.0 0.0 0.4399999976158142 -0.5099999904632568 0.4399999976158142 0.3199999928474426 0.18000000715255737 0.5099999904632568 0.0 0.0 0.0 0.0 0.0 0.0 0.0 0.09000000357627869 -0.23000000417232513 0.1599999964237213 0.0 0.0 -0.4699999988079071 0.0 0.07000000029802322 0.09000000357627869 0.0 0.09000000357627869 0.0 0.0 0.09000000357627869 0.09000000357627869 0.20000000298023224 0.09000000357627869 0.09000000357627869 0.46000000834465027 0.0 -0.5099999904632568 0.0 0.0 0.0 0.09000000357627869 0.0 0.0 0.0 -0.18000000715255737 0.09000000357627869 0.09000000357627869 0.0 0.09000000357627869 0.09000000357627869 0.20999999344348907 0.05000000074505806 -0.30000001192092896 0.33000001311302185 0.33000001311302185 0.0 0.0 0.0 0.0 0.0 0.0 0.0 0.0 0.0 0.0 0.0 0.0 0.0 0.09000000357627869 0.0 0.0 0.0 0.0 0.0 -0.18000000715255737 0.09000000357627869 0.550000011920929 0.0 -0.6200000047683716 0.3199999928474426 0.30000001192092896
118 0.0 0.0 0.09000000357627869 0.09000000357627869 0.0 0.09000000357627869 0.0 0.0 0.0 0.0 0.0 0.0 -0.11999999731779099 0.0 0.0 0.11999999731779099 0.0 0.0 0.0 0.0 0.0 0.0 0.0 0.0 0.0 0.0 0.0 0.0 0.0 0.0 0.11999999731779099 0.0 0.0 0.0 -0.5099999904632568 0.0 0.0 0.0 0.09000000357627869 -0.18000000715255737 0.09000000357627869 0.0 0.09000000357627869 0.0 0.0 0.0 0.0 0.3100000023841858 0.0 0.0 0.0 0.09000000357627869 0.09000000357627869 0.0 0.09000000357627869 0.0 0.20000000298023224 0.09000000357627869 0.09000000357627869 -0.699999988079071 0.4399999976158142 0.6399999856948853 -0.800000011920929 0.46000000834465027 0.46000000834465027 -0.800000011920929 0.46000000834465027 0.46000000834465027 0.0 -0.5099999904632568 0.0 0.0 0.09000000357627869 0.09000000357627869 -0.5099999904632568 -0.4699999988079071 -0.019999999552965164 0.09000000357627869 0.09000000357627869 0.5099999904632568 -0.5099999904632568 0.0 0.0 0.0 0.0 -0.18000000715255737 0.09000000357627869 0.0 0.0 0.09000000357627869 0.0 0.0 0.0 0.0 0.0 0.0 0.0 0.0 0.0 0.0 0.09000000357627869 0.0 0.0 0.0 0.0 0.0 0.11999999731779099 0.0 -0.5400000214576721 0.4300000071525574 0.0 0.11999999731779099 0.0 0.0 0.0 0.0 0.0 0.0 0.09000000357627869 0.09000000357627869 0.0 0.0 0.0 -0.09000000357627869 0.0 0.0 0.0 0.0 0.0 0.0 0.09000000357627869 0.09000000357627869 0.0 0.0 0.09000000357627869 0.0 0.0 0.0 0.09000000357627869 0.0 0.09000000357627869 0.0 0.0 -0.5099999904632568 0.0 0.3100000023841858 0.0 0.0 0.0 0.09000000357627869 -0.6600000262260437 0.4300000071525574 -0.27000001072883606 0.09000000357627869 0.09000000357627869 0.09000000357627869 0.5099999904632568 -0.5099999904632568 0.0 0.0 0.0 0.09000000357627869 -0.2800000011920929 0.09000000357627869 0.09000000357627869 0.6200000047683716 -0.7599999904632568 -0.7599999904632568 0.0 -0.5099999904632568 0.0 0.0 0.0 0.09000000357627869 0.0 0.09000000357627869 0.09000000357627869 -0.18000000715255737 0.09000000357627869 0.09000000357627869 0.550000011920929 -0.550000011920929 -0.6200000047683716 0.3199999928474426 0.30000001192092896 0.0 0.0 0.0 0.0 0.0 0.0 -0.2800000011920929 0.09000000357627869 0.0 0.0 -0.7599999904632568 -0.7599999904632568 0.0 0.0 -0.4699999988079071 0.0 0.07000000029802322 0.09000000357627869 -0.18000000715255737 0.09000000357627869 0.09000000357627869 -0.2800000011920929 0.09000000357627869 0.09000000357627869 0.6200000047683716 -0.7599999904632568 -0.7599999904632568 0.0 0.0 0.0 0.0 0.0 0.0 0.0 0.0 0.0 0.0 0.0 0.0 0.0 0.4399999976158142 -0.5099999904632568 0.4399999976158142 0.3199999928474426 0.18000000715255737 0.5099999904632568 0.0 0.0 0.0 0.0 0.0 0.0 0.0 0.09000000357627869 -0.23000000417232513 0.1599999964237213 0.0 0.0 -0.4699999988079071 0.0 0.07000000029802322 0.09000000357627869 0.0 0.09000000357627869 0.0 0.0 0.09000000357627869 0.09000000357627869 0.20000000298023224 0.09000000357627869 0.09000000357627869 -0.699999988079071 0.4399999976158142 0.6399999856948853 -0.800000011920929 0.46000000834465027 0.46000000834465027 -0.800000011920929 0.46000000834465027 0.46000000834465027 0.0 -0.5099999904632568 0.0 0.0 0.0 0.09000000357627869 0.0 0.0 0.0 -0.18000000715255737 0.09000000357627869 0.09000000357627869 0.0 0.09000000357627869 0.09000000357627869 0.20999999344348907 0.05000000074505806 0.05000000074505806 -0.30000001192092896 0.33000001311302185 0.33000001311302185 0.33000001311302185 0.0 0.0 0.0 0.0 0.0 0.0 0.0 0.0 0.0 0.0 0.0 0.0 0.0 0.09000000357627869 0.0 0.0 0.0 0.0 0.0 0.0 0.0 0.0 -0.18000000715255737 0.09000000357627869 0.09000000357627869 0.550000011920929 0.0 -0.6200000047683716 0.3199999928474426 0.30000001192092896 0.0 -0.4699999988079071 0.0 0.0 0.0 0.09000000357627869 0.09000000357627869 -0.7599999904632568 0.0
119 0.0 -0.5099999904632568 0.0 0.0 0.09000000357627869 0.0 0.0 0.0 0.0 0.09000000357627869 0.09000000357627869 0.0 0.0 0.09000000357627869 0.0 0.5099999904632568 0.0 0.3100000023841858 0.0 0.0 -0.5099999904632568 0.0 0.0 0.09000000357627869 0.0 0.0 0.0 0.0 0.0 0.0 -0.11999999731779099 0.0 0.0 0.11999999731779099 0.0 0.0 0.0 0.0 0.0 0.0 0.0 0.0 0.0 0.0 0.0 0.0 0.0 0.0 0.0 0.0 0.0 0.11999999731779099 -0.5099999904632568 0.3100000023841858 0.0 0.09000000357627869 0.20000000298023224 0.09000000357627869 0.09000000357627869 -0.699999988079071 0.6399999856948853 -0.800000011920929 0.46000000834465027 0.46000000834465027 0.0 0.0 0.0 0.0 0.11999999731779099 0.0 -0.5400000214576721 0.4300000071525574 0.0 0.0 0.0 0.0 0.09000000357627869 0.0 0.0 0.0 -0.09000000357627869 0.0 0.0 0.0 0.0 0.0 0.09000000357627869 0.09000000357627869 0.0 0.0 0.09000000357627869 0.6200000047683716 -0.7599999904632568 0.0 0.09000000357627869 0.0 0.09000000357627869 0.0 -0.5099999904632568 0.0 0.3100000023841858 0.0 0.0 0.0 0.09000000357627869 -0.6600000262260437 0.4300000071525574 -0.27000001072883606 0.09000000357627869 0.5099999904632568 -0.5099999904632568 0.0 0.0 0.0 0.09000000357627869 -0.2800000011920929 0.09000000357627869 0.09000000357627869 0.6200000047683716 -0.7599999904632568 -0.7599999904632568 0.0 -0.5099999904632568 0.0 0.0 0.0 0.09000000357627869 0.0 0.09000000357627869 0.09000000357627869 -0.18000000715255737 0.09000000357627869 0.09000000357627869 0.550000011920929 -0.550000011920929 -0.6200000047683716 0.3199999928474426 0.30000001192092896 0.0 0.0 0.0 0.0 0.0 0.0 -0.2800000011920929 0.09000000357627869 0.0 0.0 -0.7599999904632568 -0.7599999904632568 0.0 0.0 0.0 0.3100000023841858 0.0 0.09000000357627869 0.0 0.09000000357627869 0.09000000357627869 0.0 0.09000000357627869 0.09000000357627869 0.6200000047683716 -0.7599999904632568 -0.7599999904632568 0.5099999904632568 -0.5099999904632568 0.0 0.0 0.0 0.0 0.0 0.0 0.0 0.0 0.0 0.0 0.0 0.4399999976158142 -0.5099999904632568 0.4399999976158142 0.3199999928474426 0.18000000715255737 0.5099999904632568 0.0 0.0 0.0 0.0 0.0 0.0 0.0 0.09000000357627869 -0.23000000417232513 0.1599999964237213 0.0 0.0 -0.4699999988079071 0.0 0.07000000029802322 0.09000000357627869 0.0 0.09000000357627869 0.0 0.0 0.09000000357627869 0.09000000357627869 0.20000000298023224 0.09000000357627869 0.09000000357627869 -0.699999988079071 0.4399999976158142 0.6399999856948853 -0.800000011920929 0.46000000834465027 0.46000000834465027 -0.800000011920929 0.46000000834465027 0.46000000834465027 0.0 -0.5099999904632568 0.0 0.0 0.0 0.09000000357627869 0.0 0.0 0.0 -0.18000000715255737 0.09000000357627869 0.09000000357627869 0.0 0.09000000357627869 0.09000000357627869 0.20999999344348907 0.05000000074505806 0.05000000074505806 -0.30000001192092896 0.33000001311302185 0.33000001311302185 0.33000001311302185 0.0 0.0 0.0 0.0 0.0 0.0 0.0 0.0 0.0 0.0 0.0 0.0 0.0 0.09000000357627869 0.0 0.0 0.0 0.0 0.0 0.0 0.0 0.0 -0.18000000715255737 0.09000000357627869 0.09000000357627869 0.550000011920929 0.0 -0.6200000047683716 0.3199999928474426 0.30000001192092896 0.0 0.0 -0.4699999988079071 0.0 0.0 0.09000000357627869 0.0 0.09000000357627869 0.09000000357627869 -0.2800000011920929 0.09000000357627869 0.09000000357627869 0.6200000047683716 -0.7599999904632568 -0.7599999904632568 0.0 0.0 0.0 0.0 0.0 0.0 -0.23000000417232513 0.0 0.0
12 -0.18000000715255737 0.09000000357627869 0.09000000357627869 0.0 -0.5099999904632568 -0.28999999165534973 0.0 0.09000000357627869 0.09000000357627869 0.019999999552965164 0.09000000357627869 -0.18000000715255737 0.09000000357627869 0.09000000357627869 -0.18000000715255737 0.09000000357627869 0.09000000357627869 0.0 -0.5099999904632568 -0.4699999988079071 0.3100000023841858 0.07000000029802322 0.09000000357627869 0.05000000074505806 0.09000000357627869 0.09000000357627869 -0.6600000262260437 0.4300000071525574 0.5099999904632568 -0.5099999904632568 0.0 0.3100000023841858 0.0 0.09000000357627869 -0.18000000715255737 0.09000000357627869 0.09000000357627869 0.0 0.09000000357627869 -0.27000001072883606 0.09000000357627869 0.09000000357627869 0.09000000357627869 -0.27000001072883606 0.09000000357627869 0.09000000357627869 0.09000000357627869 0.5099999904632568 -0.5099999904632568 0.0 0.0 0.09000000357627869 0.09000000357627869 0.019999999552965164 0.09000000357627869 -0.18000000715255737 0.09000000357627869 0.09000000357627869 -0.18000000715255737 0.09000000357627869 0.09000000357627869 0.0 -0.5099999904632568 -0.4699999988079071 0.3100000023841858 -0.019999999552965164 0.09000000357627869 0.09000000357627869 0.5099999904632568 -0.5099999904632568 -0.4699999988079071 0.3100000023841858 0.0 0.09000000357627869 0.05000000074505806 0.09000000357627869 0.09000000357627869 -0.6600000262260437 0.4300000071525574 0.0 -0.5099999904632568 0.0 0.3100000023841858 0.0 0.0 0.09000000357627869 -0.18000000715255737 0.09000000357627869 0.09000000357627869 0.20000000298023224 0.09000000357627869 0.09000000357627869
120 0.09000000357627869 0.0 0.09000000357627869 0.0 0.11999999731779099 0.0 -0.5099999904632568 0.0 0.0 0.09000000357627869 -0.18000000715255737 0.0 0.09000000357627869 0.0 -0.5099999904632568 0.0 0.0 0.0 0.09000000357627869 0.0 0.0 0.0 0.0 0.09000000357627869 0.09000000357627869 0.0 0.0 0.09000000357627869 0.0 0.5099999904632568 0.0 0.0 0.3100000023841858 0.0 0.0 0.0 0.0 0.0 -0.2800000011920929 0.09000000357627869 0.09000000357627869 0.6200000047683716 -0.7599999904632568 -0.7599999904632568 0.0 -0.5099999904632568 0.0 0.0 0.0 0.09000000357627869 0.0 0.0 0.0 0.0 0.0 0.0 -0.11999999731779099 0.0 0.0 0.11999999731779099 0.0 0.0 0.0 0.0 0.0 0.0 0.0 0.0 0.0 0.0 0.0 0.0 0.0 0.0 0.0 0.09000000357627869 0.0 0.0 0.09000000357627869 -0.699999988079071 0.4399999976158142 0.6399999856948853 -0.800000011920929 0.46000000834465027 0.46000000834465027 -0.800000011920929 0.46000000834465027 0.46000000834465027 0.0 0.0 0.0 0.0 0.0 0.0 0.0 0.0 0.0 0.0 0.0 0.0 0.0 0.0 -0.27000001072883606 0.09000000357627869 0.0 0.09000000357627869 0.09000000357627869 0.0 0.0 0.0 0.0 0.0 0.0 0.0 0.0 0.0 0.0 0.0 0.09000000357627869 0.0 0.0 0.0 0.0 0.0 0.0 0.0 0.09000000357627869 0.0 0.0 0.0 0.0 0.0 0.0 0.0 0.0 0.0 0.0 0.0 0.0 0.0 0.0 0.09000000357627869 0.0 0.0 0.0 0.0 0.0 0.0 0.0 0.0 0.0 0.0 0.0 0.0 0.0 0.0 0.0 0.0 0.0 0.0 0.0 0.0 0.0 0.0 0.0 0.11999999731779099 0.0 0.0 0.0 0.11999999731779099 0.0 -0.5099999904632568 0.0 0.0 0.0 0.09000000357627869 0.0 0.0 0.0 0.3100000023841858 0.0 0.0 0.0 0.09000000357627869 0.0 0.0 0.20000000298023224 0.09000000357627869 0.09000000357627869 -0.800000011920929 0.46000000834465027 -0.5099999904632568 0.0 0.0 -0.18000000715255737 0.09000000357627869 0.0 0.0 0.09000000357627869 0.20000000298023224 0.09000000357627869 0.6399999856948853 -0.800000011920929 0.46000000834465027 0.46000000834465027 0.0 0.0 0.0 0.0 0.0 0.0 0.0 0.09000000357627869 0.0 0.0 0.0 0.0 0.0 0.11999999731779099 0.0 -0.5400000214576721 0.4300000071525574 0.0 0.11999999731779099 0.0 0.0 0.0 0.0 0.0 0.0 0.0 -0.18000000715255737 0.0 0.09000000357627869 0.0 0.0 0.0 0.5099999904632568 0.0 0.0 0.0 0.0 0.0 0.0 0.09000000357627869 0.09000000357627869 0.0 0.0 0.0 -0.09000000357627869 0.0 0.0 0.0 0.0 0.0 -0.5099999904632568 0.0 0.0 0.0 0.09000000357627869 0.0 0.0 0.09000000357627869 0.5099999904632568 -0.5099999904632568 0.0 0.0 0.0 0.0 0.0 0.09000000357627869 0.09000000357627869 0.0 0.0 0.09000000357627869 0.6200000047683716 -0.7599999904632568 -0.7599999904632568 0.0 -0.5099999904632568 -0.28999999165534973 0.0 0.09000000357627869 0.09000000357627869 0.0 0.09000000357627869 -0.18000000715255737 0.09000000357627869 -0.18000000715255737 0.09000000357627869 0.09000000357627869 0.0 -0.5099999904632568 0.0 0.0 0.0 0.09000000357627869 0.0 0.09000000357627869 0.0 -0.18000000715255737 0.09000000357627869 0.09000000357627869 -0.18000000715255737 0.09000000357627869 0.09000000357627869 0.20999999344348907 0.05000000074505806 0.33000001311302185 0.0 -0.5099999904632568 0.0 0.3100000023841858 0.0 0.0 0.0 0.09000000357627869 -0.6600000262260437 -0.27000001072883606 0.09000000357627869 0.09000000357627869 0.09000000357627869 0.5099999904632568 -0.5099999904632568 0.0 0.0 0.0 0.09000000357627869 -0.2800000011920929 0.09000000357627869 0.09000000357627869 0.6200000047683716 -0.7599999904632568 0.0 -0.5099999904632568 0.0 0.0 0.0 0.09000000357627869 0.0 0.09000000357627869 0.09000000357627869 -0.18000000715255737 0.09000000357627869 0.09000000357627869 0.550000011920929 -0.550000011920929 -0.6200000047683716 0.3199999928474426 0.30000001192092896 0.0 0.0 0.0 0.0 0.0 0.0 -0.2800000011920929 0.09000000357627869 0.0 0.0 -0.7599999904632568 -0.7599999904632568 0.0 0.0 0.0 0.3100000023841858 0.0 0.09000000357627869 0.0 0.09000000357627869 0.09000000357627869 0.0 0.09000000357627869 0.09000000357627869 0.6200000047683716 -0.7599999904632568 -0.7599999904632568 0.5099999904632568 -0.5099999904632568 -0.4699999988079071 0.0 0.07000000029802322 0.09000000357627869 -0.18000000715255737 0.09000000357627869 0.09000000357627869 -0.2800000011920929 0.09000000357627869 0.09000000357627869 0.6200000047683716 -0.7599999904632568 -0.7599999904632568 0.0 0.0 0.0 0.0 0.0 0.0 0.0 0.0 0.09000000357627869 -0.23000000417232513 0.1599999964237213 0.0 0.0 -0.4699999988079071 0.0 0.07000000029802322 0.09000000357627869 0.0 0.09000000357627869 0.0 0.0 0.09000000357627869 0.09000000357627869 0.20000000298023224 0.09000000357627869 0.09000000357627869 -0.699999988079071 0.4399999976158142 0.6399999856948853 -0.800000011920929 0.46000000834465027 0.0 -0.5099999904632568 0.0 0.0 0.0 0.09000000357627869 0.0 0.0 0.0 -0.18000000715255737 0.09000000357627869 0.09000000357627869 0.0 0.09000000357627869 0.09000000357627869 0.20999999344348907 0.05000000074505806 0.05000000074505806 -0.30000001192092896 0.33000001311302185 0.33000001311302185 0.33000001311302185 0.0 0.0 0.0 0.0 0.0 0.0 0.0 0.0 0.0 0.0 0.0 0.0 0.0 0.09000000357627869 0.0 0.0 0.0 0.0 0.0 0.0 0.0 0.0 -0.18000000715255737 0.09000000357627869 0.09000000357627869 0.550000011920929 0.0 -0.6200000047683716 0.3199999928474426 0.30000001192092896 0.0 0.0 -0.4699999988079071 0.0 0.0 0.09000000357627869 0.0 0.09000000357627869 0.09000000357627869 -0.2800000011920929 0.09000000357627869 0.09000000357627869 0.6200000047683716 -0.7599999904632568 0.0 0.0 0.0 0.0 0.0 0.09000000357627869 0.0 0.0 0.0 -0.23000000417232513 0.0 0.0 0.0 0.0 0.0 0.0 0.0 0.0 0.0 0.0 0.0 0.0 0.0 0.0 0.0 0.0 0.0 0.30000001192092896
121 0.0 0.09000000357627869 0.0 0.0 0.0 0.0 0.09000000357627869 0.09000000357627869 0.0 0.0 0.09000000357627869 0.0 0.5099999904632568 0.0 0.3100000023841858 0.0 -0.5099999904632568 0.0 0.0 0.0 0.09000000357627869 0.0 0.0 0.0 0.0 0.0 0.0 -0.11999999731779099 0.0 0.0 0.11999999731779099 0.0 0.0 0.0 0.0 0.0 0.0 0.0 0.0 0.0 0.0 0.0 0.0 0.0 0.0 0.0 0.0 0.09000000357627869 0.0 0.0 0.0 0.0 0.09000000357627869 0.0 0.0 0.0 0.0 0.0 0.0 0.0 0.0 0.0 0.0 0.0 0.0 0.0 0.0 0.0 0.0 0.0 -0.18000000715255737 0.09000000357627869 0.09000000357627869 0.0 0.0 0.09000000357627869 0.6200000047683716 -0.7599999904632568 -0.7599999904632568 0.0 0.0 0.0 0.0 0.0 0.0 0.0 0.0 0.0 0.0 0.0 0.0 0.0 0.0 0.0 0.11999999731779099 0.0 0.0 0.0 0.11999999731779099 0.0 -0.5099999904632568 0.0 0.0 0.0 0.09000000357627869 -0.18000000715255737 0.09000000357627869 0.09000000357627869 0.0 0.09000000357627869 0.0 0.0 0.09000000357627869 0.09000000357627869 0.20999999344348907 0.05000000074505806 0.05000000074505806 -0.30000001192092896 0.33000001311302185 0.33000001311302185 0.33000001311302185 0.0 0.0 0.0 0.3100000023841858 0.0 0.0 0.0 0.09000000357627869 0.09000000357627869 0.0 0.09000000357627869 0.0 0.20000000298023224 0.09000000357627869 0.09000000357627869 -0.699999988079071 0.4399999976158142 0.6399999856948853 -0.800000011920929 0.46000000834465027 0.46000000834465027 -0.800000011920929 0.46000000834465027 0.46000000834465027 0.0 -0.5099999904632568 0.0 0.0 0.0 0.09000000357627869 0.0 0.0 0.0 0.09000000357627869 0.0 0.0 -0.5099999904632568 -0.28999999165534973 0.0 0.09000000357627869 0.09000000357627869 0.09000000357627869 -0.019999999552965164 0.09000000357627869 0.09000000357627869 0.5099999904632568 -0.5099999904632568 0.0 0.0 0.0 -0.18000000715255737 0.09000000357627869 0.0 0.0 0.0 0.0 0.0 0.0 0.0 0.0 0.0 0.0 0.0 0.0 0.0 0.0 0.09000000357627869 0.0 0.0 0.0 0.0 0.0 0.11999999731779099 0.0 -0.5400000214576721 0.4300000071525574 0.0 0.11999999731779099 0.0 0.0 0.0 0.0 0.0 0.0 0.0 0.0 0.0 0.0 -0.27000001072883606 0.09000000357627869 0.09000000357627869 0.09000000357627869 0.0 0.0 0.0 0.0 0.0 0.0 0.0 0.0 0.0 0.0 0.0 0.0 0.0 0.0 0.0 0.0 0.0 -0.18000000715255737 0.0 0.09000000357627869 0.0 0.0 0.0 0.5099999904632568 0.0 0.0 0.0 0.0 0.0 0.0 0.0 0.09000000357627869 0.09000000357627869 0.0 0.0 0.0 -0.09000000357627869 0.0 0.0 0.0 0.0 0.0 0.09000000357627869 0.09000000357627869 0.0 0.0 0.09000000357627869 -0.5099999904632568 0.0 0.0 0.09000000357627869 0.5099999904632568 -0.5099999904632568 0.0 0.0 0.09000000357627869 0.0 -0.5099999904632568 0.0 0.0 0.0 0.09000000357627869 0.0 0.09000000357627869 0.09000000357627869 -0.18000000715255737 0.09000000357627869 0.09000000357627869 0.550000011920929 -0.550000011920929 0.0 0.0 0.0 0.0 0.0 0.0 -0.2800000011920929 0.09000000357627869 0.0 0.0 -0.7599999904632568 -0.7599999904632568 0.0 0.0 0.0 0.3100000023841858 0.0 0.09000000357627869 0.0 0.09000000357627869 0.09000000357627869 0.0 0.09000000357627869 0.09000000357627869 0.6200000047683716 -0.7599999904632568 -0.7599999904632568 0.5099999904632568 -0.5099999904632568 -0.4699999988079071 0.0 0.07000000029802322 0.09000000357627869 -0.18000000715255737 0.09000000357627869 0.09000000357627869 -0.2800000011920929 0.09000000357627869 0.09000000357627869 0.6200000047683716 -0.7599999904632568 -0.7599999904632568 0.0 0.0 0.0 0.0 0.0 0.0 0.0 0.0 0.0 0.0 0.0 0.0 0.0 0.4399999976158142 -0.5099999904632568 0.4399999976158142 0.3199999928474426 0.18000000715255737 0.5099999904632568 0.0 -0.4699999988079071 0.0 0.07000000029802322 0.09000000357627869 0.0 0.09000000357627869 0.0 0.0 0.09000000357627869 0.09000000357627869 0.20000000298023224 0.09000000357627869 0.09000000357627869 -0.699999988079071 0.4399999976158142 0.6399999856948853 -0.800000011920929 0.46000000834465027 0.46000000834465027 -0.800000011920929 0.46000000834465027 0.0 -0.5099999904632568 0.0 0.0 0.0 0.09000000357627869 0.0 0.0 0.0 -0.18000000715255737 0.09000000357627869 0.09000000357627869 0.0 0.09000000357627869 0.09000000357627869 0.20999999344348907 0.05000000074505806 0.05000000074505806 -0.30000001192092896 0.33000001311302185 0.33000001311302185 0.33000001311302185 0.0 0.0 0.0 0.0 0.0 0.0 0.0 0.0 0.0 0.0 0.0 0.0 0.0 0.09000000357627869 0.0 0.0 0.0 0.0 0.0 0.0 0.0 0.0 -0.18000000715255737 0.09000000357627869 0.09000000357627869 0.550000011920929 0.0 -0.6200000047683716 0.3199999928474426 0.30000001192092896 0.0 0.0 -0.4699999988079071 0.0 0.0 0.09000000357627869 0.0 0.09000000357627869 0.09000000357627869 -0.2800000011920929 0.09000000357627869 0.09000000357627869 0.6200000047683716 -0.7599999904632568 -0.7599999904632568 0.0 0.0 0.0 0.0 0.0 0.09000000357627869 0.0 0.0 0.0 -0.23000000417232513 0.0 0.0 0.0 0.0 0.0 0.0 0.09000000357627869 0.0 0.0 0.09000000357627869 0.0 0.0 0.0 0.0 0.0 0.0 0.0 0.0 0.0 0.0 0.0 0.0 0.0 0.0 -0.18000000715255737 0.09000000357627869 0.550000011920929 -0.550000011920929 -0.6200000047683716 0.3199999928474426 0.30000001192092896 0.0
122 0.09000000357627869 0.09000000357627869 0.0 -0.5099999904632568 0.0 0.0 0.09000000357627869 0.0 0.0 0.0 0.0 0.09000000357627869 0.09000000357627869 0.0 0.0 0.09000000357627869 0.0 0.0 0.0 0.0 0.0 0.0 0.0 -0.11999999731779099 0.0 0.0 0.11999999731779099 0.0 0.0 0.0 0.0 0.0 0.0 0.0 0.09000000357627869 0.0 0.0 0.0 0.0 0.0 0.0 0.0 0.0 0.0 0.0 0.09000000357627869 -0.7599999904632568 0.0 0.0 0.0 0.0 0.0 0.0 0.0 0.0 0.0 0.0 0.0 0.0 0.0 0.0 0.11999999731779099 0.0 0.0 0.0 0.11999999731779099 0.0 -0.5099999904632568 0.0 0.0 0.0 0.09000000357627869 -0.18000000715255737 0.0 0.09000000357627869 0.0 0.05000000074505806 0.0 0.0 0.0 0.3100000023841858 0.0 0.0 0.0 0.09000000357627869 0.09000000357627869 0.0 0.0 0.20000000298023224 0.09000000357627869 -0.800000011920929 0.46000000834465027 0.46000000834465027 0.0 0.09000000357627869 0.0 0.0 0.0 0.0 0.0 0.11999999731779099 0.0 -0.5400000214576721 0.4300000071525574 0.0 0.11999999731779099 0.0 0.0 0.0 0.0 0.0 0.0 -0.09000000357627869 0.0 0.0 0.0 0.0 -0.5099999904632568 0.0 -0.5099999904632568 0.0 0.0 0.0 0.09000000357627869 0.0 0.09000000357627869 0.09000000357627869 -0.18000000715255737 0.09000000357627869 0.0 0.0 0.0 0.0 0.0 0.0 -0.2800000011920929 0.09000000357627869 0.0 0.0 -0.7599999904632568 -0.7599999904632568 0.0 0.0 0.0 0.3100000023841858 0.0 0.09000000357627869 0.0 0.09000000357627869 0.09000000357627869 0.0 0.09000000357627869 0.09000000357627869 0.6200000047683716 -0.7599999904632568 -0.7599999904632568 0.5099999904632568 -0.5099999904632568 -0.4699999988079071 0.0 0.07000000029802322 0.09000000357627869 -0.18000000715255737 0.09000000357627869 0.09000000357627869 -0.2800000011920929 0.09000000357627869 0.09000000357627869 0.6200000047683716 -0.7599999904632568 -0.7599999904632568 0.0 0.0 0.0 0.0 0.0 0.0 0.0 0.0 0.0 0.0 0.0 0.0 0.0 0.4399999976158142 -0.5099999904632568 0.4399999976158142 0.3199999928474426 0.18000000715255737 0.5099999904632568 0.0 0.0 0.0 0.0 0.0 0.0 0.0 0.09000000357627869 -0.23000000417232513 0.1599999964237213 0.0 0.0 0.0 0.0 0.0 0.09000000357627869 0.0 0.0 0.0 -0.18000000715255737 0.09000000357627869 0.09000000357627869 0.0 0.09000000357627869 0.09000000357627869 0.20999999344348907 0.05000000074505806 0.05000000074505806 -0.30000001192092896 0.33000001311302185 0.33000001311302185 0.33000001311302185 0.0 0.0 0.0 0.0 0.0 0.0 0.0 0.0 0.0 0.0 0.0 0.0 0.0 0.09000000357627869 0.0 0.0 0.0 0.0 0.0 0.0 0.0 0.0 -0.18000000715255737 0.09000000357627869 0.09000000357627869 0.550000011920929 0.0 -0.6200000047683716 0.3199999928474426 0.30000001192092896 0.0 0.0 -0.4699999988079071 0.0 0.0 0.09000000357627869 0.0 0.09000000357627869 0.09000000357627869 -0.2800000011920929 0.09000000357627869 0.09000000357627869 0.6200000047683716 -0.7599999904632568 -0.7599999904632568 0.0 0.0 0.0 0.0 0.0 0.09000000357627869 0.0 0.0 0.0 -0.23000000417232513 0.0 0.0 0.0 0.0 0.0 0.0 0.09000000357627869 0.0 0.0 0.09000000357627869 0.0 0.0 0.0 0.0 0.0 0.0 0.0 0.0 0.0 0.0 0.0 -0.5099999904632568 0.0 0.0 0.0 0.0 -0.18000000715255737 0.09000000357627869 0.09000000357627869 0.550000011920929 -0.550000011920929 -0.6200000047683716 0.3199999928474426 0.30000001192092896 0.0 0.0 0.0 0.0 0.0 0.09000000357627869 0.09000000357627869 0.550000011920929 -0.6200000047683716 0.30000001192092896 0.0 -0.5099999904632568
123 0.0 0.09000000357627869 -0.6600000262260437 0.4300000071525574 -0.27000001072883606 0.09000000357627869 0.09000000357627869 0.09000000357627869 0.0 0.0 0.0 0.09000000357627869 0.0 0.0 -0.5099999904632568 0.0 0.0 0.0 0.09000000357627869 -0.18000000715255737 0.0 0.09000000357627869 0.0 0.09000000357627869 -0.27000001072883606 0.09000000357627869 0.09000000357627869 0.0 -0.27000001072883606 0.09000000357627869 0.0 0.09000000357627869 0.0 -0.5099999904632568 0.0 0.0 0.0 0.09000000357627869 0.0 0.0 0.0 0.0 0.09000000357627869 0.09000000357627869 0.0 0.0 0.09000000357627869 0.0 0.5099999904632568 0.0 0.0 0.3100000023841858 0.0 0.0 0.0 0.0 0.0 -0.2800000011920929 0.09000000357627869 0.09000000357627869 0.6200000047683716 -0.7599999904632568 0.0 -0.5099999904632568 0.0 0.0 0.0 0.09000000357627869 0.0 0.0 0.0 0.0 0.0 0.0 -0.11999999731779099 0.0 0.0 0.11999999731779099 0.0 0.0 0.0 0.0 0.0 0.0 0.0 0.0 0.0 0.0 0.0 0.09000000357627869 0.0 0.0 0.0 0.0 0.0 0.0 0.0 0.0 0.0 0.0 0.0 0.0 0.0 0.0 0.09000000357627869 0.0 0.0 0.0 0.0 0.0 0.0 0.0 0.0 0.09000000357627869 0.0 0.0 0.0 0.0 -0.18000000715255737 0.09000000357627869 0.09000000357627869 0.0 0.0 0.0 0.0 0.0 0.0 0.0 0.0 0.0 0.0 0.0 0.0 0.0 0.0 0.0 0.0 0.0 0.0 0.0 0.0 0.0 0.0 0.0 0.0 0.0 0.11999999731779099 0.0 0.0 0.0 0.0 -0.5099999904632568 0.09000000357627869 0.0 0.0 0.0 0.11999999731779099 0.0 -0.5400000214576721 0.4300000071525574 0.0 0.0 0.0 0.0 -0.09000000357627869 0.0 0.0 0.0 0.0 0.09000000357627869 0.09000000357627869 0.0 -0.5099999904632568 0.0 0.0 0.0 0.09000000357627869 0.0 0.09000000357627869 0.09000000357627869 -0.18000000715255737 0.09000000357627869 0.09000000357627869 0.550000011920929 -0.550000011920929 -0.6200000047683716 0.3199999928474426 0.30000001192092896 0.0 0.0 0.0 0.0 0.0 0.0 -0.2800000011920929 0.09000000357627869 0.0 0.0 0.0 0.0 0.3100000023841858 0.0 0.09000000357627869 0.0 0.09000000357627869 0.09000000357627869 0.0 0.09000000357627869 0.09000000357627869 -0.7599999904632568 0.5099999904632568 -0.5099999904632568 -0.4699999988079071 0.0 0.07000000029802322 0.09000000357627869 -0.18000000715255737 0.09000000357627869 0.09000000357627869 -0.2800000011920929 0.09000000357627869 0.09000000357627869 0.6200000047683716 -0.7599999904632568 -0.7599999904632568 0.0 0.0 0.0 0.0 0.0 0.0 0.0 0.0 0.0 0.0 0.0 0.0 0.0 0.4399999976158142 -0.5099999904632568 0.4399999976158142 0.3199999928474426 0.18000000715255737 0.5099999904632568 0.0 0.0 0.0 0.0 0.0 0.0 0.0 0.09000000357627869 -0.23000000417232513 0.1599999964237213 0.0 0.0 -0.4699999988079071 0.0 0.07000000029802322 0.09000000357627869 0.0 0.09000000357627869 0.0 0.0 0.09000000357627869 0.09000000357627869 0.20000000298023224 0.09000000357627869 0.09000000357627869 -0.699999988079071 0.4399999976158142 0.6399999856948853 -0.800000011920929 0.46000000834465027 0.46000000834465027 -0.800000011920929 0.46000000834465027 0.46000000834465027 0.0 -0.5099999904632568 0.0 0.0 0.0 0.0 0.0 0.0 0.0 0.0 0.0 0.0 0.0 0.09000000357627869 0.0 0.0 0.0 0.0 0.0 0.0 0.0 0.0 -0.18000000715255737 0.09000000357627869 0.09000000357627869 0.550000011920929 0.0 -0.6200000047683716 0.3199999928474426 0.30000001192092896 0.0 0.0 -0.4699999988079071 0.0 0.0 0.09000000357627869 0.0 0.09000000357627869 0.09000000357627869 -0.2800000011920929 0.09000000357627869 0.09000000357627869 0.6200000047683716 -0.7599999904632568 -0.7599999904632568 0.0 0.0 0.0 0.0 0.0 0.09000000357627869 0.0 0.0 0.0 -0.23000000417232513 0.0 0.0 0.0 0.0 0.0 0.0 0.09000000357627869 0.0 0.0 0.09000000357627869 0.0 0.0 0.0 0.0 0.0 0.0 0.0 0.0 0.0 0.0 0.0 -0.5099999904632568 0.0 0.0 0.0 0.0 -0.18000000715255737 0.09000000357627869 0.09000000357627869 0.550000011920929 -0.550000011920929 -0.6200000047683716 0.3199999928474426 0.30000001192092896 0.0 -0.5099999904632568 0.0 0.0 0.0 0.09000000357627869 0.0 0.09000000357627869 0.09000000357627869 0.550000011920929 -0.6200000047683716 0.30000001192092896 0.0 -0.5099999904632568 0.0 0.0 0.0 0.0 0.0 0.09000000357627869 0.0 0.0 0.0 0.0 0.09000000357627869 0.09000000357627869 -0.18000000715255737 0.09000000357627869
124 0.0 0.0 0.0 0.09000000357627869 0.0 0.0 -0.5099999904632568 0.0 0.0 0.0 0.09000000357627869 -0.18000000715255737 0.0 0.09000000357627869 0.0 0.09000000357627869 -0.27000001072883606 0.09000000357627869 0.0 -0.27000001072883606 0.09000000357627869 0.0 0.09000000357627869 0.0 -0.5099999904632568 0.0 0.0 0.0 0.09000000357627869 0.0 0.0 0.0 0.0 0.09000000357627869 0.09000000357627869 0.0 0.0 0.09000000357627869 0.0 0.5099999904632568 0.0 0.0 0.3100000023841858 0.0 0.0 0.0 0.0 0.0 -0.2800000011920929 0.09000000357627869 0.09000000357627869 0.0 -0.5099999904632568 0.0 0.0 0.0 0.09000000357627869 0.0 0.0 0.0 0.0 0.0 0.0 -0.11999999731779099 0.0 0.0 0.11999999731779099 0.0 0.0 0.0 0.0 0.0 0.0 0.0 0.0 0.0 0.0 0.0 0.0 0.0 0.0 0.0 0.0 0.0 0.0 0.0 0.0 0.0 0.0 0.0 0.0 0.0 0.0 0.0 0.0 0.0 0.0 0.0 0.0 0.09000000357627869 0.0 0.0 0.0 0.0 0.0 0.0 0.0 0.09000000357627869 0.0 0.0 0.0 0.0 0.0 0.0 0.0 0.0 0.0 0.0 0.0 0.0 0.0 0.0 0.0 0.0 0.0 0.0 0.0 0.0 0.0 0.0 0.09000000357627869 0.0 0.0 0.0 0.0 0.0 0.0 0.0 0.0 0.0 0.0 0.0 0.0 0.0 0.0 0.0 0.09000000357627869 0.0 0.0 0.0 0.0 -0.18000000715255737 0.09000000357627869 0.09000000357627869 0.0 0.0 0.0 0.0 0.0 0.0 0.0 0.0 0.0 0.0 0.0 0.0 0.0 0.0 0.0 0.0 0.0 0.0 0.0 0.0 0.0 0.11999999731779099 0.0 0.11999999731779099 0.0 0.0 0.0 0.0 0.0 0.0 0.0 -0.5099999904632568 0.0 0.0 0.0 0.0 0.0 0.0 0.0 0.09000000357627869 0.0 0.0 0.09000000357627869 0.0 0.0 0.0 0.0 0.09000000357627869 0.0 0.09000000357627869 0.0 0.0 0.09000000357627869 0.0 0.0 0.0 0.0 0.0 0.0 0.0 0.0 0.0 -0.5099999904632568 0.5099999904632568 0.0 0.0 0.09000000357627869 0.09000000357627869 0.0 0.0 0.3100000023841858 0.0 0.0 0.5099999904632568 0.0 0.0 0.0 0.0 0.3100000023841858 0.0 0.0 0.0 0.0 0.0 0.0 0.0 0.0 0.0 0.0 0.0 0.0 0.0 -0.18000000715255737 0.09000000357627869 0.09000000357627869 0.0 0.0 0.09000000357627869 0.6200000047683716 -0.7599999904632568 0.0 0.0 0.0 0.0 0.0 0.0 0.0 0.0 0.0 0.0 0.0 0.0 0.0 0.0 0.0 0.11999999731779099 0.0 0.0 0.0 0.11999999731779099 0.0 -0.5099999904632568 0.0 0.0 0.0 0.09000000357627869 -0.18000000715255737 0.09000000357627869 0.09000000357627869 0.0 0.09000000357627869 0.0 0.09000000357627869 0.05000000074505806 0.0 0.0 0.0 0.3100000023841858 0.0 0.0 0.09000000357627869 0.0 0.0 0.0 0.0 0.0 0.09000000357627869 0.0 0.0 0.0 0.0 0.0 0.11999999731779099 0.0 -0.5400000214576721 0.4300000071525574 0.0 0.11999999731779099 0.0 0.0 0.0 0.0 0.0 0.0 0.0 0.0 0.0 -0.27000001072883606 0.09000000357627869 0.09000000357627869 0.0 0.0 0.0 0.0 0.0 0.0 0.0 0.0 0.0 0.0 0.0 0.0 0.0 0.0 0.0 0.0 0.0 0.0 0.0 0.0 0.0 0.0 0.0 0.0 0.0 -0.18000000715255737 0.09000000357627869 0.0 0.0 0.0 0.0 0.0 0.0 0.0 0.05000000074505806 0.0 0.0 0.0 0.09000000357627869 0.0 0.09000000357627869 0.0 0.0 0.0 0.0 0.0 -0.18000000715255737 0.0 0.09000000357627869 0.0 0.0 0.0 -0.11999999731779099 0.11999999731779099 -0.11999999731779099 0.11999999731779099 0.0 0.0 0.0 0.0 0.5099999904632568 0.0 0.0 0.0 0.0 0.09000000357627869 0.0 0.0 0.0 -0.09000000357627869 0.0 0.0 0.0 0.0 0.0 0.09000000357627869 0.0 0.09000000357627869 0.0 0.09000000357627869 0.0 0.0 0.0 0.0 0.0 -0.2800000011920929 0.0 0.0 0.0 0.0 0.3100000023841858 0.0 0.09000000357627869 0.0 0.09000000357627869 0.09000000357627869 0.5099999904632568 -0.5099999904632568 -0.4699999988079071 0.0 0.07000000029802322 0.09000000357627869 -0.18000000715255737 0.09000000357627869 0.09000000357627869 -0.2800000011920929 0.09000000357627869 0.09000000357627869 0.6200000047683716 -0.7599999904632568 -0.7599999904632568 0.0 0.0 0.0 0.0 0.0 0.0 0.0 0.0 0.0 0.0 0.0 0.0 0.0 0.4399999976158142 -0.5099999904632568 0.4399999976158142 0.3199999928474426 0.18000000715255737 0.5099999904632568 0.0 0.0 0.0 0.0 0.0 0.0 0.0 0.09000000357627869 -0.23000000417232513 0.1599999964237213 0.0 0.0 -0.4699999988079071 0.0 0.07000000029802322 0.09000000357627869 0.0 0.09000000357627869 0.0 0.0 0.09000000357627869 0.09000000357627869 0.20000000298023224 0.09000000357627869 0.09000000357627869 -0.699999988079071 0.4399999976158142 0.6399999856948853 0.46000000834465027 0.0 -0.5099999904632568 0.0 0.0 0.0 0.09000000357627869 0.0 0.0 0.0 -0.18000000715255737 0.09000000357627869 0.09000000357627869 0.0 0.09000000357627869 0.09000000357627869 0.20999999344348907 0.05000000074505806 0.05000000074505806 -0.30000001192092896 0.33000001311302185 0.33000001311302185 0.33000001311302185 0.0 0.0 0.0 0.0 0.0 0.0 -0.18000000715255737 0.09000000357627869 0.09000000357627869 0.550000011920929 0.0 -0.6200000047683716 0.3199999928474426 0.30000001192092896 0.0 0.0 -0.4699999988079071 0.0 0.0 0.09000000357627869 0.0 0.09000000357627869 0.09000000357627869 -0.2800000011920929 0.09000000357627869 0.09000000357627869 0.6200000047683716 -0.7599999904632568 -0.7599999904632568 0.0 0.0 0.0 0.0 0.0 0.09000000357627869 0.0 0.0 0.0 -0.23000000417232513 0.0 0.0 0.0 0.0 0.0 0.0 0.09000000357627869 0.0 0.0 0.09000000357627869 0.0 0.0 0.0 0.0 0.0 0.0 0.0 0.0 0.0 0.0 0.0 -0.5099999904632568 0.0 0.0 0.0 0.0 -0.18000000715255737 0.09000000357627869 0.09000000357627869 0.550000011920929 -0.550000011920929 -0.6200000047683716 0.3199999928474426 0.30000001192092896 0.0 -0.5099999904632568 0.0 0.0 0.0 0.09000000357627869 0.0 0.09000000357627869 0.09000000357627869 0.550000011920929 0.30000001192092896 0.0 -0.5099999904632568 0.0 0.0 0.09000000357627869 0.0 0.0 0.0 -0.18000000715255737 0.09000000357627869 0.0 0.0 0.0 0.0 0.0 0.09000000357627869 0.09000000357627869
125 -0.18000000715255737 0.0 0.09000000357627869 -0.27000001072883606 0.0 0.09000000357627869 0.0 -0.5099999904632568 0.0 0.0 0.0 0.09000000357627869 0.0 0.0 0.0 0.0 0.09000000357627869 0.09000000357627869 0.0 0.0 0.09000000357627869 0.0 0.0 0.0 0.0 -0.11999999731779099 0.0 0.0 0.11999999731779099 0.0 0.0 0.0 0.0 0.0 0.0 0.0 0.0 0.0 0.0 0.0 0.0 0.0 0.0 0.09000000357627869 0.0 0.0 0.0 0.0 0.0 0.09000000357627869 0.0 0.0 0.0 0.0 -0.18000000715255737 0.09000000357627869 0.09000000357627869 0.0 0.0 0.0 0.0 0.0 0.0 0.0 0.0 0.0 0.0 0.0 0.0 0.0 0.09000000357627869 0.0 0.0 0.09000000357627869 0.0 0.0 0.0 0.0 0.0 0.5099999904632568 0.0 -0.28999999165534973 0.0 0.09000000357627869 -0.18000000715255737 0.09000000357627869 0.09000000357627869 -0.18000000715255737 0.09000000357627869 0.0 -0.5099999904632568 0.0 0.3100000023841858 0.0 0.0 -0.2800000011920929 0.09000000357627869 0.09000000357627869 0.6200000047683716 -0.7599999904632568 -0.7599999904632568 0.5099999904632568 -0.5099999904632568 0.0 0.0 0.0 0.0 0.0 0.0 0.0 0.3100000023841858 0.0 0.0 0.0 0.0 0.0 0.0 0.0 0.0 0.0 0.0 0.0 0.0 0.0 -0.18000000715255737 0.09000000357627869 0.09000000357627869 0.0 0.0 0.09000000357627869 0.6200000047683716 -0.7599999904632568 -0.7599999904632568 0.0 0.0 0.0 0.0 0.0 0.0 0.0 0.0 0.0 0.0 0.0 0.0 0.0 0.0 0.0 0.11999999731779099 0.0 0.0 0.0 0.11999999731779099 0.0 -0.5099999904632568 0.0 0.0 0.0 0.09000000357627869 -0.18000000715255737 0.09000000357627869 0.09000000357627869 0.0 0.09000000357627869 0.0 0.0 0.09000000357627869 0.09000000357627869 0.20999999344348907 0.05000000074505806 0.05000000074505806 -0.30000001192092896 0.33000001311302185 0.33000001311302185 0.33000001311302185 0.0 0.0 0.0 0.3100000023841858 0.0 0.0 0.0 0.09000000357627869 0.09000000357627869 0.0 0.0 0.09000000357627869 0.0 -0.5099999904632568 0.0 0.0 0.0 0.0 0.0 0.09000000357627869 0.0 0.0 0.0 0.0 0.0 0.11999999731779099 0.0 -0.5400000214576721 0.4300000071525574 0.0 0.0 0.0 0.0 0.0 0.0 0.0 0.0 -0.27000001072883606 0.09000000357627869 0.09000000357627869 0.09000000357627869 0.0 0.0 0.0 0.0 0.0 0.0 0.0 0.0 0.0 0.0 0.0 0.0 0.0 0.0 0.0 0.0 0.0 0.0 0.0 0.0 0.0 0.0 0.0 0.0 0.0 0.0 -0.18000000715255737 0.09000000357627869 0.09000000357627869 0.0 0.0 -0.18000000715255737 0.09000000357627869 0.09000000357627869 0.0 0.0 0.0 0.0 -0.18000000715255737 0.09000000357627869 0.0 -0.18000000715255737 0.0 0.05000000074505806 0.05000000074505806 -0.30000001192092896 0.33000001311302185 0.0 0.33000001311302185 0.0 0.0 0.0 0.0 0.0 0.0 0.0 0.0 0.0 0.0 0.0 0.09000000357627869 0.0 0.09000000357627869 0.0 0.09000000357627869 0.5099999904632568 -0.5099999904632568 -0.4699999988079071 0.0 0.07000000029802322 0.09000000357627869 -0.18000000715255737 0.09000000357627869 -0.2800000011920929 0.09000000357627869 0.6200000047683716 -0.7599999904632568 -0.7599999904632568 0.0 0.0 0.0 0.0 0.0 0.0 0.0 0.0 0.0 0.0 -0.5099999904632568 0.4399999976158142 0.5099999904632568 0.0 0.0 0.0 0.0 0.0 0.0 0.0 0.09000000357627869 -0.23000000417232513 0.1599999964237213 0.0 0.0 -0.4699999988079071 0.0 0.07000000029802322 0.09000000357627869 0.0 0.09000000357627869 0.0 0.0 0.09000000357627869 0.09000000357627869 0.20000000298023224 0.09000000357627869 0.09000000357627869 -0.699999988079071 0.4399999976158142 0.6399999856948853 -0.800000011920929 0.46000000834465027 -0.800000011920929 0.46000000834465027 0.46000000834465027 0.0 -0.5099999904632568 0.0 0.0 0.0 0.09000000357627869 0.0 0.0 0.0 -0.18000000715255737 0.09000000357627869 0.09000000357627869 0.0 0.09000000357627869 0.09000000357627869 0.20999999344348907 0.05000000074505806 0.05000000074505806 0.0 0.0 0.0 0.0 0.0 0.0 0.0 0.0 0.0 0.0 0.0 0.0 0.0 0.09000000357627869 0.0 0.0 0.0 0.0 -0.4699999988079071 0.0 0.0 0.09000000357627869 0.0 0.09000000357627869 0.09000000357627869 -0.2800000011920929 0.09000000357627869 0.09000000357627869 0.6200000047683716 -0.7599999904632568 -0.7599999904632568 0.0 0.0 0.0 0.0 0.0 0.09000000357627869 0.0 0.0 0.0 -0.23000000417232513 0.0 0.0 0.0 0.0 0.0 0.0 0.09000000357627869 0.0 0.0 0.09000000357627869 0.0 0.0 0.0 0.0 0.0 0.0 0.0 0.0 0.0 0.0 0.0 -0.5099999904632568 0.0 0.0 0.0 0.0 -0.18000000715255737 0.09000000357627869 0.09000000357627869 0.550000011920929 -0.550000011920929 -0.6200000047683716 0.3199999928474426 0.30000001192092896 0.0 -0.5099999904632568 0.0 0.0 0.0 0.09000000357627869 0.0 0.09000000357627869 0.09000000357627869 0.550000011920929 -0.550000011920929 -0.6200000047683716 0.3199999928474426 0.30000001192092896 0.0 -0.5099999904632568 0.0 0.0 0.09000000357627869 0.0 0.0 0.0 -0.18000000715255737 0.09000000357627869 0.09000000357627869 0.0 0.09000000357627869 0.09000000357627869 0.0 -0.5099999904632568 0.0 0.0 0.0 0.09000000357627869
126 0.0 0.09000000357627869 -0.18000000715255737 0.0 0.09000000357627869 0.0 0.09000000357627869 -0.27000001072883606 0.09000000357627869 0.0 -0.27000001072883606 0.09000000357627869 0.0 0.09000000357627869 0.0 -0.5099999904632568 0.0 0.0 0.0 0.09000000357627869 0.0 0.0 0.0 0.0 0.09000000357627869 0.09000000357627869 0.0 0.0 0.09000000357627869 0.0 -0.11999999731779099 0.0 0.0 0.0 0.0 0.0 0.0 0.0 0.0 0.0 0.09000000357627869 0.0 0.0 0.0 0.0 0.0 0.3199999928474426 0.0 0.0 0.0 0.09000000357627869 0.0 0.0 0.0 0.0 -0.18000000715255737 0.09000000357627869 0.09000000357627869 0.0 0.0 0.0 0.0 0.0 0.0 0.09000000357627869 0.0 0.0 0.09000000357627869 -0.5099999904632568 0.5099999904632568 0.0 -0.28999999165534973 0.0 0.09000000357627869 0.0 0.09000000357627869 -0.18000000715255737 0.09000000357627869 0.09000000357627869 -0.18000000715255737 0.09000000357627869 0.09000000357627869 0.0 -0.5099999904632568 0.0 0.3100000023841858 0.0 0.0 -0.2800000011920929 0.6200000047683716 -0.7599999904632568 -0.7599999904632568 0.5099999904632568 0.0 0.3100000023841858 0.0 0.0 0.0 0.0 0.0 0.0 0.0 0.0 0.0 -0.18000000715255737 0.09000000357627869 0.0 0.0 0.09000000357627869 0.0 0.0 0.0 0.0 0.0 0.0 0.0 0.0 0.0 0.0 0.0 0.0 0.0 0.0 0.0 0.0 0.0 -0.5099999904632568 0.0 0.09000000357627869 0.0 0.0 0.0 0.0 0.0 0.33000001311302185 0.09000000357627869 0.5099999904632568 -0.5099999904632568 -0.4699999988079071 0.07000000029802322 0.09000000357627869 -0.18000000715255737 0.09000000357627869 -0.2800000011920929 0.09000000357627869 0.09000000357627869 0.6200000047683716 -0.7599999904632568 -0.7599999904632568 0.0 0.0 0.0 0.0 0.0 0.0 0.0 0.0 0.0 0.4399999976158142 0.5099999904632568 0.0 0.0 0.0 0.0 0.0 0.0 0.0 0.09000000357627869 -0.23000000417232513 0.1599999964237213 0.0 0.0 -0.4699999988079071 0.0 0.07000000029802322 0.09000000357627869 0.0 0.09000000357627869 0.0 0.0 0.09000000357627869 0.09000000357627869 0.20000000298023224 0.09000000357627869 0.09000000357627869 -0.699999988079071 0.4399999976158142 0.6399999856948853 -0.800000011920929 0.46000000834465027 0.46000000834465027 -0.800000011920929 0.46000000834465027 0.46000000834465027 0.0 -0.5099999904632568 0.0 0.0 0.0 0.09000000357627869 0.0 0.0 0.0 -0.18000000715255737 0.09000000357627869 0.09000000357627869 0.0 0.09000000357627869 0.09000000357627869 0.20999999344348907 0.05000000074505806 0.05000000074505806 -0.30000001192092896 0.33000001311302185 0.33000001311302185 0.33000001311302185 0.0 0.0 0.0 0.0 0.0 0.0 0.0 0.0 0.0 0.0 0.0 0.0 0.0 0.09000000357627869 0.0 0.0 0.0 0.0 0.0 0.0 0.0 0.0 -0.18000000715255737 0.09000000357627869 0.09000000357627869 0.550000011920929 0.0 -0.6200000047683716 0.3199999928474426 0.30000001192092896 0.0 0.0 0.0 0.0 0.0 0.09000000357627869 0.0 0.0 0.0 -0.23000000417232513 0.0 0.0 0.0 0.0 0.0 0.0 0.09000000357627869 0.0 0.0 0.09000000357627869 0.0 0.0 0.0 0.0 0.0 0.0 0.0 0.0 0.0 0.0 0.0 -0.5099999904632568 0.0 0.0 0.0 0.0 -0.18000000715255737 0.09000000357627869 0.09000000357627869 0.550000011920929 -0.550000011920929 -0.6200000047683716 0.3199999928474426 0.30000001192092896 0.0 -0.5099999904632568 0.0 0.0 0.0 0.09000000357627869 0.0 0.09000000357627869 0.09000000357627869 0.550000011920929 -0.550000011920929 -0.6200000047683716 0.3199999928474426 0.30000001192092896 0.0 -0.5099999904632568 0.0 0.0 0.09000000357627869 0.0 0.0 0.0 -0.18000000715255737 0.09000000357627869 0.09000000357627869 0.0 0.09000000357627869 0.09000000357627869 0.0 -0.5099999904632568 0.0 0.0 0.0 0.09000000357627869 0.0 0.09000000357627869 -0.18000000715255737 0.09000000357627869 0.09000000357627869 -0.18000000715255737 0.09000000357627869 0.0 0.0 -0.5099999904632568 -0.4699999988079071 0.3100000023841858 0.0 0.09000000357627869 0.09000000357627869 -0.18000000715255737 0.09000000357627869
127 0.0 0.09000000357627869 -0.6600000262260437 0.4300000071525574 0.09000000357627869 -0.5099999904632568 0.0 -0.5099999904632568 0.0 0.3100000023841858 0.0 0.0 0.0 0.09000000357627869 0.0 0.0 0.0 0.0 0.0 -0.5099999904632568 0.0 0.0 0.0 0.09000000357627869 -0.18000000715255737 0.0 0.09000000357627869 0.0 0.09000000357627869 -0.27000001072883606 0.09000000357627869 0.09000000357627869 0.0 -0.27000001072883606 0.09000000357627869 0.0 0.09000000357627869 0.0 -0.5099999904632568 0.0 0.0 0.0 0.09000000357627869 0.0 0.0 0.0 0.0 0.09000000357627869 0.09000000357627869 0.0 0.0 0.09000000357627869 0.0 0.5099999904632568 0.0 0.0 0.3100000023841858 0.0 0.0 0.0 0.0 0.0 -0.2800000011920929 0.09000000357627869 0.0 -0.5099999904632568 0.0 0.0 0.0 0.0 0.0 0.0 -0.11999999731779099 0.0 0.0 0.11999999731779099 0.0 0.0 0.0 0.0 0.0 0.0 0.0 0.0 0.0 0.09000000357627869 0.0 0.0 0.0 0.0 0.0 0.0 0.0 0.0 0.0 0.0 0.0 0.0 0.0 0.0 0.0 0.0 0.0 0.0 0.0 0.0 0.09000000357627869 0.0 0.0 0.0 0.0 0.0 0.0 0.0 0.0 0.0 0.0 0.0 0.0 0.09000000357627869 0.0 0.0 0.09000000357627869 0.0 0.0 0.0 0.3100000023841858 0.0 0.0 0.0 0.0 0.09000000357627869 0.0 0.09000000357627869 0.0 0.550000011920929 -0.550000011920929 -0.6200000047683716 0.3199999928474426 0.0 0.0 -0.5099999904632568 0.0 0.0 0.0 0.09000000357627869 0.0 0.5099999904632568 -0.5099999904632568 0.0 0.0 0.09000000357627869 0.0 0.0 -0.27000001072883606 0.0 0.09000000357627869 0.0 0.0 0.0 0.3100000023841858 0.0 0.0 0.0 0.09000000357627869 0.0 0.0 0.0 0.0 -0.18000000715255737 0.09000000357627869 0.09000000357627869 0.0 0.0 0.0 0.0 0.0 0.0 0.0 0.0 0.0 0.0 -0.05000000074505806 0.0 0.0 0.0 0.0 0.0 0.0 0.0 0.0 0.0 0.0 0.0 0.0 0.0 0.0 0.0 0.0 0.0 0.0 0.0 0.0 0.0 0.0 0.0 0.0 0.0 0.0 0.0 0.0 0.0 0.0 0.09000000357627869 0.0 0.09000000357627869 0.0 0.0 0.09000000357627869 0.0 0.0 0.0 0.0 0.0 0.0 0.0 0.0 0.0 -0.5099999904632568 0.0 0.0 0.0 0.0 -0.18000000715255737 0.09000000357627869 0.09000000357627869 0.5099999904632568 0.0 -0.28999999165534973 0.0 0.09000000357627869 0.09000000357627869 0.0 0.09000000357627869 -0.18000000715255737 0.09000000357627869 0.09000000357627869 -0.18000000715255737 0.09000000357627869 0.09000000357627869 0.0 -0.5099999904632568 0.0 0.3100000023841858 0.0 0.0 -0.2800000011920929 0.09000000357627869 0.6200000047683716 -0.7599999904632568 -0.7599999904632568 0.5099999904632568 0.0 0.0 0.0 -0.2800000011920929 0.09000000357627869 0.0 0.0 0.0 0.3100000023841858 0.0 0.0 0.0 0.0 0.0 0.0 0.0 0.0 0.0 0.0 0.0 0.0 0.0 0.0 0.0 0.0 0.0 0.0 0.0 0.0 0.0 0.0 0.0 0.0 -0.5099999904632568 0.0 0.0 0.0 0.0 0.0 0.0 0.0 -0.5099999904632568 0.09000000357627869 0.09000000357627869 -0.7599999904632568 0.0 0.0 0.0 0.0 0.0 0.0 0.0 0.0 -0.5099999904632568 0.4399999976158142 0.5099999904632568 0.0 0.0 0.0 0.0 0.0 0.0 0.09000000357627869 -0.23000000417232513 0.0 0.0 -0.4699999988079071 0.0 0.07000000029802322 0.09000000357627869 0.0 0.09000000357627869 0.0 0.0 0.09000000357627869 0.09000000357627869 0.20000000298023224 0.09000000357627869 0.09000000357627869 -0.699999988079071 0.4399999976158142 0.0 -0.5099999904632568 0.0 0.0 0.0 0.09000000357627869 0.0 0.0 0.0 -0.18000000715255737 0.09000000357627869 0.09000000357627869 0.0 0.09000000357627869 0.09000000357627869 0.20999999344348907 0.05000000074505806 0.05000000074505806 -0.30000001192092896 0.33000001311302185 0.33000001311302185 0.33000001311302185 0.0 0.0 0.0 0.0 0.0 0.0 0.0 0.0 0.0 0.0 0.0 0.0 0.0 0.09000000357627869 0.0 0.0 0.0 0.0 0.0 0.0 0.0 0.0 -0.18000000715255737 0.09000000357627869 0.09000000357627869 0.550000011920929 0.0 -0.6200000047683716 0.3199999928474426 0.30000001192092896 0.0 0.0 -0.4699999988079071 0.0 0.0 0.09000000357627869 0.0 0.09000000357627869 0.09000000357627869 -0.2800000011920929 0.09000000357627869 0.09000000357627869 0.6200000047683716 -0.7599999904632568 -0.7599999904632568 0.0 0.0 0.0 0.0 0.0 0.09000000357627869 0.0 0.0 0.09000000357627869 0.0 0.0 0.0 0.0 0.0 0.0 0.0 0.0 0.0 0.0 0.0 -0.5099999904632568 0.0 0.0 0.0 0.0 -0.18000000715255737 0.09000000357627869 0.09000000357627869 0.550000011920929 -0.550000011920929 -0.6200000047683716 0.3199999928474426 0.30000001192092896 0.0 -0.5099999904632568 0.0 0.0 0.0 0.09000000357627869 0.0 0.09000000357627869 0.09000000357627869 0.550000011920929 -0.550000011920929 -0.6200000047683716 0.3199999928474426 0.30000001192092896 0.0 -0.5099999904632568 0.0 0.0 0.09000000357627869 0.0 0.0 0.0 -0.18000000715255737 0.09000000357627869 0.09000000357627869 0.0 0.09000000357627869 0.09000000357627869 0.0 -0.5099999904632568 0.0 0.0 0.0 0.09000000357627869 0.0 0.09000000357627869 -0.18000000715255737 0.09000000357627869 0.09000000357627869 -0.18000000715255737 0.09000000357627869 0.0 0.0 -0.5099999904632568 -0.4699999988079071 0.3100000023841858 0.0 0.5099999904632568 0.0 0.0 0.09000000357627869 0.09000000357627869 0.0 0.09000000357627869 -0.18000000715255737 0.09000000357627869 0.09000000357627869 -0.18000000715255737 0.09000000357627869 0.09000000357627869 0.09000000357627869
128 0.0 0.0 -0.18000000715255737 0.0 0.09000000357627869 0.0 0.09000000357627869 -0.27000001072883606 0.09000000357627869 0.0 -0.27000001072883606 0.09000000357627869 0.0 0.09000000357627869 0.0 -0.5099999904632568 0.0 0.0 0.0 0.09000000357627869 0.0 0.0 0.0 0.0 0.09000000357627869 0.09000000357627869 0.0 0.0 0.09000000357627869 0.0 0.5099999904632568 0.0 0.0 0.0 -0.11999999731779099 0.0 0.0 0.11999999731779099 0.0 0.0 0.0 0.0 0.0 0.0 0.0 0.0 0.0 0.09000000357627869 0.0 0.0 0.0 0.0 0.0 0.09000000357627869 0.0 0.0 0.0 0.0 0.0 0.0 0.0 0.0 0.0 0.0 0.0 0.0 0.0 0.0 0.09000000357627869 0.0 0.0 0.0 0.0 0.0 0.0 0.0 0.0 0.0 0.0 0.0 0.09000000357627869 0.0 0.0 0.0 0.3100000023841858 0.0 0.0 0.0 0.0 0.0 0.0 0.550000011920929 -0.6200000047683716 0.3199999928474426 0.0 0.0 0.5099999904632568 -0.5099999904632568 0.0 0.0 0.09000000357627869 0.0 0.0 0.0 -0.27000001072883606 0.0 0.09000000357627869 0.0 0.0 0.0 0.3100000023841858 0.0 0.0 0.0 0.09000000357627869 0.0 0.0 0.0 0.0 -0.18000000715255737 0.09000000357627869 0.09000000357627869 0.0 0.0 0.0 0.0 0.0 0.0 0.0 0.0 0.0 0.0 -0.05000000074505806 0.0 0.0 0.0 0.0 0.1899999976158142 0.0 0.0 0.0 0.0 0.0 0.0 0.0 0.0 0.0 0.0 0.0 0.11999999731779099 0.0 0.11999999731779099 0.0 0.0 0.0 0.0 0.0 0.0 0.0 -0.5099999904632568 0.0 0.0 0.0 0.0 0.0 0.0 -0.23000000417232513 0.0 0.0 0.0 0.0 0.0 0.0 0.09000000357627869 0.0 0.0 0.09000000357627869 0.0 0.0 0.0 0.09000000357627869 0.09000000357627869 0.0 0.09000000357627869 0.0 0.0 0.0 0.3100000023841858 0.0 0.0 0.0 0.09000000357627869 0.0 0.09000000357627869 0.0 0.0 0.0 0.0 -0.5099999904632568 0.0 0.0 0.0 0.09000000357627869 0.0 0.09000000357627869 0.0 0.0 0.09000000357627869 0.0 0.0 0.0 0.0 0.0 0.0 0.0 0.0 0.0 -0.5099999904632568 0.0 0.0 0.0 0.0 -0.18000000715255737 0.09000000357627869 0.09000000357627869 0.0 -0.11999999731779099 0.11999999731779099 -0.11999999731779099 0.11999999731779099 0.5099999904632568 0.0 -0.28999999165534973 0.0 0.09000000357627869 0.09000000357627869 0.0 0.09000000357627869 -0.18000000715255737 0.09000000357627869 0.09000000357627869 -0.18000000715255737 0.09000000357627869 0.09000000357627869 0.0 -0.5099999904632568 0.0 0.3100000023841858 0.0 0.0 -0.2800000011920929 0.09000000357627869 0.09000000357627869 0.6200000047683716 -0.7599999904632568 -0.7599999904632568 0.5099999904632568 -0.5099999904632568 0.0 0.0 0.0 0.09000000357627869 -0.2800000011920929 0.09000000357627869 0.0 0.6200000047683716 -0.7599999904632568 -0.7599999904632568 0.0 0.0 0.0 0.3100000023841858 0.0 0.0 0.0 0.0 0.0 0.0 0.0 0.0 0.0 0.0 0.0 0.0 0.0 -0.18000000715255737 0.09000000357627869 0.09000000357627869 0.0 0.0 0.09000000357627869 0.6200000047683716 -0.7599999904632568 -0.7599999904632568 0.0 0.0 0.0 0.0 0.0 0.0 0.0 0.0 0.0 0.0 0.0 0.0 0.0 0.0 0.0 0.11999999731779099 0.0 0.0 0.0 0.11999999731779099 0.0 -0.5099999904632568 0.0 0.0 0.0 0.09000000357627869 -0.18000000715255737 0.09000000357627869 0.0 0.09000000357627869 0.0 0.0 0.09000000357627869 0.05000000074505806 0.0 0.0 0.0 0.09000000357627869 0.0 0.0 0.0 0.11999999731779099 0.0 0.0 0.0 0.0 0.09000000357627869 0.0 0.0 0.0 0.0 0.0 0.0 0.0 0.0 0.0 0.0 0.0 0.0 0.0 0.0 0.0 0.0 0.0 0.0 0.0 0.0 0.0 0.0 0.0 0.0 0.0 0.0 -0.18000000715255737 0.09000000357627869 0.09000000357627869 0.0 0.0 0.09000000357627869 0.09000000357627869 0.0 0.0 0.0 0.0 0.0 0.0 -0.18000000715255737 0.0 0.0 0.0 -0.11999999731779099 0.11999999731779099 -0.11999999731779099 0.11999999731779099 0.0 0.0 0.0 0.0 0.0 0.0 0.0 -0.5099999904632568 0.0 0.0 0.0 0.09000000357627869 -0.18000000715255737 0.09000000357627869 0.09000000357627869 -0.18000000715255737 0.09000000357627869 0.0 -0.18000000715255737 0.09000000357627869 0.09000000357627869 0.0 0.05000000074505806 0.05000000074505806 -0.30000001192092896 0.33000001311302185 0.0 0.33000001311302185 0.0 0.0 0.0 0.0 0.09000000357627869 0.0 0.0 -0.27000001072883606 0.09000000357627869 0.0 0.09000000357627869 0.0 0.0 0.0 0.0 -0.11999999731779099 -0.11999999731779099 0.11999999731779099 0.0 0.0 0.0 0.0 0.0 0.0 0.0 0.0 0.0 0.5099999904632568 0.0 0.0 0.0 0.0 0.0 0.0 0.0 0.09000000357627869 -0.23000000417232513 0.1599999964237213 0.0 0.0 -0.4699999988079071 0.0 0.07000000029802322 0.09000000357627869 0.0 0.09000000357627869 0.0 0.0 0.09000000357627869 0.09000000357627869 0.0 -0.5099999904632568 0.0 0.0 0.0 0.09000000357627869 0.0 0.0 0.0 -0.18000000715255737 0.09000000357627869 0.09000000357627869 0.0 0.09000000357627869 0.0 0.0 0.0 0.0 0.0 0.0 0.0 0.0 0.0 0.0 0.0 0.0 0.0 0.09000000357627869 0.0 0.0 0.0 0.0 0.0 0.0 0.0 0.0 -0.18000000715255737 0.09000000357627869 0.09000000357627869 0.550000011920929 0.0 -0.6200000047683716 0.3199999928474426 0.30000001192092896 0.0 0.0 -0.4699999988079071 0.0 0.0 0.09000000357627869 0.0 0.09000000357627869 0.09000000357627869 -0.2800000011920929 0.09000000357627869 0.09000000357627869 0.6200000047683716 -0.7599999904632568 -0.7599999904632568 0.0 0.0 0.0 0.0 0.0 0.09000000357627869 0.0 0.0 0.0 -0.23000000417232513 0.0 0.0 0.0 0.0 0.0 0.0 0.0 -0.18000000715255737 0.09000000357627869 0.09000000357627869 0.550000011920929 -0.550000011920929 -0.6200000047683716 0.3199999928474426 0.30000001192092896 0.0 -0.5099999904632568 0.0 0.0 0.0 0.09000000357627869 0.0 0.09000000357627869 0.09000000357627869 0.550000011920929 -0.550000011920929 -0.6200000047683716 0.3199999928474426 0.30000001192092896 0.0 -0.5099999904632568 0.0 0.0 0.09000000357627869 0.0 0.0 0.0 -0.18000000715255737 0.09000000357627869 0.09000000357627869 0.0 0.09000000357627869 0.09000000357627869 0.0 -0.5099999904632568 0.0 0.0 0.0 0.09000000357627869 0.0 0.09000000357627869 -0.18000000715255737 0.09000000357627869 -0.18000000715255737 0.09000000357627869 0.0 0.0 0.0 0.09000000357627869 -0.18000000715255737 0.09000000357627869 0.09000000357627869 -0.18000000715255737 0.09000000357627869 0.09000000357627869 0.09000000357627869 -0.27000001072883606 0.09000000357627869 0.09000000357627869 0.09000000357627869 -0.27000001072883606 0.09000000357627869 0.09000000357627869
129 0.09000000357627869 -0.27000001072883606 0.09000000357627869 0.0 0.09000000357627869 0.0 0.0 0.09000000357627869 0.0 0.0 0.0 0.0 0.0 0.0 0.0 0.0 0.0 0.0 0.0 0.0 0.0 0.0 0.3100000023841858 0.0 0.0 0.0 0.09000000357627869 0.0 0.0 0.0 0.0 -0.18000000715255737 0.09000000357627869 0.09000000357627869 0.0 0.0 0.0 0.0 0.0 0.0 0.0 0.0 0.0 0.0 0.0 0.09000000357627869 0.0 0.09000000357627869 0.0 0.0 0.09000000357627869 0.0 0.0 0.0 0.0 0.0 0.0 0.0 -0.5099999904632568 0.0 0.0 0.0 0.0 -0.18000000715255737 0.09000000357627869 0.09000000357627869 0.0 0.11999999731779099 0.5099999904632568 0.0 -0.28999999165534973 0.0 0.09000000357627869 0.09000000357627869 0.0 0.09000000357627869 -0.18000000715255737 0.09000000357627869 0.09000000357627869 -0.18000000715255737 0.09000000357627869 0.09000000357627869 0.0 -0.5099999904632568 0.0 0.3100000023841858 0.0 0.0 -0.2800000011920929 0.09000000357627869 0.09000000357627869 0.6200000047683716 -0.7599999904632568 -0.7599999904632568 0.5099999904632568 -0.5099999904632568 0.0 0.0 0.0 0.09000000357627869 -0.2800000011920929 0.09000000357627869 0.0 0.6200000047683716 -0.7599999904632568 -0.7599999904632568 0.0 0.0 0.0 0.3100000023841858 0.0 0.0 0.0 0.0 0.0 0.0 0.0 0.0 0.0 0.0 0.0 0.0 0.0 -0.18000000715255737 0.09000000357627869 0.09000000357627869 0.0 0.0 0.09000000357627869 0.6200000047683716 -0.7599999904632568 -0.7599999904632568 0.0 0.0 0.0 0.0 0.0 0.0 0.0 0.0 0.0 0.0 0.0 0.0 0.0 0.0 0.0 -0.5099999904632568 0.0 0.0 0.0 0.09000000357627869 -0.18000000715255737 0.09000000357627869 0.0 0.09000000357627869 0.0 0.0 0.09000000357627869 0.09000000357627869 0.20999999344348907 0.05000000074505806 0.05000000074505806 -0.30000001192092896 0.33000001311302185 0.33000001311302185 0.33000001311302185 0.0 0.0 0.0 0.0 0.0 0.0 0.0 0.0 0.0 0.0 0.0 0.0 0.0 -0.18000000715255737 0.09000000357627869 0.0 0.09000000357627869 0.0 0.0 0.0 0.0 0.0 0.0 0.0 0.09000000357627869 -0.18000000715255737 0.09000000357627869 0.09000000357627869 -0.18000000715255737 0.09000000357627869 0.0 -0.18000000715255737 0.09000000357627869 0.09000000357627869 0.0 0.05000000074505806 0.05000000074505806 -0.30000001192092896 0.33000001311302185 0.0 0.33000001311302185 0.0 0.0 0.0 0.0 0.0 -0.23000000417232513 0.1599999964237213 0.0 0.0 -0.4699999988079071 0.0 0.07000000029802322 0.09000000357627869 0.0 0.09000000357627869 0.0 0.0 0.09000000357627869 0.09000000357627869 0.20000000298023224 -0.699999988079071 0.4399999976158142 0.0 -0.5099999904632568 0.0 0.0 0.0 0.09000000357627869 0.0 0.0 0.0 0.09000000357627869 0.0 0.0 0.0 0.0 0.0 0.0 0.0 0.0 0.0 0.0 0.0 0.0 0.0 0.09000000357627869 0.0 0.0 0.0 0.0 0.0 0.0 0.0 0.0 -0.18000000715255737 0.09000000357627869 0.09000000357627869 0.550000011920929 0.0 -0.6200000047683716 0.3199999928474426 0.30000001192092896 0.0 0.0 -0.4699999988079071 0.0 0.0 0.09000000357627869 0.0 0.09000000357627869 0.09000000357627869 -0.2800000011920929 0.09000000357627869 0.09000000357627869 0.6200000047683716 -0.7599999904632568 -0.7599999904632568 0.0 0.0 0.0 0.0 0.0 0.09000000357627869 0.0 0.0 0.0 -0.23000000417232513 0.0 0.0 0.0 0.0 0.0 0.0 0.09000000357627869 0.0 0.0 0.09000000357627869 0.0 0.0 0.0 0.0 0.0 0.0 0.0 0.0 0.0 0.0 0.0 -0.5099999904632568 0.0 0.0 0.0 0.09000000357627869 0.0 0.09000000357627869 0.09000000357627869 0.550000011920929 -0.550000011920929 -0.6200000047683716 0.3199999928474426 0.30000001192092896 0.0 -0.5099999904632568 0.0 0.0 0.09000000357627869 0.0 0.0 0.0 -0.18000000715255737 0.09000000357627869 0.09000000357627869 0.0 0.09000000357627869 0.09000000357627869 0.0 -0.5099999904632568 0.0 0.0 0.0 0.09000000357627869 0.0 0.09000000357627869 -0.18000000715255737 0.09000000357627869 -0.18000000715255737 0.09000000357627869 0.0 0.0 -0.5099999904632568 -0.4699999988079071 0.3100000023841858 0.0 0.09000000357627869 0.5099999904632568 0.0 0.0 0.09000000357627869 0.09000000357627869 0.0 -0.18000000715255737 0.09000000357627869 0.09000000357627869 -0.18000000715255737 0.09000000357627869 0.09000000357627869 0.0 0.09000000357627869 -0.27000001072883606 0.09000000357627869 0.09000000357627869 0.09000000357627869 -0.27000001072883606 0.09000000357627869 0.09000000357627869
13 -0.18000000715255737 0.09000000357627869 0.09000000357627869 0.0 -0.5099999904632568 -0.28999999165534973 0.0 0.09000000357627869 0.019999999552965164 0.09000000357627869 -0.18000000715255737 0.09000000357627869 -0.18000000715255737 0.09000000357627869 0.09000000357627869 0.0 -0.5099999904632568 -0.4699999988079071 0.3100000023841858 0.07000000029802322 0.09000000357627869 0.05000000074505806 0.09000000357627869 0.09000000357627869 -0.6600000262260437 0.4300000071525574 0.5099999904632568 -0.5099999904632568 0.0 0.3100000023841858 0.0 0.09000000357627869 -0.18000000715255737 0.09000000357627869 0.09000000357627869 0.0 0.09000000357627869 -0.27000001072883606 0.09000000357627869 0.09000000357627869 0.09000000357627869 -0.27000001072883606 0.09000000357627869 0.09000000357627869 0.09000000357627869 0.5099999904632568 -0.5099999904632568 -0.4699999988079071 0.3100000023841858 0.0 0.09000000357627869 0.0 0.09000000357627869 -0.27000001072883606 0.09000000357627869 0.09000000357627869 0.09000000357627869 -0.27000001072883606 0.09000000357627869 0.09000000357627869 0.09000000357627869 0.0 -0.5099999904632568 -0.4699999988079071 0.3100000023841858 -0.019999999552965164 0.09000000357627869 0.09000000357627869 0.5099999904632568 -0.5099999904632568 -0.4699999988079071 0.3100000023841858 0.0 0.09000000357627869 0.05000000074505806 0.09000000357627869 0.09000000357627869 -0.6600000262260437 0.4300000071525574 0.0 -0.5099999904632568 0.0 0.3100000023841858 0.0 0.09000000357627869 0.0 0.09000000357627869 0.09000000357627869 -0.18000000715255737 0.09000000357627869 0.09000000357627869 0.20000000298023224 0.09000000357627869 0.09000000357627869 -0.699999988079071 0.4399999976158142 0.46000000834465027 0.5099999904632568 -0.5099999904632568 -0.4699999988079071 0.3100000023841858 -0.019999999552965164 0.09000000357627869 0.09000000357627869 0.5099999904632568 -0.5099999904632568 0.09000000357627869
130 -0.18000000715255737 0.0 0.09000000357627869 0.0 0.09000000357627869 -0.27000001072883606 0.09000000357627869 0.0 -0.27000001072883606 0.09000000357627869 0.0 0.09000000357627869 0.0 0.0 0.09000000357627869 0.0 0.0 0.0 0.0 0.0 0.0 0.0 0.0 0.0 0.0 0.0 0.0 0.09000000357627869 0.0 0.09000000357627869 0.0 0.550000011920929 -0.550000011920929 -0.6200000047683716 0.3199999928474426 0.0 0.0 0.5099999904632568 -0.5099999904632568 0.0 0.09000000357627869 0.09000000357627869 0.0 0.0 0.3100000023841858 0.0 0.0 0.0 0.09000000357627869 0.0 0.0 0.0 0.0 -0.18000000715255737 0.09000000357627869 0.09000000357627869 0.0 0.0 0.0 0.0 0.0 0.09000000357627869 0.0 0.0 0.09000000357627869 0.0 0.0 -0.5099999904632568 0.0 0.0 0.0 0.09000000357627869 0.5099999904632568 0.0 -0.28999999165534973 0.0 0.09000000357627869 0.09000000357627869 0.0 0.09000000357627869 -0.18000000715255737 0.09000000357627869 0.09000000357627869 -0.18000000715255737 0.09000000357627869 0.09000000357627869 0.0 -0.5099999904632568 0.0 0.3100000023841858 0.0 0.0 -0.2800000011920929 0.09000000357627869 0.09000000357627869 0.6200000047683716 -0.7599999904632568 -0.7599999904632568 0.5099999904632568 -0.5099999904632568 0.0 0.0 0.0 0.0 0.0 0.3100000023841858 0.0 0.0 0.0 0.0 0.0 0.0 0.0 0.09000000357627869 0.0 0.0 0.05000000074505806 -0.30000001192092896 0.33000001311302185 0.0 0.33000001311302185 0.0 0.07000000029802322 0.09000000357627869 0.0 0.09000000357627869 0.09000000357627869 -0.699999988079071 0.4399999976158142 -0.800000011920929 0.46000000834465027 0.0 -0.5099999904632568 0.0 0.0 0.09000000357627869 0.0 0.0 0.09000000357627869 0.0 0.0 0.0 0.0 0.0 0.0 0.0 0.0 0.0 0.0 0.0 0.0 0.0 0.0 0.0 0.0 0.0 -0.18000000715255737 0.09000000357627869 0.09000000357627869 0.550000011920929 0.0 -0.6200000047683716 0.30000001192092896 0.0 0.0 -0.4699999988079071 0.0 0.0 0.09000000357627869 0.0 0.09000000357627869 0.09000000357627869 -0.2800000011920929 0.09000000357627869 0.09000000357627869 0.6200000047683716 -0.7599999904632568 -0.7599999904632568 0.0 0.0 0.0 0.0 0.0 0.09000000357627869 0.0 0.0 0.0 -0.23000000417232513 0.0 0.0 0.0 0.0 0.0 0.0 0.09000000357627869 0.0 0.0 0.09000000357627869 0.0 0.0 0.0 0.0 0.0 0.0 0.0 0.0 0.0 0.0 0.0 -0.5099999904632568 0.0 0.0 0.0 0.0 -0.18000000715255737 0.09000000357627869 0.09000000357627869 0.550000011920929 -0.550000011920929 -0.6200000047683716 0.3199999928474426 0.30000001192092896 0.0 -0.5099999904632568 0.0 0.0 0.09000000357627869 0.0 0.0 0.0 -0.18000000715255737 0.09000000357627869 0.09000000357627869 0.0 0.09000000357627869 0.09000000357627869 0.0 -0.5099999904632568 0.0 0.0 0.0 0.09000000357627869 0.0 0.09000000357627869 -0.18000000715255737 0.09000000357627869 0.09000000357627869 -0.18000000715255737 0.09000000357627869 0.0 0.0 -0.5099999904632568 -0.4699999988079071 0.3100000023841858 0.0 0.09000000357627869 -0.18000000715255737 0.09000000357627869 0.09000000357627869 -0.14000000059604645 0.09000000357627869 0.09000000357627869 -0.09000000357627869 -0.2199999988079071 0.09000000357627869 0.5099999904632568 -0.5099999904632568 0.0 0.0 0.09000000357627869 0.09000000357627869 0.0 0.09000000357627869 -0.18000000715255737 0.09000000357627869 0.09000000357627869 -0.18000000715255737 0.09000000357627869 0.09000000357627869 0.5099999904632568 -0.5099999904632568 0.3100000023841858 0.0 0.09000000357627869 -0.27000001072883606 0.09000000357627869 0.09000000357627869 0.09000000357627869 -0.27000001072883606 0.09000000357627869 0.09000000357627869
131 0.0 0.0 0.0 0.09000000357627869 -0.18000000715255737 0.0 0.09000000357627869 0.0 0.09000000357627869 -0.27000001072883606 0.09000000357627869 0.09000000357627869 0.0 -0.27000001072883606 0.09000000357627869 0.0 0.09000000357627869 0.0 0.0 0.0 0.0 0.0 0.0 0.0 0.0 0.0 0.0 0.0 0.0 0.0 0.0 0.0 0.0 0.0 0.0 0.0 0.0 0.0 0.0 0.0 0.0 0.0 0.3100000023841858 0.0 0.0 0.0 0.0 0.09000000357627869 0.0 0.09000000357627869 0.0 0.550000011920929 -0.550000011920929 -0.6200000047683716 0.3199999928474426 0.0 0.0 -0.5099999904632568 0.0 0.0 0.0 0.0 0.4300000071525574 0.5099999904632568 -0.5099999904632568 0.0 0.6200000047683716 0.0 0.5099999904632568 -0.5099999904632568 0.0 0.3100000023841858 0.0 0.09000000357627869 0.0 0.09000000357627869 0.0 -0.6600000262260437 0.4300000071525574 0.5099999904632568 -0.5099999904632568 0.0 0.0 0.0 0.09000000357627869 0.0 0.0 0.0 0.0 0.09000000357627869 -0.27000001072883606 0.09000000357627869 0.09000000357627869 0.09000000357627869 -0.27000001072883606 0.09000000357627869 0.0 0.09000000357627869 0.0 0.0 0.0 0.3100000023841858 0.0 0.0 0.0 0.09000000357627869 0.0 0.0 0.0 0.0 -0.18000000715255737 0.09000000357627869 0.09000000357627869 0.0 0.0 0.0 0.0 0.0 0.0 0.0 0.0 0.0 0.0 0.0 0.0 0.0 0.0 0.0 0.0 0.0 0.09000000357627869 0.0 0.0 0.0 0.0 0.0 0.0 0.09000000357627869 0.0 0.09000000357627869 0.0 0.0 0.09000000357627869 0.0 0.0 0.0 0.0 0.0 -0.5099999904632568 0.0 0.0 0.0 0.0 -0.18000000715255737 0.09000000357627869 0.09000000357627869 0.0 -0.11999999731779099 0.11999999731779099 -0.11999999731779099 0.11999999731779099 -0.11999999731779099 -0.11999999731779099 0.11999999731779099 0.5099999904632568 0.0 -0.28999999165534973 0.0 0.09000000357627869 0.09000000357627869 0.0 0.09000000357627869 -0.18000000715255737 0.09000000357627869 0.09000000357627869 -0.18000000715255737 0.09000000357627869 0.09000000357627869 0.0 -0.5099999904632568 0.0 0.3100000023841858 0.0 0.0 -0.2800000011920929 0.09000000357627869 0.09000000357627869 0.6200000047683716 -0.7599999904632568 -0.7599999904632568 0.5099999904632568 -0.5099999904632568 0.0 0.0 0.0 0.09000000357627869 -0.2800000011920929 0.09000000357627869 0.0 0.0 0.0 0.3100000023841858 0.0 0.0 0.0 0.0 0.0 -0.30000001192092896 0.33000001311302185 0.0 0.09000000357627869 0.0 0.0 0.0 0.0 0.0 0.0 0.0 0.0 0.0 0.09000000357627869 0.0 0.0 -0.4699999988079071 0.0 0.0 0.09000000357627869 0.0 0.09000000357627869 0.09000000357627869 -0.2800000011920929 0.09000000357627869 0.09000000357627869 0.6200000047683716 -0.7599999904632568 -0.7599999904632568 0.0 0.0 0.0 0.0 0.0 0.09000000357627869 0.0 0.0 0.0 -0.23000000417232513 0.0 0.0 0.0 0.0 0.0 0.0 0.09000000357627869 0.0 0.0 0.09000000357627869 0.0 0.0 0.0 0.0 0.0 0.0 0.0 0.0 0.0 0.0 0.0 -0.5099999904632568 0.0 0.0 0.0 0.0 -0.18000000715255737 0.09000000357627869 0.09000000357627869 0.550000011920929 -0.550000011920929 -0.6200000047683716 0.3199999928474426 0.30000001192092896 0.0 -0.5099999904632568 0.0 0.0 0.0 0.09000000357627869 0.0 0.09000000357627869 0.09000000357627869 0.550000011920929 -0.550000011920929 -0.6200000047683716 0.3199999928474426 0.30000001192092896 0.0 -0.5099999904632568 0.0 0.0 0.0 0.09000000357627869 0.0 0.09000000357627869 -0.18000000715255737 0.09000000357627869 0.09000000357627869 -0.18000000715255737 0.09000000357627869 0.0 0.0 -0.5099999904632568 -0.4699999988079071 0.3100000023841858 0.0 0.09000000357627869 -0.18000000715255737 0.09000000357627869 0.09000000357627869 -0.14000000059604645 0.09000000357627869 0.09000000357627869 -0.09000000357627869 -0.2199999988079071 0.09000000357627869 0.09000000357627869 0.09000000357627869 0.5099999904632568 -0.5099999904632568 0.0 0.0 0.09000000357627869 0.09000000357627869 0.0 0.09000000357627869 -0.18000000715255737 0.09000000357627869 0.09000000357627869 -0.18000000715255737 0.09000000357627869 0.09000000357627869 0.5099999904632568 -0.5099999904632568 -0.4699999988079071 0.3100000023841858 -0.019999999552965164 0.09000000357627869 0.09000000357627869 0.5099999904632568 -0.5099999904632568 0.0 0.0 0.0 0.09000000357627869 0.05000000074505806 0.09000000357627869 0.09000000357627869 -0.6600000262260437 0.4300000071525574 0.5099999904632568 -0.5099999904632568 0.0 0.0 0.07000000029802322 0.09000000357627869 -0.18000000715255737 0.09000000357627869 0.09000000357627869 0.0 0.09000000357627869 -0.27000001072883606 0.09000000357627869 0.09000000357627869 0.09000000357627869 -0.27000001072883606 0.09000000357627869 0.09000000357627869 0.09000000357627869 0.5099999904632568 -0.5099999904632568 0.3100000023841858
132 0.09000000357627869 -0.6600000262260437 0.4300000071525574 -0.5099999904632568 0.0 -0.5099999904632568 0.0 0.0 0.0 0.0 -0.5099999904632568 0.0 0.0 0.0 0.09000000357627869 -0.18000000715255737 0.0 0.09000000357627869 0.0 0.09000000357627869 -0.27000001072883606 0.09000000357627869 0.09000000357627869 0.0 -0.27000001072883606 0.09000000357627869 0.0 0.09000000357627869 0.0 -0.5099999904632568 0.0 0.0 0.0 0.0 0.0 0.0 0.0 0.09000000357627869 0.0 0.0 0.0 0.0 0.0 0.0 0.0 0.0 0.0 0.0 0.0 0.0 0.0 0.0 0.0 0.0 0.0 0.0 0.0 0.0 0.0 0.0 0.0 0.09000000357627869 0.0 0.0 0.0 0.3100000023841858 0.0 0.0 0.0 0.0 0.09000000357627869 0.0 0.09000000357627869 0.0 0.550000011920929 -0.550000011920929 -0.6200000047683716 0.3199999928474426 0.0 0.0 -0.5099999904632568 0.0 0.0 0.0 0.09000000357627869 0.0 0.0 0.5099999904632568 -0.5099999904632568 -0.4699999988079071 0.0 0.09000000357627869 0.5099999904632568 -0.5099999904632568 -0.4699999988079071 0.0 0.09000000357627869 0.0 0.5099999904632568 -0.5099999904632568 0.0 0.3100000023841858 0.0 0.09000000357627869 0.0 0.09000000357627869 0.0 -0.6600000262260437 0.4300000071525574 0.5099999904632568 -0.5099999904632568 0.0 0.0 0.0 0.09000000357627869 0.0 0.0 0.0 0.0 0.09000000357627869 -0.27000001072883606 0.09000000357627869 0.0 0.09000000357627869 0.0 0.0 0.0 0.3100000023841858 0.0 0.0 0.0 0.09000000357627869 0.0 0.0 0.0 0.0 -0.18000000715255737 0.09000000357627869 0.09000000357627869 0.0 0.0 0.0 0.0 0.0 0.0 0.0 0.0 0.0 0.0 0.0 0.0 0.0 0.0 0.0 0.09000000357627869 0.0 -0.5099999904632568 0.0 0.0 0.5099999904632568 0.0 -0.28999999165534973 0.0 0.09000000357627869 0.09000000357627869 0.0 0.09000000357627869 -0.18000000715255737 0.09000000357627869 0.09000000357627869 -0.18000000715255737 0.09000000357627869 0.09000000357627869 0.3100000023841858 0.0 0.09000000357627869 0.0 0.09000000357627869 0.0 0.0 0.0 0.0 0.0 0.0 0.0 0.0 0.0 0.0 0.0 -0.4699999988079071 0.0 0.0 0.09000000357627869 0.0 0.09000000357627869 0.09000000357627869 -0.2800000011920929 0.09000000357627869 0.09000000357627869 0.6200000047683716 -0.7599999904632568 -0.7599999904632568 0.0 0.0 0.0 0.0 0.0 0.09000000357627869 0.0 0.0 0.0 -0.23000000417232513 0.0 0.0 0.0 0.0 0.0 0.0 0.09000000357627869 0.0 0.0 0.09000000357627869 0.0 0.0 0.0 0.0 0.0 0.0 0.0 -0.5099999904632568 0.0 0.0 0.0 0.0 -0.18000000715255737 0.09000000357627869 0.09000000357627869 0.0 -0.5099999904632568 0.0 0.0 0.0 0.09000000357627869 0.0 0.09000000357627869 0.09000000357627869 0.550000011920929 -0.550000011920929 -0.6200000047683716 0.3199999928474426 0.30000001192092896 0.0 -0.5099999904632568 0.0 0.0 0.09000000357627869 0.0 0.0 0.0 -0.18000000715255737 0.09000000357627869 0.09000000357627869 0.0 0.09000000357627869 0.09000000357627869 0.0 -0.5099999904632568 -0.4699999988079071 0.3100000023841858 0.0 0.09000000357627869 -0.18000000715255737 0.09000000357627869 0.09000000357627869 -0.14000000059604645 0.09000000357627869 0.09000000357627869 -0.09000000357627869 -0.2199999988079071 0.09000000357627869 0.09000000357627869 0.09000000357627869 0.5099999904632568 -0.5099999904632568 0.0 0.0 0.09000000357627869 0.09000000357627869 0.0 0.09000000357627869 -0.18000000715255737 0.09000000357627869 0.09000000357627869 -0.18000000715255737 0.09000000357627869 0.09000000357627869 0.5099999904632568 -0.5099999904632568 -0.4699999988079071 0.3100000023841858 -0.019999999552965164 0.09000000357627869 0.09000000357627869 0.5099999904632568 -0.5099999904632568 0.0 0.0 0.0 0.05000000074505806 0.09000000357627869 0.09000000357627869 0.5099999904632568 0.0 0.0 0.09000000357627869 0.0 0.09000000357627869 -0.27000001072883606 0.09000000357627869 0.09000000357627869 0.09000000357627869
133 0.0 0.09000000357627869 0.09000000357627869 -0.27000001072883606 0.09000000357627869 0.0 0.09000000357627869 0.0 0.0 0.0 0.0 0.09000000357627869 0.0 0.09000000357627869 0.0 0.550000011920929 -0.550000011920929 -0.6200000047683716 0.3199999928474426 0.0 0.5099999904632568 -0.5099999904632568 0.09000000357627869 0.5099999904632568 -0.5099999904632568 -0.4699999988079071 0.0 0.09000000357627869 0.09000000357627869 0.0 0.5099999904632568 -0.5099999904632568 0.0 0.3100000023841858 0.0 0.09000000357627869 0.0 0.09000000357627869 0.0 -0.6600000262260437 0.4300000071525574 0.5099999904632568 -0.5099999904632568 0.0 0.0 0.0 0.09000000357627869 0.0 0.0 0.09000000357627869 -0.27000001072883606 0.09000000357627869 0.09000000357627869 0.0 0.0 0.0 0.3100000023841858 -0.18000000715255737 0.09000000357627869 0.09000000357627869 0.0 0.0 0.0 0.0 0.0 0.09000000357627869 0.09000000357627869 0.09000000357627869 -0.18000000715255737 0.09000000357627869 0.09000000357627869 -0.18000000715255737 0.09000000357627869 0.09000000357627869 -0.2800000011920929 0.09000000357627869 0.09000000357627869 -0.7599999904632568 0.0 0.0 0.0 0.0 0.09000000357627869 0.0 0.0 0.0 0.0 0.0 0.0 -0.5099999904632568 0.0 0.0 0.0 0.09000000357627869 0.0 0.09000000357627869 0.09000000357627869 0.550000011920929 -0.550000011920929 -0.6200000047683716 0.3199999928474426 0.30000001192092896 0.0 -0.5099999904632568 0.0 0.0 0.09000000357627869 0.0 0.0 0.0 -0.18000000715255737 0.09000000357627869 0.09000000357627869 0.0 0.09000000357627869 0.09000000357627869 0.0 -0.5099999904632568 0.0 0.0 0.0 0.09000000357627869 0.0 0.09000000357627869 -0.18000000715255737 0.09000000357627869 0.09000000357627869 -0.18000000715255737 0.09000000357627869 0.0 0.0 -0.5099999904632568 0.0 0.0 0.09000000357627869 0.09000000357627869 0.0 0.09000000357627869 -0.18000000715255737 0.09000000357627869 0.09000000357627869 -0.18000000715255737 0.09000000357627869 0.09000000357627869 0.5099999904632568 -0.5099999904632568 -0.4699999988079071 0.3100000023841858 -0.019999999552965164 0.09000000357627869 0.09000000357627869 0.5099999904632568 -0.5099999904632568 0.0 0.0 0.0 0.09000000357627869 0.05000000074505806 0.09000000357627869 0.09000000357627869 -0.6600000262260437 0.4300000071525574 0.5099999904632568 -0.5099999904632568 0.0 0.0 0.07000000029802322 0.09000000357627869 -0.18000000715255737 0.09000000357627869 0.09000000357627869 0.0 0.09000000357627869 -0.27000001072883606 0.09000000357627869 0.09000000357627869 0.09000000357627869 -0.27000001072883606 0.09000000357627869 0.09000000357627869 0.09000000357627869 0.5099999904632568 -0.5099999904632568
134 -0.27000001072883606 0.09000000357627869 0.0 0.09000000357627869 0.0 0.0 0.0 0.0 0.09000000357627869 0.0 0.09000000357627869 0.0 0.550000011920929 -0.550000011920929 -0.6200000047683716 0.3199999928474426 0.0 0.0 0.0 0.0 0.0 0.5099999904632568 -0.5099999904632568 0.0 0.09000000357627869 0.5099999904632568 -0.5099999904632568 -0.4699999988079071 0.3100000023841858 0.0 0.09000000357627869 -0.2800000011920929 0.09000000357627869 0.09000000357627869 0.6200000047683716 0.0 -0.7599999904632568 0.5099999904632568 -0.5099999904632568 0.0 0.3100000023841858 0.0 0.09000000357627869 0.0 0.09000000357627869 0.0 -0.6600000262260437 0.4300000071525574 0.5099999904632568 -0.5099999904632568 0.0 0.0 0.0 0.09000000357627869 0.0 0.0 0.0 0.0 0.09000000357627869 -0.27000001072883606 0.09000000357627869 0.09000000357627869 0.09000000357627869 -0.27000001072883606 0.09000000357627869 0.0 0.09000000357627869 0.0 0.0 0.0 0.3100000023841858 0.0 0.0 0.0 0.09000000357627869 0.0 0.0 0.0 -0.18000000715255737 0.09000000357627869 0.09000000357627869 0.0 0.0 0.0 0.0 0.0 0.0 0.0 0.0 0.0 -0.5099999904632568 0.0 0.0 0.0 0.0 -0.18000000715255737 0.09000000357627869 0.09000000357627869 0.0 -0.11999999731779099 0.11999999731779099 -0.11999999731779099 0.11999999731779099 -0.11999999731779099 0.5099999904632568 0.0 -0.28999999165534973 0.0 0.09000000357627869 0.09000000357627869 0.0 0.09000000357627869 -0.18000000715255737 0.09000000357627869 0.09000000357627869 -0.18000000715255737 0.09000000357627869 0.09000000357627869 0.0 -0.5099999904632568 0.0 0.3100000023841858 0.0 0.0 -0.2800000011920929 0.09000000357627869 0.6200000047683716 -0.7599999904632568 0.0 0.09000000357627869 0.0 0.0 0.0 0.09000000357627869 0.0 0.0 0.0 0.0 0.09000000357627869 0.0 -0.5099999904632568 0.0 0.0 0.0 0.0 -0.18000000715255737 0.09000000357627869 0.09000000357627869 0.0 -0.5099999904632568 0.0 0.0 0.0 0.09000000357627869 0.0 0.09000000357627869 0.09000000357627869 0.550000011920929 -0.550000011920929 -0.6200000047683716 0.3199999928474426 0.30000001192092896 0.0 -0.5099999904632568 0.0 0.0 0.09000000357627869 0.0 0.0 0.0 -0.18000000715255737 0.09000000357627869 0.09000000357627869 0.0 0.09000000357627869 0.09000000357627869 0.0 -0.5099999904632568 0.0 0.0 0.0 0.09000000357627869 0.0 0.09000000357627869 -0.18000000715255737 0.09000000357627869 0.09000000357627869 -0.18000000715255737 0.09000000357627869 0.0 0.0 -0.5099999904632568 -0.4699999988079071 0.3100000023841858 0.0 0.09000000357627869 -0.18000000715255737 0.09000000357627869 0.09000000357627869 -0.14000000059604645 0.09000000357627869 0.09000000357627869 -0.09000000357627869 -0.2199999988079071 0.09000000357627869 0.09000000357627869 0.09000000357627869 0.5099999904632568 -0.5099999904632568 -0.4699999988079071 0.3100000023841858 -0.019999999552965164 0.09000000357627869 0.09000000357627869 0.5099999904632568 -0.5099999904632568 0.0 0.0 0.0 0.09000000357627869 0.05000000074505806 0.09000000357627869 0.09000000357627869 -0.6600000262260437 0.4300000071525574 0.5099999904632568 -0.5099999904632568 0.0 0.0 0.07000000029802322 0.09000000357627869 -0.18000000715255737 0.09000000357627869 0.09000000357627869 0.0 0.09000000357627869 -0.27000001072883606 0.09000000357627869 0.09000000357627869 0.09000000357627869 -0.27000001072883606 0.09000000357627869 0.09000000357627869 0.09000000357627869 0.5099999904632568 -0.5099999904632568 -0.4699999988079071 0.3100000023841858 -0.019999999552965164 0.09000000357627869 0.09000000357627869 0.5099999904632568 -0.5099999904632568 -0.4699999988079071 0.3100000023841858 0.0 0.09000000357627869 -0.27000001072883606 0.09000000357627869 0.09000000357627869
135 0.0 0.09000000357627869 0.0 0.550000011920929 -0.550000011920929 -0.6200000047683716 0.3199999928474426 0.0 -0.5099999904632568 0.09000000357627869 0.5099999904632568 -0.5099999904632568 -0.4699999988079071 0.3100000023841858 0.0 0.09000000357627869 -0.2800000011920929 0.09000000357627869 0.0 0.5099999904632568 -0.5099999904632568 0.0 0.3100000023841858 0.0 0.09000000357627869 0.0 0.09000000357627869 0.0 -0.6600000262260437 0.4300000071525574 0.5099999904632568 -0.5099999904632568 0.0 0.0 0.0 0.09000000357627869 0.0 0.0 0.09000000357627869 -0.27000001072883606 0.09000000357627869 0.0 0.09000000357627869 0.0 0.09000000357627869 0.0 0.0 0.0 0.09000000357627869 0.09000000357627869 -0.18000000715255737 0.09000000357627869 -0.18000000715255737 0.09000000357627869 0.09000000357627869 0.0 0.0 0.0 0.09000000357627869 0.0 0.0 0.0 -0.18000000715255737 0.09000000357627869 0.09000000357627869 0.0 0.09000000357627869 0.09000000357627869 0.0 -0.5099999904632568 0.0 0.0 0.0 0.09000000357627869 0.0 0.09000000357627869 -0.18000000715255737 0.09000000357627869 0.09000000357627869 -0.18000000715255737 0.09000000357627869 0.0 0.0 -0.5099999904632568 -0.4699999988079071 0.3100000023841858 0.0 0.09000000357627869 -0.18000000715255737 0.09000000357627869 0.09000000357627869 -0.14000000059604645 0.09000000357627869 0.09000000357627869 -0.09000000357627869 -0.2199999988079071 0.09000000357627869 0.09000000357627869 0.09000000357627869 0.5099999904632568 -0.5099999904632568 0.0 0.0 0.09000000357627869 0.09000000357627869 0.0 0.09000000357627869 -0.18000000715255737 0.09000000357627869 0.09000000357627869 -0.18000000715255737 0.09000000357627869 0.09000000357627869 0.5099999904632568 -0.5099999904632568 0.0 0.0 0.0 0.09000000357627869 0.05000000074505806 0.09000000357627869 0.09000000357627869 -0.6600000262260437 0.4300000071525574 0.5099999904632568 -0.5099999904632568 0.0 0.0 0.07000000029802322 0.09000000357627869 -0.18000000715255737 0.09000000357627869 0.09000000357627869 0.0 0.09000000357627869 -0.27000001072883606 0.09000000357627869 0.09000000357627869 0.09000000357627869 -0.27000001072883606 0.09000000357627869 0.09000000357627869 0.09000000357627869 0.5099999904632568 -0.5099999904632568 -0.4699999988079071 0.3100000023841858 -0.019999999552965164 0.09000000357627869 0.09000000357627869 0.5099999904632568 -0.5099999904632568 -0.4699999988079071 0.3100000023841858 0.0 0.09000000357627869 -0.27000001072883606 0.09000000357627869 0.09000000357627869 0.09000000357627869 0.5099999904632568 -0.5099999904632568 0.3100000023841858
136 0.0 0.09000000357627869 0.0 0.550000011920929 -0.550000011920929 -0.6200000047683716 0.3199999928474426 0.0 0.0 0.0 0.09000000357627869 0.0 0.4300000071525574 0.5099999904632568 -0.5099999904632568 -0.4699999988079071 0.3100000023841858 0.0 0.09000000357627869 -0.2800000011920929 0.09000000357627869 0.6200000047683716 -0.7599999904632568 0.5099999904632568 -0.5099999904632568 -0.4699999988079071 0.3100000023841858 0.0 0.09000000357627869 -0.2800000011920929 0.09000000357627869 0.09000000357627869 0.6200000047683716 0.0 -0.7599999904632568 0.5099999904632568 -0.5099999904632568 0.0 0.3100000023841858 0.0 0.09000000357627869 0.0 0.09000000357627869 0.0 -0.6600000262260437 0.4300000071525574 0.5099999904632568 -0.5099999904632568 0.0 0.0 0.0 0.09000000357627869 0.0 0.0 0.0 0.0 0.09000000357627869 -0.27000001072883606 0.09000000357627869 0.09000000357627869 0.09000000357627869 -0.27000001072883606 0.09000000357627869 0.0 0.09000000357627869 0.0 0.0 0.0 0.3100000023841858 0.0 -0.18000000715255737 0.09000000357627869 0.0 0.0 0.0 0.4399999976158142 0.0 0.09000000357627869 0.0 0.0 0.09000000357627869 -0.5099999904632568 0.0 0.0 -0.18000000715255737 0.09000000357627869 0.0 -0.11999999731779099 0.11999999731779099 -0.11999999731779099 0.11999999731779099 -0.11999999731779099 0.11999999731779099 -0.11999999731779099 -0.11999999731779099 0.5099999904632568 -0.28999999165534973 0.0 0.09000000357627869 0.09000000357627869 0.0 -0.18000000715255737 0.09000000357627869 0.09000000357627869 -0.18000000715255737 0.09000000357627869 0.09000000357627869 0.0 0.0 0.09000000357627869 0.0 0.0 0.0 -0.18000000715255737 0.09000000357627869 0.09000000357627869 0.0 0.09000000357627869 0.09000000357627869 0.0 -0.5099999904632568 0.0 0.0 0.0 0.0 0.09000000357627869 0.0 0.0 -0.5099999904632568 -0.4699999988079071 0.3100000023841858 0.0 0.09000000357627869 -0.18000000715255737 0.09000000357627869 0.09000000357627869 -0.14000000059604645 0.09000000357627869 0.09000000357627869 -0.09000000357627869 -0.2199999988079071 0.09000000357627869 0.09000000357627869 0.5099999904632568 -0.5099999904632568 0.0 0.0 0.09000000357627869 0.09000000357627869 0.0 0.09000000357627869 -0.18000000715255737 0.09000000357627869 0.09000000357627869 -0.18000000715255737 0.09000000357627869 0.09000000357627869 0.5099999904632568 -0.5099999904632568 -0.4699999988079071 0.3100000023841858 -0.019999999552965164 0.09000000357627869 0.09000000357627869 0.5099999904632568 -0.5099999904632568 0.0 0.0 0.07000000029802322 0.09000000357627869 -0.18000000715255737 0.09000000357627869 0.09000000357627869 0.0 0.09000000357627869 -0.27000001072883606 0.09000000357627869 0.09000000357627869 0.09000000357627869 -0.27000001072883606 0.09000000357627869 0.09000000357627869 0.09000000357627869 0.5099999904632568 -0.5099999904632568 -0.4699999988079071 0.3100000023841858 -0.019999999552965164 0.09000000357627869 0.09000000357627869 0.5099999904632568 -0.5099999904632568 -0.4699999988079071 0.3100000023841858 0.0 0.09000000357627869 -0.27000001072883606 0.09000000357627869 0.09000000357627869 0.09000000357627869 0.5099999904632568 -0.5099999904632568 -0.4699999988079071 0.3100000023841858 0.0 0.09000000357627869 0.05000000074505806 0.09000000357627869 0.09000000357627869
137 -0.6200000047683716 0.3199999928474426 0.0 0.0 0.09000000357627869 -0.2800000011920929 0.09000000357627869 0.5099999904632568 -0.5099999904632568 0.0 0.3100000023841858 0.0 0.09000000357627869 0.0 0.09000000357627869 0.0 -0.6600000262260437 0.4300000071525574 0.5099999904632568 -0.5099999904632568 0.0 0.0 0.0 0.09000000357627869 0.0 0.0 0.0 0.0 0.09000000357627869 -0.27000001072883606 0.09000000357627869 0.09000000357627869 0.09000000357627869 -0.27000001072883606 0.09000000357627869 0.0 0.09000000357627869 0.0 0.0 0.3100000023841858 0.0 0.09000000357627869 -0.18000000715255737 0.09000000357627869 0.09000000357627869 0.0 0.0 0.0 0.09000000357627869 0.0 -0.5099999904632568 0.0 0.0 0.0 0.0 -0.18000000715255737 0.09000000357627869 0.09000000357627869 0.0 -0.11999999731779099 0.11999999731779099 -0.11999999731779099 0.11999999731779099 -0.11999999731779099 0.11999999731779099 -0.11999999731779099 0.11999999731779099 -0.11999999731779099 0.11999999731779099 0.5099999904632568 0.0 -0.28999999165534973 0.0 0.09000000357627869 0.09000000357627869 0.0 0.09000000357627869 -0.18000000715255737 0.09000000357627869 0.09000000357627869 -0.18000000715255737 0.09000000357627869 0.09000000357627869 0.0 -0.5099999904632568 0.0 0.3100000023841858 0.0 0.0 -0.2800000011920929 0.09000000357627869 0.09000000357627869 0.6200000047683716 -0.7599999904632568 -0.7599999904632568 0.5099999904632568 -0.5099999904632568 0.0 0.0 0.0 0.09000000357627869 -0.2800000011920929 0.09000000357627869 0.0 0.0 0.0 -0.5099999904632568 0.0 0.0 0.0 -0.18000000715255737 0.09000000357627869 0.0 -0.5099999904632568 0.0 0.0 0.0 0.09000000357627869 0.0 0.09000000357627869 0.09000000357627869 0.550000011920929 -0.550000011920929 0.0 -0.5099999904632568 0.0 0.0 0.09000000357627869 0.0 0.0 0.0 -0.18000000715255737 0.09000000357627869 0.09000000357627869 0.0 0.09000000357627869 0.09000000357627869 0.0 -0.5099999904632568 0.0 0.0 0.0 0.0 0.09000000357627869 0.0 -0.5099999904632568 -0.4699999988079071 0.3100000023841858 0.0 0.09000000357627869 -0.18000000715255737 0.09000000357627869 0.09000000357627869 -0.14000000059604645 0.09000000357627869 0.09000000357627869 0.09000000357627869 0.09000000357627869 0.5099999904632568 -0.5099999904632568 0.0 0.0 0.09000000357627869 0.09000000357627869 0.0 0.09000000357627869 -0.18000000715255737 0.09000000357627869 0.09000000357627869 -0.18000000715255737 0.09000000357627869 0.09000000357627869 0.5099999904632568 -0.5099999904632568 -0.4699999988079071 0.3100000023841858 -0.019999999552965164 0.09000000357627869 0.09000000357627869 0.5099999904632568 -0.5099999904632568 0.0 0.0 0.0 0.09000000357627869 0.05000000074505806 0.09000000357627869 0.09000000357627869 -0.6600000262260437 0.4300000071525574 0.5099999904632568 -0.5099999904632568 -0.4699999988079071 0.3100000023841858 -0.019999999552965164 0.09000000357627869 0.09000000357627869 0.5099999904632568 -0.5099999904632568 -0.4699999988079071 0.3100000023841858 0.0 0.09000000357627869 -0.27000001072883606 0.09000000357627869 0.09000000357627869 0.09000000357627869 0.5099999904632568 -0.5099999904632568 -0.4699999988079071 0.3100000023841858 0.0 0.09000000357627869 0.05000000074505806 0.09000000357627869 0.09000000357627869 -0.6600000262260437 0.4300000071525574 0.5099999904632568 -0.5099999904632568 -0.4699999988079071 0.3100000023841858 -0.019999999552965164 0.09000000357627869
138 -0.5099999904632568 0.09000000357627869 0.0 0.09000000357627869 -0.27000001072883606 0.09000000357627869 -0.27000001072883606 0.09000000357627869 0.0 0.09000000357627869 0.09000000357627869 0.0 -0.11999999731779099 0.11999999731779099 -0.11999999731779099 0.11999999731779099 -0.11999999731779099 0.11999999731779099 0.0 0.09000000357627869 0.09000000357627869 0.09000000357627869 -0.18000000715255737 0.09000000357627869 0.09000000357627869 0.09000000357627869 0.0 0.0 0.09000000357627869 0.0 0.09000000357627869 -0.18000000715255737 0.09000000357627869 0.09000000357627869 -0.18000000715255737 0.09000000357627869 0.09000000357627869 0.5099999904632568 -0.5099999904632568 -0.4699999988079071 0.3100000023841858 -0.019999999552965164 0.09000000357627869 0.09000000357627869 0.5099999904632568 -0.5099999904632568 0.0 0.0 0.0 0.09000000357627869 0.05000000074505806 0.09000000357627869 0.09000000357627869 -0.6600000262260437 0.4300000071525574 0.5099999904632568 -0.5099999904632568 0.0 0.0 0.07000000029802322 0.09000000357627869 -0.18000000715255737 0.09000000357627869 0.09000000357627869 0.0 0.09000000357627869 -0.27000001072883606 0.09000000357627869 0.09000000357627869 0.09000000357627869 -0.27000001072883606 0.09000000357627869 0.09000000357627869 0.09000000357627869 0.5099999904632568 -0.5099999904632568 -0.4699999988079071 0.3100000023841858 0.0 0.09000000357627869 -0.27000001072883606 0.09000000357627869 0.09000000357627869 0.09000000357627869 0.5099999904632568 -0.5099999904632568 -0.4699999988079071 0.3100000023841858 0.0 0.09000000357627869 0.05000000074505806 0.09000000357627869 0.09000000357627869 -0.6600000262260437 0.4300000071525574 0.5099999904632568 -0.5099999904632568 -0.4699999988079071 0.3100000023841858 -0.019999999552965164 0.09000000357627869 0.09000000357627869 0.5099999904632568 -0.5099999904632568 -0.4699999988079071 0.3100000023841858 -0.4699999988079071 0.0 0.0 0.05000000074505806 -0.6600000262260437 0.4300000071525574 0.5099999904632568 -0.5099999904632568 -0.4699999988079071 0.3100000023841858 -0.019999999552965164 0.09000000357627869 0.09000000357627869 0.5099999904632568 -0.5099999904632568
139 0.09000000357627869 0.09000000357627869 0.5099999904632568 -0.5099999904632568 -0.4699999988079071 -0.019999999552965164 0.09000000357627869 0.09000000357627869 0.5099999904632568 -0.5099999904632568 0.0 0.0 0.0 0.09000000357627869 0.05000000074505806 0.09000000357627869 0.09000000357627869 -0.6600000262260437 0.4300000071525574 0.5099999904632568 -0.5099999904632568 0.0 0.0 0.07000000029802322 0.09000000357627869 -0.18000000715255737 0.09000000357627869 0.09000000357627869 0.0 0.09000000357627869 -0.27000001072883606 0.09000000357627869 0.09000000357627869 0.09000000357627869 -0.27000001072883606 0.09000000357627869 0.09000000357627869 0.09000000357627869 0.5099999904632568 -0.5099999904632568 -0.4699999988079071 0.3100000023841858 -0.019999999552965164 0.09000000357627869 0.09000000357627869 0.5099999904632568 -0.5099999904632568 -0.4699999988079071 0.3100000023841858 0.0 0.09000000357627869 0.05000000074505806 0.09000000357627869 0.09000000357627869 -0.6600000262260437 0.4300000071525574 0.5099999904632568 -0.5099999904632568 -0.4699999988079071 0.3100000023841858 -0.019999999552965164 0.09000000357627869 0.09000000357627869 0.5099999904632568 -0.5099999904632568 -0.4699999988079071 0.3100000023841858 0.0 0.09000000357627869 0.05000000074505806 0.09000000357627869 0.09000000357627869 -0.6600000262260437 0.4300000071525574 0.5099999904632568 -0.5099999904632568 -0.4699999988079071 0.0 0.0 0.09000000357627869 0.05000000074505806 0.09000000357627869 0.09000000357627869 -0.6600000262260437 0.4300000071525574 0.5099999904632568 -0.5099999904632568 -0.4699999988079071 0.3100000023841858 -0.019999999552965164 0.09000000357627869 0.09000000357627869 0.5099999904632568 -0.5099999904632568 -0.4699999988079071 0.3100000023841858
14 0.09000000357627869 0.09000000357627869 -0.5099999904632568 0.07000000029802322 0.09000000357627869 0.5099999904632568 -0.5099999904632568 0.0 0.3100000023841858 0.0 0.09000000357627869 -0.18000000715255737 0.09000000357627869 0.09000000357627869 0.0 0.09000000357627869 -0.27000001072883606 0.09000000357627869 0.09000000357627869 0.09000000357627869 -0.27000001072883606 0.09000000357627869 0.09000000357627869 0.09000000357627869 0.5099999904632568 -0.5099999904632568 -0.4699999988079071 0.3100000023841858 0.0 0.09000000357627869 0.0 0.09000000357627869 -0.27000001072883606 0.09000000357627869 0.09000000357627869 0.09000000357627869 -0.27000001072883606 0.09000000357627869 0.09000000357627869 0.09000000357627869 0.0 -0.5099999904632568 0.0 0.0 0.09000000357627869 0.09000000357627869 0.019999999552965164 0.09000000357627869 -0.18000000715255737 0.09000000357627869 0.09000000357627869 -0.18000000715255737 0.09000000357627869 0.09000000357627869 0.0 -0.5099999904632568 -0.4699999988079071 0.3100000023841858 0.0 0.09000000357627869 0.05000000074505806 0.09000000357627869 0.09000000357627869 -0.6600000262260437 0.4300000071525574 0.0 -0.5099999904632568 0.0 0.3100000023841858 0.0 0.09000000357627869 0.0 0.09000000357627869 0.09000000357627869 -0.18000000715255737 0.09000000357627869 0.09000000357627869 0.20000000298023224 0.09000000357627869 0.09000000357627869 -0.699999988079071 0.4399999976158142 0.6399999856948853 -0.800000011920929 0.46000000834465027 0.46000000834465027 -0.800000011920929 0.46000000834465027 0.46000000834465027 0.5099999904632568 -0.5099999904632568 -0.4699999988079071 0.3100000023841858 -0.019999999552965164 0.09000000357627869 0.09000000357627869 0.5099999904632568 -0.5099999904632568 -0.4699999988079071 0.3100000023841858 0.07000000029802322 -0.4699999988079071 0.3100000023841858 0.05000000074505806 0.09000000357627869 0.09000000357627869
140 -0.5099999904632568 0.0 0.09000000357627869 0.5099999904632568 -0.5099999904632568 0.0 0.0 0.07000000029802322 0.09000000357627869 -0.18000000715255737 0.09000000357627869 0.09000000357627869 0.0 0.09000000357627869 -0.27000001072883606 0.09000000357627869 0.09000000357627869 0.09000000357627869 -0.27000001072883606 0.09000000357627869 0.09000000357627869 0.09000000357627869 0.5099999904632568 -0.5099999904632568 -0.4699999988079071 0.3100000023841858 -0.019999999552965164 0.09000000357627869 0.09000000357627869 0.5099999904632568 -0.5099999904632568 -0.4699999988079071 0.3100000023841858 0.0 0.09000000357627869 -0.27000001072883606 0.09000000357627869 0.09000000357627869 0.09000000357627869 0.5099999904632568 -0.5099999904632568 -0.4699999988079071 0.3100000023841858 -0.019999999552965164 0.09000000357627869 0.09000000357627869 0.5099999904632568 -0.5099999904632568 -0.4699999988079071 0.3100000023841858 0.0 0.09000000357627869 0.05000000074505806 0.09000000357627869 0.09000000357627869 -0.6600000262260437 0.4300000071525574 0.5099999904632568 -0.5099999904632568 -0.4699999988079071 0.0 0.0 0.09000000357627869 0.05000000074505806 0.09000000357627869 0.09000000357627869 -0.6600000262260437 0.4300000071525574 0.5099999904632568 -0.5099999904632568 -0.4699999988079071 0.3100000023841858 -0.019999999552965164 0.09000000357627869 0.09000000357627869 0.5099999904632568 -0.5099999904632568 -0.4699999988079071 0.3100000023841858 0.0 0.09000000357627869 -0.05000000074505806 0.09000000357627869 0.09000000357627869 0.1899999976158142 0.12999999523162842 0.1899999976158142 0.5099999904632568 -0.5099999904632568 -0.4699999988079071 0.3100000023841858 0.0 0.09000000357627869 0.0 0.09000000357627869 -0.2800000011920929 0.09000000357627869 0.09000000357627869 0.6200000047683716 -0.7599999904632568 -0.7599999904632568
141 0.07000000029802322 0.09000000357627869 0.5099999904632568 -0.5099999904632568 -0.4699999988079071 0.3100000023841858 -0.019999999552965164 0.09000000357627869 0.09000000357627869 0.5099999904632568 -0.5099999904632568 -0.4699999988079071 0.3100000023841858 0.0 0.09000000357627869 -0.27000001072883606 0.09000000357627869 0.09000000357627869 0.09000000357627869 0.5099999904632568 -0.5099999904632568 -0.4699999988079071 0.3100000023841858 0.0 0.09000000357627869 0.05000000074505806 0.09000000357627869 0.09000000357627869 -0.6600000262260437 0.4300000071525574 0.5099999904632568 -0.5099999904632568 -0.4699999988079071 0.3100000023841858 0.0 0.09000000357627869 0.05000000074505806 0.09000000357627869 0.09000000357627869 -0.6600000262260437 0.4300000071525574 0.5099999904632568 -0.5099999904632568 -0.4699999988079071 0.0 0.0 0.09000000357627869 0.05000000074505806 0.09000000357627869 0.09000000357627869 -0.6600000262260437 0.4300000071525574 0.5099999904632568 -0.5099999904632568 -0.4699999988079071 0.3100000023841858 -0.019999999552965164 0.09000000357627869 0.09000000357627869 0.5099999904632568 -0.5099999904632568 -0.4699999988079071 0.3100000023841858 0.0 0.09000000357627869 -0.05000000074505806 0.09000000357627869 0.09000000357627869
142 0.5099999904632568 -0.5099999904632568 -0.4699999988079071 0.3100000023841858 0.0 0.09000000357627869 -0.27000001072883606 0.09000000357627869 0.09000000357627869 0.09000000357627869 0.5099999904632568 -0.5099999904632568 -0.4699999988079071 0.3100000023841858 0.0 0.09000000357627869 0.05000000074505806 0.09000000357627869 0.09000000357627869 -0.6600000262260437 0.4300000071525574 0.5099999904632568 -0.5099999904632568 -0.4699999988079071 0.3100000023841858 -0.019999999552965164 0.09000000357627869 0.09000000357627869 0.5099999904632568 -0.5099999904632568 -0.4699999988079071 0.0 0.0 0.09000000357627869 0.05000000074505806 0.09000000357627869 0.09000000357627869 -0.6600000262260437 0.4300000071525574 0.5099999904632568 -0.5099999904632568 -0.4699999988079071 0.3100000023841858 -0.019999999552965164 0.09000000357627869 0.09000000357627869 0.5099999904632568 -0.5099999904632568 -0.4699999988079071 0.3100000023841858 0.0 0.09000000357627869 -0.05000000074505806 0.09000000357627869 0.09000000357627869 0.1899999976158142 0.12999999523162842 0.1899999976158142 -0.5099999904632568 -0.5099999904632568 0.4399999976158142 0.3199999928474426 0.5099999904632568 -0.5099999904632568 -0.4699999988079071 0.3100000023841858 0.09000000357627869 0.09000000357627869
143 -0.019999999552965164 0.09000000357627869 0.09000000357627869 0.5099999904632568 -0.5099999904632568 -0.4699999988079071 0.3100000023841858 0.0 0.09000000357627869 -0.27000001072883606 0.09000000357627869 0.09000000357627869 0.09000000357627869 0.5099999904632568 -0.5099999904632568 -0.4699999988079071 0.3100000023841858 0.0 0.09000000357627869 0.05000000074505806 0.09000000357627869 0.09000000357627869 -0.6600000262260437 0.4300000071525574 0.5099999904632568 -0.5099999904632568 -0.4699999988079071 0.3100000023841858 -0.019999999552965164 0.09000000357627869 0.09000000357627869 0.5099999904632568 -0.5099999904632568 -0.4699999988079071 0.3100000023841858 0.0 0.09000000357627869 0.05000000074505806 0.09000000357627869 0.09000000357627869 -0.6600000262260437 0.4300000071525574 0.5099999904632568 -0.5099999904632568 -0.4699999988079071 0.3100000023841858 -0.019999999552965164 0.09000000357627869 0.09000000357627869 0.5099999904632568 -0.5099999904632568 -0.4699999988079071 0.3100000023841858 0.0 0.09000000357627869 -0.05000000074505806 0.09000000357627869 0.09000000357627869 0.1899999976158142 0.12999999523162842 0.1899999976158142 -0.5099999904632568 0.4399999976158142 -0.5099999904632568 0.4399999976158142 0.3199999928474426 0.18000000715255737 0.5099999904632568 -0.5099999904632568 -0.4699999988079071 0.3100000023841858 0.0 0.09000000357627869 0.0 0.09000000357627869 0.09000000357627869 -0.2800000011920929 0.09000000357627869 0.09000000357627869 0.6200000047683716 -0.7599999904632568 -0.7599999904632568 0.0 -0.5099999904632568 -0.4699999988079071 0.3100000023841858 0.0 0.09000000357627869 -0.18000000715255737 0.09000000357627869 0.09000000357627869 0.0 0.09000000357627869 -0.27000001072883606 0.09000000357627869 0.09000000357627869 0.09000000357627869 -0.27000001072883606 0.09000000357627869 0.09000000357627869 0.09000000357627869
144 -0.4699999988079071 0.3100000023841858 -0.019999999552965164 0.09000000357627869 0.09000000357627869 0.5099999904632568 -0.5099999904632568 -0.4699999988079071 0.3100000023841858 0.0 0.09000000357627869 -0.27000001072883606 0.09000000357627869 0.09000000357627869 0.5099999904632568 -0.5099999904632568 -0.4699999988079071 0.3100000023841858 0.0 0.09000000357627869 0.05000000074505806 0.09000000357627869 0.09000000357627869 -0.6600000262260437 0.4300000071525574 0.5099999904632568 -0.5099999904632568 -0.4699999988079071 0.3100000023841858 -0.019999999552965164 0.09000000357627869 0.09000000357627869 0.5099999904632568 -0.5099999904632568 -0.4699999988079071 0.3100000023841858 0.0 0.09000000357627869 0.05000000074505806 0.09000000357627869 0.09000000357627869 -0.6600000262260437 0.4300000071525574 0.5099999904632568 -0.5099999904632568 -0.4699999988079071 0.0 0.0 0.09000000357627869 0.05000000074505806 0.09000000357627869 0.09000000357627869 -0.6600000262260437 0.4300000071525574 0.5099999904632568 -0.5099999904632568 -0.4699999988079071 0.3100000023841858 0.0 0.09000000357627869 -0.05000000074505806 0.09000000357627869 0.09000000357627869 0.1899999976158142 0.12999999523162842 0.1899999976158142 -0.5099999904632568 0.4399999976158142 -0.5099999904632568 0.4399999976158142 0.3199999928474426 0.18000000715255737 0.5099999904632568 -0.5099999904632568 -0.4699999988079071 0.3100000023841858 0.0 0.09000000357627869 0.0 0.09000000357627869 0.09000000357627869 -0.2800000011920929 0.09000000357627869 0.09000000357627869 0.6200000047683716 -0.7599999904632568 -0.7599999904632568 0.0 -0.5099999904632568 -0.4699999988079071 0.3100000023841858 0.0 0.09000000357627869 -0.18000000715255737 0.09000000357627869 0.09000000357627869 0.0 0.09000000357627869 -0.27000001072883606 0.09000000357627869 0.09000000357627869 0.09000000357627869 -0.27000001072883606 0.09000000357627869 0.09000000357627869 0.09000000357627869 0.5099999904632568 -0.4699999988079071 0.3100000023841858 -0.4699999988079071 0.3100000023841858 0.0 0.09000000357627869 -0.27000001072883606 0.0 0.09000000357627869 0.09000000357627869
145 0.5099999904632568 -0.5099999904632568 -0.4699999988079071 0.3100000023841858 0.0 0.09000000357627869 0.05000000074505806 0.09000000357627869 0.09000000357627869 -0.6600000262260437 0.4300000071525574 0.5099999904632568 -0.5099999904632568 -0.4699999988079071 0.3100000023841858 -0.019999999552965164 0.09000000357627869 0.09000000357627869 0.5099999904632568 -0.5099999904632568 -0.4699999988079071 0.3100000023841858 0.0 0.09000000357627869 0.05000000074505806 0.09000000357627869 0.09000000357627869 -0.6600000262260437 0.4300000071525574 0.5099999904632568 -0.5099999904632568 -0.4699999988079071 0.0 0.0 0.09000000357627869 0.05000000074505806 0.09000000357627869 0.09000000357627869 -0.6600000262260437 0.4300000071525574 0.5099999904632568 -0.5099999904632568 -0.4699999988079071 0.3100000023841858 -0.019999999552965164 0.09000000357627869 0.09000000357627869 0.5099999904632568 -0.5099999904632568 -0.4699999988079071 0.3100000023841858 0.0 0.09000000357627869 0.0 0.09000000357627869 0.09000000357627869 -0.2800000011920929 0.09000000357627869 0.09000000357627869 0.6200000047683716 -0.7599999904632568 -0.7599999904632568 0.0 -0.5099999904632568 -0.4699999988079071 0.3100000023841858 0.0 0.09000000357627869 -0.18000000715255737 0.09000000357627869 0.09000000357627869 0.0 0.09000000357627869 -0.27000001072883606 0.09000000357627869 0.09000000357627869 0.09000000357627869 -0.27000001072883606 0.09000000357627869 0.09000000357627869 0.09000000357627869 0.5099999904632568 -0.5099999904632568 -0.4699999988079071 0.3100000023841858 0.0 0.09000000357627869 0.05000000074505806 0.09000000357627869 0.09000000357627869 -0.6600000262260437 0.4300000071525574 0.5099999904632568 -0.5099999904632568 -0.4699999988079071 0.3100000023841858 0.0 0.09000000357627869 -0.27000001072883606 0.0 0.09000000357627869 0.09000000357627869 0.0 0.0 0.3100000023841858 0.09000000357627869
146 0.09000000357627869 0.05000000074505806 0.09000000357627869 0.09000000357627869 -0.6600000262260437 0.4300000071525574 0.5099999904632568 -0.5099999904632568 -0.4699999988079071 0.0 0.0 0.09000000357627869 0.05000000074505806 0.09000000357627869 0.09000000357627869 -0.6600000262260437 0.4300000071525574 0.5099999904632568 -0.5099999904632568 -0.4699999988079071 0.3100000023841858 -0.019999999552965164 0.09000000357627869 0.09000000357627869 0.5099999904632568 -0.5099999904632568 -0.4699999988079071 0.3100000023841858 0.0 0.09000000357627869 -0.05000000074505806 0.09000000357627869 0.09000000357627869 0.1899999976158142 0.12999999523162842 0.1899999976158142 -0.5099999904632568 0.4399999976158142 -0.5099999904632568 0.4399999976158142 0.3199999928474426 0.18000000715255737 0.5099999904632568 -0.5099999904632568 -0.4699999988079071 0.3100000023841858 0.0 0.09000000357627869 -0.18000000715255737 0.09000000357627869 0.09000000357627869 0.0 0.09000000357627869 -0.27000001072883606 0.09000000357627869 0.09000000357627869 0.09000000357627869 -0.27000001072883606 0.09000000357627869 0.09000000357627869 0.09000000357627869 0.5099999904632568 -0.5099999904632568 -0.4699999988079071 0.3100000023841858 0.0 0.09000000357627869 0.05000000074505806 0.09000000357627869 0.09000000357627869 -0.6600000262260437 0.4300000071525574 0.5099999904632568 -0.5099999904632568 -0.4699999988079071 0.3100000023841858 0.0 0.09000000357627869 -0.27000001072883606 0.0 0.09000000357627869 0.09000000357627869 0.0 -0.5099999904632568 0.0 0.3100000023841858 0.0 0.09000000357627869 -0.18000000715255737 0.09000000357627869 0.09000000357627869 0.0 0.09000000357627869 -0.27000001072883606 0.09000000357627869 0.09000000357627869 0.09000000357627869 -0.27000001072883606 0.09000000357627869 0.09000000357627869 0.09000000357627869 0.5099999904632568 -0.5099999904632568 -0.4699999988079071 0.3100000023841858 -0.019999999552965164 0.09000000357627869
147 -0.5099999904632568 -0.4699999988079071 0.0 0.09000000357627869 0.05000000074505806 0.09000000357627869 0.09000000357627869 0.5099999904632568 -0.5099999904632568 -0.4699999988079071 0.3100000023841858 -0.019999999552965164 0.09000000357627869 0.09000000357627869 0.5099999904632568 -0.5099999904632568 -0.4699999988079071 0.3100000023841858 0.0 0.09000000357627869 -0.05000000074505806 0.09000000357627869 0.09000000357627869 0.1899999976158142 0.12999999523162842 0.1899999976158142 -0.5099999904632568 0.4399999976158142 -0.5099999904632568 0.4399999976158142 0.3199999928474426 0.18000000715255737 0.5099999904632568 -0.5099999904632568 -0.4699999988079071 0.3100000023841858 0.0 0.09000000357627869 0.0 0.09000000357627869 0.09000000357627869 -0.2800000011920929 0.09000000357627869 0.09000000357627869 0.6200000047683716 -0.7599999904632568 -0.7599999904632568 0.0 -0.5099999904632568 -0.4699999988079071 0.3100000023841858 0.0 0.09000000357627869 0.05000000074505806 0.09000000357627869 0.09000000357627869 -0.6600000262260437 0.4300000071525574 0.5099999904632568 -0.5099999904632568 -0.4699999988079071 0.3100000023841858 0.0 0.09000000357627869 -0.27000001072883606 0.0 0.09000000357627869 0.09000000357627869 0.0 -0.5099999904632568 0.0 0.3100000023841858 0.0 0.09000000357627869 -0.18000000715255737 0.09000000357627869 0.0 0.09000000357627869 0.09000000357627869 0.5099999904632568 -0.5099999904632568 -0.4699999988079071 0.3100000023841858 -0.019999999552965164 0.09000000357627869 0.09000000357627869 0.0
148 -0.019999999552965164 0.09000000357627869 0.5099999904632568 -0.5099999904632568 -0.4699999988079071 0.3100000023841858 0.0 0.09000000357627869 -0.05000000074505806 0.09000000357627869 0.09000000357627869 0.1899999976158142 0.12999999523162842 0.1899999976158142 -0.5099999904632568 0.4399999976158142 -0.5099999904632568 0.4399999976158142 0.3199999928474426 0.18000000715255737 0.5099999904632568 -0.5099999904632568 -0.4699999988079071 0.3100000023841858 0.0 0.09000000357627869 0.0 0.09000000357627869 0.09000000357627869 -0.2800000011920929 0.09000000357627869 0.09000000357627869 0.6200000047683716 -0.7599999904632568 -0.7599999904632568 0.0 -0.5099999904632568 -0.4699999988079071 0.3100000023841858 0.0 0.09000000357627869 -0.18000000715255737 0.09000000357627869 0.09000000357627869 0.0 0.09000000357627869 -0.27000001072883606 0.09000000357627869 0.09000000357627869 0.09000000357627869 -0.27000001072883606 0.09000000357627869 0.09000000357627869 0.09000000357627869 0.5099999904632568 -0.5099999904632568 -0.4699999988079071 0.3100000023841858 0.0 0.09000000357627869 -0.27000001072883606 0.0 0.09000000357627869 0.09000000357627869 0.0 -0.5099999904632568 0.0 0.3100000023841858 0.0 0.09000000357627869 -0.18000000715255737 0.09000000357627869 0.09000000357627869 0.0 0.09000000357627869 -0.27000001072883606 0.09000000357627869 0.09000000357627869 0.09000000357627869 -0.27000001072883606 0.09000000357627869 0.09000000357627869 0.09000000357627869 0.5099999904632568 -0.5099999904632568 -0.4699999988079071 0.3100000023841858 -0.019999999552965164 0.09000000357627869 0.09000000357627869 0.5099999904632568 -0.5099999904632568 -0.4699999988079071 0.0 -0.019999999552965164 0.09000000357627869 0.09000000357627869 0.5099999904632568 -0.5099999904632568 0.3100000023841858 0.09000000357627869
149 -0.019999999552965164 0.09000000357627869 0.09000000357627869 0.5099999904632568 -0.5099999904632568 -0.4699999988079071 0.3100000023841858 0.0 0.09000000357627869 -0.05000000074505806 0.09000000357627869 0.09000000357627869 0.1899999976158142 0.12999999523162842 0.1899999976158142 -0.5099999904632568 0.4399999976158142 -0.5099999904632568 0.4399999976158142 0.3199999928474426 0.18000000715255737 0.5099999904632568 -0.5099999904632568 -0.4699999988079071 0.3100000023841858 0.0 0.09000000357627869 0.0 0.09000000357627869 0.09000000357627869 -0.2800000011920929 0.09000000357627869 0.09000000357627869 0.6200000047683716 -0.7599999904632568 -0.7599999904632568 0.0 -0.5099999904632568 -0.4699999988079071 0.3100000023841858 0.0 0.09000000357627869 -0.18000000715255737 0.09000000357627869 0.09000000357627869 0.0 0.09000000357627869 -0.27000001072883606 0.09000000357627869 0.09000000357627869 0.09000000357627869 -0.27000001072883606 0.09000000357627869 0.09000000357627869 0.09000000357627869 0.5099999904632568 -0.5099999904632568 -0.4699999988079071 0.3100000023841858 0.0 0.09000000357627869 0.05000000074505806 0.09000000357627869 0.09000000357627869 -0.6600000262260437 0.4300000071525574 0.5099999904632568 -0.5099999904632568 0.0 0.3100000023841858 0.0 0.09000000357627869 -0.18000000715255737 0.09000000357627869 0.09000000357627869 0.0 0.09000000357627869 -0.27000001072883606 0.09000000357627869 0.09000000357627869 0.09000000357627869 -0.27000001072883606 0.09000000357627869 0.09000000357627869 0.09000000357627869 0.5099999904632568 -0.5099999904632568 -0.4699999988079071 0.3100000023841858 -0.019999999552965164 0.09000000357627869 0.09000000357627869 0.5099999904632568 -0.5099999904632568 -0.4699999988079071 0.0 -0.019999999552965164 0.09000000357627869 0.09000000357627869 0.5099999904632568 -0.5099999904632568 -0.4699999988079071 0.0 0.3100000023841858 -0.019999999552965164 0.09000000357627869 0.09000000357627869 0.09000000357627869
15 0.0 0.09000000357627869 -0.18000000715255737 0.09000000357627869 0.09000000357627869 0.09000000357627869 0.5099999904632568 -0.5099999904632568 -0.4699999988079071 0.3100000023841858 0.0 0.09000000357627869 0.0 0.09000000357627869 -0.27000001072883606 0.09000000357627869 0.09000000357627869 0.09000000357627869 -0.27000001072883606 0.09000000357627869 0.09000000357627869 0.09000000357627869 0.0 -0.5099999904632568 0.0 0.0 0.09000000357627869 0.09000000357627869 0.019999999552965164 0.09000000357627869 -0.18000000715255737 0.09000000357627869 0.09000000357627869 -0.18000000715255737 0.09000000357627869 0.09000000357627869 0.0 -0.5099999904632568 -0.4699999988079071 0.3100000023841858 -0.019999999552965164 0.09000000357627869 0.09000000357627869 0.5099999904632568 -0.5099999904632568 0.0 0.3100000023841858 0.0 0.09000000357627869 0.0 0.09000000357627869 0.09000000357627869 -0.18000000715255737 0.09000000357627869 0.09000000357627869 0.20000000298023224 0.09000000357627869 0.09000000357627869 -0.699999988079071 0.4399999976158142 0.6399999856948853 -0.800000011920929 0.46000000834465027 0.46000000834465027 -0.800000011920929 0.46000000834465027 0.46000000834465027 0.5099999904632568 -0.5099999904632568 -0.4699999988079071 0.3100000023841858 -0.019999999552965164 0.09000000357627869 0.09000000357627869 0.5099999904632568 -0.5099999904632568 -0.4699999988079071 0.3100000023841858 0.07000000029802322 0.09000000357627869 0.05000000074505806 0.09000000357627869 0.09000000357627869 -0.6600000262260437 0.4300000071525574 0.5099999904632568 -0.5099999904632568 -0.4699999988079071 0.3100000023841858 0.0 0.09000000357627869 0.05000000074505806 0.09000000357627869 0.09000000357627869 -0.6600000262260437 0.4300000071525574 0.5099999904632568 -0.5099999904632568 -0.4699999988079071 0.3100000023841858 0.0 0.09000000357627869 0.0 0.0 0.3100000023841858 0.0 0.09000000357627869 -0.18000000715255737 0.09000000357627869 0.09000000357627869 0.0 0.09000000357627869 0.09000000357627869 -0.18000000715255737 0.09000000357627869 0.09000000357627869 0.20999999344348907 0.05000000074505806 0.33000001311302185
150 0.09000000357627869 -0.5099999904632568 0.4399999976158142 -0.5099999904632568 0.4399999976158142 0.3199999928474426 0.18000000715255737 0.5099999904632568 -0.5099999904632568 -0.4699999988079071 0.3100000023841858 0.0 0.09000000357627869 0.0 0.09000000357627869 0.09000000357627869 -0.2800000011920929 0.09000000357627869 0.09000000357627869 0.6200000047683716 -0.7599999904632568 -0.7599999904632568 0.0 -0.5099999904632568 -0.4699999988079071 0.3100000023841858 0.0 0.09000000357627869 -0.18000000715255737 0.09000000357627869 0.09000000357627869 0.0 0.09000000357627869 0.09000000357627869 0.5099999904632568 -0.5099999904632568 -0.4699999988079071 0.3100000023841858 0.0 0.09000000357627869 0.05000000074505806 0.09000000357627869 0.09000000357627869 -0.6600000262260437 0.4300000071525574 0.5099999904632568 -0.5099999904632568 -0.4699999988079071 0.3100000023841858 0.0 0.09000000357627869 -0.27000001072883606 0.0 0.09000000357627869 0.09000000357627869 0.0 -0.5099999904632568 -0.4699999988079071 0.3100000023841858 -0.019999999552965164 0.09000000357627869 0.09000000357627869 0.5099999904632568 -0.5099999904632568 -0.4699999988079071 0.0 -0.019999999552965164 0.09000000357627869 0.09000000357627869 0.5099999904632568 -0.5099999904632568 -0.4699999988079071 0.3100000023841858 0.0 0.09000000357627869 0.0 0.09000000357627869 0.09000000357627869 0.0 0.09000000357627869 0.09000000357627869 0.0 -0.5099999904632568 0.0 0.3100000023841858 -0.019999999552965164 0.09000000357627869 0.09000000357627869 0.5099999904632568 0.0 -0.4699999988079071 0.3100000023841858 -0.019999999552965164 0.0 0.3100000023841858 0.0 0.09000000357627869 0.09000000357627869 -0.27000001072883606 0.09000000357627869 0.09000000357627869 0.09000000357627869 0.0 0.550000011920929 -0.550000011920929 -0.6200000047683716 0.3199999928474426 0.30000001192092896 -0.09000000357627869 0.09000000357627869
151 0.0 0.09000000357627869 0.09000000357627869 0.6200000047683716 -0.7599999904632568 0.0 -0.5099999904632568 -0.4699999988079071 0.0 0.5099999904632568 -0.5099999904632568 -0.4699999988079071 0.3100000023841858 0.0 0.09000000357627869 0.05000000074505806 0.09000000357627869 0.09000000357627869 -0.6600000262260437 0.4300000071525574 0.5099999904632568 -0.5099999904632568 -0.4699999988079071 0.3100000023841858 0.0 0.09000000357627869 -0.27000001072883606 0.0 0.09000000357627869 0.09000000357627869 0.0 -0.5099999904632568 0.0 0.3100000023841858 0.0 0.09000000357627869 -0.18000000715255737 0.09000000357627869 0.09000000357627869 0.0 0.09000000357627869 -0.27000001072883606 0.09000000357627869 0.09000000357627869 0.09000000357627869 -0.27000001072883606 0.09000000357627869 0.09000000357627869 0.09000000357627869 0.5099999904632568 -0.5099999904632568 -0.4699999988079071 0.0 -0.019999999552965164 0.09000000357627869 0.09000000357627869 0.5099999904632568 -0.5099999904632568 -0.4699999988079071 0.3100000023841858 0.0 0.09000000357627869 0.0 0.09000000357627869 0.09000000357627869 0.0 0.09000000357627869 0.09000000357627869 0.6200000047683716 -0.7599999904632568 0.0 -0.5099999904632568 0.0 0.3100000023841858 -0.019999999552965164 0.09000000357627869 0.09000000357627869 0.5099999904632568 0.0 -0.4699999988079071 0.3100000023841858 0.550000011920929 -0.550000011920929 -0.6200000047683716 0.3199999928474426 0.30000001192092896
152 -0.5099999904632568 -0.4699999988079071 0.3100000023841858 0.0 0.09000000357627869 0.05000000074505806 0.09000000357627869 0.09000000357627869 -0.6600000262260437 0.4300000071525574 0.5099999904632568 -0.5099999904632568 -0.4699999988079071 0.3100000023841858 0.0 0.09000000357627869 -0.27000001072883606 0.0 0.09000000357627869 0.09000000357627869 0.0 -0.5099999904632568 0.0 0.3100000023841858 0.0 0.09000000357627869 -0.18000000715255737 0.09000000357627869 0.09000000357627869 0.0 0.09000000357627869 -0.27000001072883606 0.09000000357627869 0.09000000357627869 0.09000000357627869 -0.27000001072883606 0.09000000357627869 0.09000000357627869 0.09000000357627869 0.5099999904632568 -0.5099999904632568 -0.4699999988079071 0.3100000023841858 -0.019999999552965164 0.09000000357627869 0.09000000357627869 0.5099999904632568 -0.5099999904632568 -0.4699999988079071 0.3100000023841858 0.0 0.09000000357627869 0.0 0.09000000357627869 0.09000000357627869 0.0 0.09000000357627869 0.09000000357627869 0.6200000047683716 -0.7599999904632568 -0.7599999904632568 0.0 -0.5099999904632568 0.0 0.3100000023841858 -0.019999999552965164 0.09000000357627869 0.09000000357627869 0.5099999904632568 0.0 -0.4699999988079071 0.3100000023841858 -0.019999999552965164 0.09000000357627869 0.09000000357627869 0.5099999904632568 -0.5099999904632568 0.0 0.3100000023841858 0.0 0.09000000357627869 0.0 0.09000000357627869 0.09000000357627869 0.0 0.09000000357627869 -0.27000001072883606 0.09000000357627869 0.09000000357627869 0.09000000357627869 0.5099999904632568 -0.4699999988079071 0.0 0.0 -0.18000000715255737 0.09000000357627869 0.09000000357627869 0.0 0.09000000357627869 0.09000000357627869 0.550000011920929 -0.550000011920929 -0.6200000047683716 0.3199999928474426 0.30000001192092896 0.0 -0.09000000357627869 -0.2199999988079071 0.09000000357627869 0.09000000357627869
153 0.0 0.0 0.3100000023841858 0.0 0.09000000357627869 -0.18000000715255737 0.09000000357627869 0.09000000357627869 0.0 0.09000000357627869 -0.27000001072883606 0.09000000357627869 0.09000000357627869 0.09000000357627869 -0.27000001072883606 0.09000000357627869 0.09000000357627869 0.5099999904632568 -0.5099999904632568 -0.4699999988079071 0.3100000023841858 -0.019999999552965164 0.09000000357627869 0.09000000357627869 0.5099999904632568 -0.5099999904632568 -0.4699999988079071 0.0 -0.019999999552965164 0.09000000357627869 0.09000000357627869 0.5099999904632568 -0.5099999904632568 0.0 0.3100000023841858 -0.019999999552965164 0.09000000357627869 0.09000000357627869 0.5099999904632568 0.0 -0.4699999988079071 0.3100000023841858 -0.019999999552965164 0.09000000357627869 0.09000000357627869 0.5099999904632568 -0.5099999904632568 0.0 0.3100000023841858 0.0 0.09000000357627869 0.0 0.09000000357627869 0.09000000357627869 0.0 0.09000000357627869 -0.27000001072883606 0.09000000357627869 0.09000000357627869 0.09000000357627869 -0.27000001072883606 0.09000000357627869 0.5099999904632568 -0.5099999904632568 -0.4699999988079071 0.0 0.0 0.09000000357627869 -0.18000000715255737 0.09000000357627869 0.09000000357627869 0.0 0.09000000357627869 0.09000000357627869 0.550000011920929 -0.550000011920929 -0.6200000047683716 0.3199999928474426 0.30000001192092896 0.5099999904632568 -0.5099999904632568 -0.4699999988079071 0.0 0.0 0.09000000357627869 0.05000000074505806 0.09000000357627869 0.09000000357627869 -0.6600000262260437 0.4300000071525574 0.5099999904632568 -0.5099999904632568 0.0 0.0 0.0
154 0.09000000357627869 0.5099999904632568 -0.5099999904632568 -0.4699999988079071 0.3100000023841858 0.09000000357627869 0.0 -0.5099999904632568 0.0 0.3100000023841858 0.0 0.09000000357627869 -0.18000000715255737 0.09000000357627869 0.09000000357627869 0.0 0.09000000357627869 -0.27000001072883606 0.09000000357627869 0.09000000357627869 0.09000000357627869 -0.27000001072883606 0.09000000357627869 0.09000000357627869 0.09000000357627869 0.5099999904632568 -0.5099999904632568 -0.4699999988079071 0.3100000023841858 -0.019999999552965164 0.09000000357627869 0.09000000357627869 0.5099999904632568 -0.5099999904632568 -0.4699999988079071 0.0 -0.019999999552965164 0.09000000357627869 0.09000000357627869 0.5099999904632568 -0.5099999904632568 -0.4699999988079071 0.3100000023841858 0.0 0.09000000357627869 0.0 0.09000000357627869 0.09000000357627869 0.0 0.09000000357627869 0.09000000357627869 0.6200000047683716 -0.7599999904632568 -0.7599999904632568 0.0 -0.5099999904632568 -0.4699999988079071 0.3100000023841858 -0.019999999552965164 0.09000000357627869 0.09000000357627869 0.5099999904632568 -0.5099999904632568 0.0 0.3100000023841858 0.0 0.09000000357627869 0.0 0.09000000357627869 0.09000000357627869 0.0 0.09000000357627869 -0.27000001072883606 0.09000000357627869 0.09000000357627869 0.09000000357627869 -0.27000001072883606 0.09000000357627869 0.09000000357627869 0.09000000357627869 0.5099999904632568 -0.5099999904632568 -0.4699999988079071 0.0 0.0 0.09000000357627869 -0.18000000715255737 0.09000000357627869 0.09000000357627869 0.0 0.09000000357627869 0.09000000357627869 0.550000011920929 -0.550000011920929 -0.6200000047683716 0.3199999928474426 0.30000001192092896 0.5099999904632568 -0.5099999904632568 -0.4699999988079071 0.0 0.0 0.09000000357627869 0.05000000074505806 0.09000000357627869 0.09000000357627869 -0.6600000262260437 0.4300000071525574 0.5099999904632568 -0.5099999904632568 0.0 0.0 0.0 0.09000000357627869 -0.18000000715255737 0.09000000357627869 0.09000000357627869 0.0 0.09000000357627869 -0.27000001072883606 0.09000000357627869 0.09000000357627869 0.09000000357627869 -0.27000001072883606 0.0 0.0 0.0 0.0 0.0 0.09000000357627869 0.09000000357627869 0.0 -0.27000001072883606 0.09000000357627869 -0.27000001072883606 0.09000000357627869 0.09000000357627869 -0.4699999988079071 0.3100000023841858
155 0.0 -0.18000000715255737 0.09000000357627869 0.09000000357627869 -0.27000001072883606 0.09000000357627869 0.09000000357627869 0.5099999904632568 -0.5099999904632568 0.09000000357627869 0.5099999904632568 -0.4699999988079071 0.0 -0.019999999552965164 0.09000000357627869 0.09000000357627869 0.5099999904632568 -0.5099999904632568 -0.4699999988079071 0.3100000023841858 0.0 0.09000000357627869 0.0 0.09000000357627869 0.09000000357627869 0.0 0.09000000357627869 0.09000000357627869 0.6200000047683716 -0.7599999904632568 -0.7599999904632568 0.0 -0.5099999904632568 0.0 0.3100000023841858 -0.019999999552965164 0.09000000357627869 0.09000000357627869 0.5099999904632568 0.0 0.0 0.3100000023841858 0.0 0.09000000357627869 0.0 0.09000000357627869 0.09000000357627869 0.0 0.09000000357627869 -0.27000001072883606 0.09000000357627869 0.09000000357627869 0.09000000357627869 -0.27000001072883606 0.09000000357627869 0.09000000357627869 0.09000000357627869 0.5099999904632568 -0.5099999904632568 -0.4699999988079071 0.0 0.0 0.09000000357627869 -0.18000000715255737 0.09000000357627869 0.09000000357627869 0.0 0.09000000357627869 0.09000000357627869 0.550000011920929 -0.550000011920929 -0.6200000047683716 0.3199999928474426 0.30000001192092896 0.5099999904632568 -0.5099999904632568 -0.4699999988079071 0.0 0.0 0.09000000357627869 0.05000000074505806 0.09000000357627869 0.09000000357627869 -0.6600000262260437 0.4300000071525574 0.5099999904632568 -0.5099999904632568 0.0 0.0 0.0 0.09000000357627869 -0.18000000715255737 0.09000000357627869 0.09000000357627869 0.0 0.09000000357627869 -0.27000001072883606 0.09000000357627869 0.09000000357627869 0.09000000357627869 -0.27000001072883606 0.09000000357627869 0.09000000357627869 0.09000000357627869 0.0 -0.5099999904632568 0.0 0.0 0.0 0.09000000357627869 0.0 0.09000000357627869 0.09000000357627869 0.0 0.09000000357627869 -0.27000001072883606 0.09000000357627869 0.09000000357627869 -0.27000001072883606 0.09000000357627869 0.09000000357627869 0.5099999904632568 -0.4699999988079071 0.3100000023841858 -0.019999999552965164 0.09000000357627869 0.0 0.3100000023841858 -0.18000000715255737 0.09000000357627869 0.09000000357627869
156 0.4399999976158142 0.3100000023841858 0.09000000357627869 0.0 0.3100000023841858 0.0 -0.18000000715255737 0.09000000357627869 0.09000000357627869 -0.27000001072883606 0.09000000357627869 0.09000000357627869 0.5099999904632568 -0.5099999904632568 -0.4699999988079071 0.0 -0.019999999552965164 0.09000000357627869 0.09000000357627869 0.5099999904632568 -0.5099999904632568 -0.4699999988079071 0.3100000023841858 0.0 0.09000000357627869 0.0 0.09000000357627869 0.09000000357627869 0.0 0.09000000357627869 0.09000000357627869 0.6200000047683716 -0.7599999904632568 -0.7599999904632568 0.0 -0.5099999904632568 0.0 0.3100000023841858 -0.019999999552965164 0.09000000357627869 0.09000000357627869 0.5099999904632568 0.0 -0.4699999988079071 0.3100000023841858 -0.019999999552965164 0.09000000357627869 0.09000000357627869 0.5099999904632568 -0.5099999904632568 -0.4699999988079071 0.0 0.0 0.09000000357627869 -0.18000000715255737 0.09000000357627869 0.09000000357627869 0.0 0.09000000357627869 0.09000000357627869 0.550000011920929 -0.550000011920929 -0.6200000047683716 0.3199999928474426 0.30000001192092896 0.5099999904632568 -0.5099999904632568 -0.4699999988079071 0.0 0.0 0.09000000357627869 0.05000000074505806 0.09000000357627869 0.09000000357627869 -0.6600000262260437 0.4300000071525574 0.5099999904632568 -0.5099999904632568 0.0 0.0 0.0 0.09000000357627869 -0.18000000715255737 0.09000000357627869 0.09000000357627869 0.0 0.09000000357627869 -0.27000001072883606 0.09000000357627869 0.09000000357627869 0.09000000357627869 -0.27000001072883606 0.09000000357627869 0.09000000357627869 0.09000000357627869 0.0 -0.5099999904632568 0.0 0.0 0.0 0.09000000357627869 0.0 0.09000000357627869 0.09000000357627869 0.0 0.09000000357627869 -0.27000001072883606 0.09000000357627869 0.09000000357627869 0.09000000357627869 -0.27000001072883606 0.09000000357627869 0.09000000357627869 0.09000000357627869 0.5099999904632568 -0.5099999904632568 -0.4699999988079071 0.3100000023841858 -0.019999999552965164 0.09000000357627869 0.09000000357627869 0.5099999904632568 -0.5099999904632568 0.0 0.3100000023841858 0.0 0.09000000357627869 -0.18000000715255737 0.09000000357627869 0.09000000357627869 0.5099999904632568 -0.4699999988079071 0.3100000023841858 0.09000000357627869
157 0.3100000023841858 0.0 -0.18000000715255737 0.09000000357627869 0.09000000357627869 0.5099999904632568 -0.5099999904632568 -0.4699999988079071 0.3100000023841858 -0.019999999552965164 0.09000000357627869 0.09000000357627869 0.5099999904632568 -0.5099999904632568 -0.4699999988079071 0.0 -0.019999999552965164 0.09000000357627869 0.09000000357627869 0.5099999904632568 -0.5099999904632568 -0.4699999988079071 0.3100000023841858 0.0 0.09000000357627869 0.0 0.09000000357627869 0.09000000357627869 0.0 0.09000000357627869 0.09000000357627869 0.6200000047683716 -0.7599999904632568 -0.7599999904632568 0.0 -0.5099999904632568 0.0 0.3100000023841858 -0.019999999552965164 0.09000000357627869 0.09000000357627869 0.5099999904632568 0.0 -0.4699999988079071 0.3100000023841858 -0.019999999552965164 0.09000000357627869 0.09000000357627869 0.5099999904632568 -0.5099999904632568 0.0 0.3100000023841858 0.0 0.09000000357627869 0.0 0.09000000357627869 0.09000000357627869 0.0 0.09000000357627869 -0.27000001072883606 0.09000000357627869 0.09000000357627869 0.09000000357627869 -0.27000001072883606 0.09000000357627869 0.09000000357627869 0.09000000357627869 0.5099999904632568 -0.5099999904632568 -0.4699999988079071 0.0 0.0 0.09000000357627869 0.05000000074505806 0.09000000357627869 0.09000000357627869 -0.6600000262260437 0.4300000071525574 0.5099999904632568 -0.5099999904632568 0.0 0.0 0.0 0.09000000357627869 -0.18000000715255737 0.09000000357627869 0.09000000357627869 0.0 0.09000000357627869 -0.27000001072883606 0.09000000357627869 0.09000000357627869 0.09000000357627869 -0.27000001072883606 0.09000000357627869 0.09000000357627869 0.09000000357627869 0.0 -0.5099999904632568 0.0 0.0 0.0 0.09000000357627869 0.0 0.09000000357627869 0.09000000357627869 0.0 0.09000000357627869 -0.27000001072883606 0.09000000357627869 0.09000000357627869 0.09000000357627869 -0.27000001072883606 0.09000000357627869 0.09000000357627869 0.09000000357627869 0.5099999904632568 -0.5099999904632568 -0.4699999988079071 0.3100000023841858 -0.019999999552965164 0.09000000357627869 0.09000000357627869 0.5099999904632568 -0.5099999904632568 0.0 0.3100000023841858 0.0 0.09000000357627869 -0.18000000715255737 0.09000000357627869 0.09000000357627869 0.550000011920929 -0.550000011920929 -0.6200000047683716 0.3199999928474426 0.30000001192092896 0.5099999904632568 -0.5099999904632568 -0.4699999988079071 0.3100000023841858 0.0 0.09000000357627869 0.0 0.09000000357627869 0.09000000357627869
158 -0.5099999904632568 -0.4699999988079071 0.3100000023841858 0.0 0.09000000357627869 0.0 0.09000000357627869 0.09000000357627869 0.0 0.09000000357627869 0.09000000357627869 0.6200000047683716 -0.7599999904632568 -0.7599999904632568 0.0 -0.5099999904632568 0.0 0.3100000023841858 -0.019999999552965164 0.09000000357627869 0.09000000357627869 0.5099999904632568 0.0 -0.4699999988079071 0.3100000023841858 -0.019999999552965164 0.09000000357627869 0.09000000357627869 0.5099999904632568 -0.5099999904632568 0.0 0.3100000023841858 0.0 0.09000000357627869 0.0 0.09000000357627869 0.09000000357627869 0.0 0.09000000357627869 -0.27000001072883606 0.09000000357627869 0.09000000357627869 0.09000000357627869 -0.27000001072883606 0.09000000357627869 0.09000000357627869 0.09000000357627869 0.5099999904632568 -0.5099999904632568 -0.4699999988079071 0.0 0.0 0.09000000357627869 -0.18000000715255737 0.09000000357627869 0.09000000357627869 0.0 0.09000000357627869 0.09000000357627869 0.550000011920929 -0.550000011920929 -0.6200000047683716 0.3199999928474426 0.30000001192092896 0.5099999904632568 -0.5099999904632568 0.0 0.0 0.0 0.09000000357627869 -0.18000000715255737 0.09000000357627869 0.09000000357627869 0.0 0.09000000357627869 -0.27000001072883606 0.09000000357627869 0.09000000357627869 0.09000000357627869 -0.27000001072883606 0.09000000357627869 0.09000000357627869 0.09000000357627869 0.0 -0.5099999904632568 0.0 0.0 0.0 0.09000000357627869 0.0 0.09000000357627869 0.09000000357627869 0.0 0.09000000357627869 -0.27000001072883606 0.09000000357627869 0.09000000357627869 0.09000000357627869 -0.27000001072883606 0.09000000357627869 0.09000000357627869 0.09000000357627869 0.5099999904632568 -0.5099999904632568 -0.4699999988079071 0.3100000023841858 -0.019999999552965164 0.09000000357627869 0.09000000357627869 0.5099999904632568 -0.5099999904632568 0.0 0.3100000023841858 0.0 0.09000000357627869 -0.18000000715255737 0.09000000357627869 0.09000000357627869 0.550000011920929 -0.550000011920929 -0.6200000047683716 0.3199999928474426 0.30000001192092896 0.5099999904632568 -0.5099999904632568 -0.4699999988079071 0.3100000023841858 0.0 0.09000000357627869 0.0 0.09000000357627869 0.09000000357627869 0.0 0.09000000357627869 0.09000000357627869 -0.09000000357627869 0.5099999904632568 -0.5099999904632568 -0.4699999988079071 0.0 0.09000000357627869 0.09000000357627869 0.550000011920929 -0.6200000047683716 0.3199999928474426 0.30000001192092896
159 0.0 0.09000000357627869 0.09000000357627869 0.6200000047683716 -0.7599999904632568 0.0 -0.5099999904632568 0.0 0.3100000023841858 -0.019999999552965164 0.09000000357627869 0.09000000357627869 0.5099999904632568 0.0 -0.4699999988079071 0.3100000023841858 -0.019999999552965164 0.09000000357627869 0.09000000357627869 0.5099999904632568 -0.5099999904632568 0.0 0.3100000023841858 0.0 0.09000000357627869 0.0 0.09000000357627869 0.09000000357627869 0.0 0.09000000357627869 -0.27000001072883606 0.09000000357627869 0.09000000357627869 0.09000000357627869 -0.27000001072883606 0.09000000357627869 0.09000000357627869 0.09000000357627869 0.5099999904632568 -0.5099999904632568 -0.4699999988079071 0.0 0.0 0.09000000357627869 -0.18000000715255737 0.09000000357627869 0.09000000357627869 0.0 0.09000000357627869 0.09000000357627869 0.550000011920929 -0.550000011920929 -0.6200000047683716 0.3199999928474426 0.30000001192092896 0.5099999904632568 -0.5099999904632568 -0.4699999988079071 0.0 0.0 0.09000000357627869 0.05000000074505806 0.09000000357627869 0.09000000357627869 -0.6600000262260437 0.4300000071525574 0.5099999904632568 -0.5099999904632568 0.0 0.0 0.0 0.09000000357627869 0.0 0.09000000357627869 0.09000000357627869 0.0 0.09000000357627869 -0.27000001072883606 0.09000000357627869 0.09000000357627869 0.09000000357627869 -0.27000001072883606 0.09000000357627869 0.09000000357627869 0.09000000357627869 0.5099999904632568 -0.5099999904632568 -0.4699999988079071 0.3100000023841858 -0.019999999552965164 0.09000000357627869 0.09000000357627869 0.5099999904632568 -0.5099999904632568 0.0 0.3100000023841858 0.0 0.09000000357627869 -0.18000000715255737 0.09000000357627869 0.09000000357627869 0.550000011920929 -0.550000011920929 -0.6200000047683716 0.3199999928474426 0.30000001192092896 0.5099999904632568 -0.5099999904632568 -0.4699999988079071 0.3100000023841858 0.0 0.09000000357627869 0.0 0.09000000357627869 0.09000000357627869 0.0 0.09000000357627869 0.09000000357627869 -0.09000000357627869 -0.2199999988079071 0.09000000357627869 0.09000000357627869 0.09000000357627869 0.5099999904632568 -0.5099999904632568 -0.4699999988079071 0.0 0.0 0.09000000357627869 0.05000000074505806 0.09000000357627869 -0.6600000262260437 0.0 0.0 0.09000000357627869 0.0 -0.18000000715255737 0.09000000357627869 0.09000000357627869 0.550000011920929 -0.550000011920929 -0.6200000047683716 0.3199999928474426 0.30000001192092896
16 0.09000000357627869 0.0 0.09000000357627869 -0.27000001072883606 0.09000000357627869 0.0 -0.5099999904632568 0.0 0.0 0.09000000357627869 0.09000000357627869 0.019999999552965164 0.09000000357627869 -0.18000000715255737 0.09000000357627869 0.09000000357627869 -0.18000000715255737 0.09000000357627869 0.09000000357627869 0.0 -0.5099999904632568 -0.4699999988079071 0.3100000023841858 -0.019999999552965164 0.09000000357627869 0.09000000357627869 0.5099999904632568 -0.5099999904632568 -0.4699999988079071 0.3100000023841858 0.0 0.09000000357627869 0.05000000074505806 0.09000000357627869 0.09000000357627869 -0.6600000262260437 0.4300000071525574 0.0 -0.5099999904632568 -0.4699999988079071 0.3100000023841858 -0.019999999552965164 0.09000000357627869 0.09000000357627869 0.5099999904632568 -0.5099999904632568 -0.4699999988079071 0.3100000023841858 0.07000000029802322 0.09000000357627869 0.05000000074505806 0.09000000357627869 0.09000000357627869 -0.6600000262260437 0.4300000071525574 0.5099999904632568 -0.5099999904632568 -0.4699999988079071 0.3100000023841858 0.0 0.09000000357627869 0.05000000074505806 0.09000000357627869 0.09000000357627869 -0.6600000262260437 0.4300000071525574 0.5099999904632568 -0.5099999904632568 -0.4699999988079071 0.3100000023841858 0.0 0.09000000357627869 -0.27000001072883606 0.09000000357627869 0.09000000357627869 0.0 0.0 0.3100000023841858 0.0 0.09000000357627869 -0.18000000715255737 0.09000000357627869 0.09000000357627869 0.0 0.09000000357627869 0.09000000357627869 -0.18000000715255737 0.09000000357627869 0.09000000357627869 0.20999999344348907 0.05000000074505806 0.05000000074505806 -0.30000001192092896 0.33000001311302185 0.33000001311302185
160 0.09000000357627869 -0.019999999552965164 0.09000000357627869 0.5099999904632568 0.0 -0.4699999988079071 0.3100000023841858 -0.019999999552965164 0.09000000357627869 0.09000000357627869 0.5099999904632568 -0.5099999904632568 0.0 0.3100000023841858 0.0 0.09000000357627869 0.0 0.09000000357627869 0.09000000357627869 0.0 0.09000000357627869 -0.27000001072883606 0.09000000357627869 0.09000000357627869 0.09000000357627869 -0.27000001072883606 0.09000000357627869 0.09000000357627869 0.09000000357627869 0.5099999904632568 -0.5099999904632568 -0.4699999988079071 0.0 0.0 0.09000000357627869 -0.18000000715255737 0.09000000357627869 0.09000000357627869 0.0 0.09000000357627869 0.09000000357627869 0.550000011920929 -0.550000011920929 -0.6200000047683716 0.3199999928474426 0.30000001192092896 0.5099999904632568 -0.5099999904632568 -0.4699999988079071 0.0 0.0 0.09000000357627869 0.05000000074505806 0.09000000357627869 0.09000000357627869 -0.6600000262260437 0.4300000071525574 0.5099999904632568 -0.5099999904632568 0.0 0.0 0.0 0.09000000357627869 -0.18000000715255737 0.09000000357627869 0.09000000357627869 0.0 0.09000000357627869 -0.27000001072883606 0.09000000357627869 0.09000000357627869 0.09000000357627869 -0.27000001072883606 0.09000000357627869 0.09000000357627869 0.09000000357627869 0.0 -0.5099999904632568 -0.4699999988079071 0.3100000023841858 -0.019999999552965164 0.09000000357627869 0.09000000357627869 0.5099999904632568 -0.5099999904632568 0.0 0.3100000023841858 0.0 0.09000000357627869 -0.18000000715255737 0.09000000357627869 0.09000000357627869 0.550000011920929 -0.550000011920929 -0.6200000047683716 0.3199999928474426 0.30000001192092896 0.5099999904632568 -0.5099999904632568 -0.4699999988079071 0.3100000023841858 0.0 0.09000000357627869 0.0 0.09000000357627869 0.09000000357627869 0.0 0.09000000357627869 0.09000000357627869 -0.09000000357627869 -0.2199999988079071 0.09000000357627869 0.09000000357627869 0.09000000357627869 0.5099999904632568 -0.5099999904632568 -0.4699999988079071 0.0 0.0 0.09000000357627869 0.05000000074505806 0.09000000357627869 0.30000001192092896
161 0.0 -0.019999999552965164 0.09000000357627869 0.09000000357627869 0.5099999904632568 -0.5099999904632568 0.0 0.3100000023841858 0.0 0.09000000357627869 0.0 0.09000000357627869 0.09000000357627869 0.0 0.09000000357627869 -0.27000001072883606 0.09000000357627869 0.09000000357627869 0.5099999904632568 -0.5099999904632568 -0.4699999988079071 0.0 0.0 0.09000000357627869 -0.18000000715255737 0.09000000357627869 0.09000000357627869 0.0 0.09000000357627869 0.09000000357627869 0.550000011920929 -0.550000011920929 -0.6200000047683716 0.3199999928474426 0.30000001192092896 0.5099999904632568 -0.5099999904632568 -0.4699999988079071 0.0 0.0 0.09000000357627869 0.05000000074505806 0.09000000357627869 0.09000000357627869 -0.6600000262260437 0.4300000071525574 0.5099999904632568 -0.5099999904632568 0.0 0.0 0.0 0.09000000357627869 -0.18000000715255737 0.09000000357627869 0.09000000357627869 0.0 0.09000000357627869 -0.27000001072883606 0.09000000357627869 0.09000000357627869 0.09000000357627869 -0.27000001072883606 0.09000000357627869 0.09000000357627869 0.09000000357627869 0.0 -0.5099999904632568 0.0 0.0 0.0 0.09000000357627869 0.0 0.09000000357627869 0.09000000357627869 0.0 0.09000000357627869 -0.27000001072883606 0.09000000357627869 0.09000000357627869 0.09000000357627869 -0.27000001072883606 0.09000000357627869 0.09000000357627869 0.09000000357627869 0.5099999904632568 -0.5099999904632568 0.0 0.3100000023841858 0.0 0.09000000357627869 -0.18000000715255737 0.09000000357627869 0.09000000357627869 0.550000011920929 -0.550000011920929 -0.6200000047683716 0.3199999928474426 0.30000001192092896 0.5099999904632568 -0.5099999904632568 -0.4699999988079071 0.3100000023841858 0.0 0.09000000357627869 0.0 0.09000000357627869 0.09000000357627869 0.0 0.09000000357627869 0.09000000357627869 -0.09000000357627869 0.5099999904632568 -0.5099999904632568 -0.4699999988079071 0.0 0.0 0.09000000357627869 0.05000000074505806 0.09000000357627869 0.09000000357627869 -0.6600000262260437 0.4300000071525574 0.0 0.0 -0.4699999988079071 0.3100000023841858 0.09000000357627869 0.0 -0.6200000047683716 0.3199999928474426 0.30000001192092896
162 -0.5099999904632568 0.0 0.09000000357627869 0.09000000357627869 0.5099999904632568 -0.5099999904632568 -0.4699999988079071 0.0 0.0 0.09000000357627869 -0.18000000715255737 0.09000000357627869 0.09000000357627869 0.0 0.09000000357627869 0.09000000357627869 0.5099999904632568 -0.5099999904632568 -0.4699999988079071 0.0 0.0 0.09000000357627869 0.05000000074505806 0.09000000357627869 0.09000000357627869 -0.6600000262260437 0.4300000071525574 0.5099999904632568 -0.5099999904632568 0.0 0.0 0.0 0.09000000357627869 -0.18000000715255737 0.09000000357627869 0.09000000357627869 0.0 0.09000000357627869 -0.27000001072883606 0.09000000357627869 0.09000000357627869 0.09000000357627869 -0.27000001072883606 0.09000000357627869 0.09000000357627869 0.09000000357627869 0.0 -0.5099999904632568 0.0 0.0 0.0 0.09000000357627869 0.0 0.09000000357627869 0.09000000357627869 0.0 0.09000000357627869 -0.27000001072883606 0.09000000357627869 0.09000000357627869 0.09000000357627869 -0.27000001072883606 0.09000000357627869 0.09000000357627869 0.09000000357627869 0.5099999904632568 -0.5099999904632568 -0.4699999988079071 0.3100000023841858 -0.019999999552965164 0.09000000357627869 0.09000000357627869 0.5099999904632568 -0.5099999904632568 -0.4699999988079071 0.3100000023841858 0.0 0.09000000357627869 0.0 0.09000000357627869 0.09000000357627869 0.0 0.09000000357627869 0.09000000357627869 -0.09000000357627869 -0.2199999988079071 0.09000000357627869 0.09000000357627869 0.09000000357627869 0.5099999904632568 -0.5099999904632568 -0.4699999988079071 0.0 0.0 0.09000000357627869 0.05000000074505806 0.09000000357627869 0.09000000357627869 -0.6600000262260437 0.4300000071525574 0.0 0.0 -0.4699999988079071 0.3100000023841858 0.0 0.09000000357627869 -0.05000000074505806 0.09000000357627869 0.09000000357627869 0.0 -0.5099999904632568 -0.4699999988079071 0.3100000023841858 0.0 0.09000000357627869 0.05000000074505806 0.09000000357627869 0.09000000357627869 -0.6600000262260437 0.4300000071525574 0.0 -0.5099999904632568 -0.4699999988079071 0.0 0.0 0.09000000357627869 0.0 0.09000000357627869 0.0 -0.18000000715255737 0.09000000357627869 0.09000000357627869 0.550000011920929 -0.550000011920929 -0.6200000047683716 0.3199999928474426 0.30000001192092896 0.0 -0.5099999904632568 0.0 0.0 0.0 0.09000000357627869 -0.18000000715255737 0.09000000357627869 0.0 0.09000000357627869 -0.27000001072883606 0.09000000357627869 0.09000000357627869 -0.27000001072883606 0.09000000357627869 0.09000000357627869 0.0 -0.550000011920929
163 -0.5099999904632568 0.0 0.09000000357627869 0.09000000357627869 0.5099999904632568 -0.5099999904632568 -0.4699999988079071 0.0 0.0 0.09000000357627869 0.05000000074505806 0.09000000357627869 0.09000000357627869 0.5099999904632568 -0.5099999904632568 0.0 0.0 0.0 0.09000000357627869 -0.18000000715255737 0.09000000357627869 0.09000000357627869 0.0 0.09000000357627869 -0.27000001072883606 0.09000000357627869 0.09000000357627869 0.09000000357627869 -0.27000001072883606 0.09000000357627869 0.09000000357627869 0.09000000357627869 0.0 -0.5099999904632568 0.0 0.0 0.0 0.09000000357627869 0.0 0.09000000357627869 0.09000000357627869 0.0 0.09000000357627869 -0.27000001072883606 0.09000000357627869 0.09000000357627869 0.09000000357627869 -0.27000001072883606 0.09000000357627869 0.09000000357627869 0.09000000357627869 0.5099999904632568 -0.5099999904632568 -0.4699999988079071 0.3100000023841858 -0.019999999552965164 0.09000000357627869 0.09000000357627869 0.5099999904632568 -0.5099999904632568 0.0 0.3100000023841858 0.0 0.09000000357627869 -0.18000000715255737 0.09000000357627869 0.09000000357627869 0.550000011920929 -0.550000011920929 -0.6200000047683716 0.3199999928474426 0.30000001192092896 0.5099999904632568 -0.5099999904632568 -0.4699999988079071 0.0 0.0 0.09000000357627869 0.05000000074505806 0.09000000357627869 0.09000000357627869 -0.6600000262260437 0.4300000071525574 0.0 0.0 -0.4699999988079071 0.3100000023841858 0.0 0.09000000357627869 -0.05000000074505806 0.09000000357627869 0.09000000357627869 0.1899999976158142 0.12999999523162842 0.1899999976158142 -0.5099999904632568 0.4399999976158142 -0.5099999904632568 0.4399999976158142 0.3199999928474426 0.0 -0.5099999904632568 -0.4699999988079071 0.3100000023841858 0.0 0.09000000357627869 0.05000000074505806 0.09000000357627869 0.09000000357627869 -0.6600000262260437 0.4300000071525574 0.0 -0.5099999904632568 -0.4699999988079071 0.0 0.0 0.09000000357627869 0.0 0.09000000357627869 0.0 -0.18000000715255737 0.09000000357627869 0.09000000357627869 0.550000011920929 -0.550000011920929 -0.6200000047683716 0.3199999928474426 0.30000001192092896 0.0 -0.5099999904632568 0.0 0.0 0.0 0.09000000357627869 -0.18000000715255737 0.09000000357627869 0.09000000357627869 0.0 0.09000000357627869 -0.27000001072883606 0.09000000357627869 0.09000000357627869 0.09000000357627869 -0.27000001072883606 0.09000000357627869 0.09000000357627869 0.09000000357627869 0.5099999904632568 -0.5099999904632568 -0.4699999988079071 0.0 0.0 0.0 -0.18000000715255737 0.09000000357627869 0.09000000357627869 0.5099999904632568 0.0 0.0 0.0 0.09000000357627869 0.0 0.09000000357627869 0.09000000357627869 -0.18000000715255737 0.09000000357627869 0.550000011920929 -0.550000011920929 0.5099999904632568 -0.5099999904632568 -0.4699999988079071 0.0 0.0 0.09000000357627869 0.0 0.09000000357627869 0.09000000357627869 0.0 0.09000000357627869 -0.27000001072883606 0.09000000357627869 0.09000000357627869 0.09000000357627869 -0.27000001072883606 0.09000000357627869 0.09000000357627869 0.09000000357627869 0.0
164 0.5099999904632568 -0.5099999904632568 0.0 0.0 0.09000000357627869 0.09000000357627869 -0.27000001072883606 0.09000000357627869 0.09000000357627869 0.0 -0.5099999904632568 0.0 0.0 0.0 0.09000000357627869 0.5099999904632568 -0.5099999904632568 -0.4699999988079071 0.3100000023841858 -0.019999999552965164 0.09000000357627869 0.09000000357627869 0.5099999904632568 -0.5099999904632568 0.0 0.3100000023841858 0.0 0.09000000357627869 -0.18000000715255737 0.09000000357627869 0.09000000357627869 0.550000011920929 -0.550000011920929 -0.6200000047683716 0.3199999928474426 0.30000001192092896 0.5099999904632568 -0.5099999904632568 -0.4699999988079071 0.3100000023841858 0.0 0.09000000357627869 0.0 0.09000000357627869 0.09000000357627869 0.0 0.09000000357627869 0.09000000357627869 -0.09000000357627869 -0.2199999988079071 0.09000000357627869 0.09000000357627869 0.09000000357627869 0.5099999904632568 -0.5099999904632568 -0.4699999988079071 0.3100000023841858 0.0 0.09000000357627869 -0.05000000074505806 0.09000000357627869 0.09000000357627869 0.1899999976158142 0.12999999523162842 0.1899999976158142 -0.5099999904632568 0.4399999976158142 -0.5099999904632568 0.4399999976158142 0.3199999928474426 0.18000000715255737 0.0 -0.5099999904632568 -0.4699999988079071 0.3100000023841858 0.0 0.09000000357627869 0.05000000074505806 0.09000000357627869 0.09000000357627869 -0.6600000262260437 0.4300000071525574 0.0 -0.5099999904632568 -0.4699999988079071 0.0 0.0 0.09000000357627869 0.0 0.09000000357627869 0.0 -0.18000000715255737 0.09000000357627869 0.09000000357627869 0.550000011920929 -0.550000011920929 -0.6200000047683716 0.3199999928474426 0.30000001192092896 0.0 -0.5099999904632568 0.0 0.0 0.0 0.09000000357627869 -0.18000000715255737 0.09000000357627869 0.09000000357627869 0.0 0.09000000357627869 -0.27000001072883606 0.09000000357627869 0.09000000357627869 0.09000000357627869 -0.27000001072883606 0.09000000357627869 0.09000000357627869 0.09000000357627869 0.5099999904632568 -0.5099999904632568 -0.4699999988079071 0.0 0.0 0.0 -0.18000000715255737 0.09000000357627869 0.09000000357627869 -0.14000000059604645 0.09000000357627869 0.09000000357627869 -0.09000000357627869 0.5099999904632568 -0.5099999904632568 0.0 0.0 0.0 0.09000000357627869 0.0 0.09000000357627869 0.09000000357627869 -0.18000000715255737 0.09000000357627869 0.09000000357627869 0.550000011920929 -0.550000011920929 -0.6200000047683716 0.3199999928474426 0.30000001192092896 0.5099999904632568 -0.4699999988079071 0.0 0.0 0.09000000357627869 0.09000000357627869
165 0.5099999904632568 -0.5099999904632568 0.0 0.3100000023841858 0.0 0.09000000357627869 -0.18000000715255737 0.09000000357627869 0.09000000357627869 0.550000011920929 -0.550000011920929 -0.6200000047683716 0.3199999928474426 0.30000001192092896 0.5099999904632568 -0.5099999904632568 -0.4699999988079071 0.3100000023841858 0.0 0.09000000357627869 0.0 0.09000000357627869 0.09000000357627869 0.0 0.09000000357627869 0.09000000357627869 -0.09000000357627869 -0.2199999988079071 0.09000000357627869 0.09000000357627869 0.09000000357627869 0.5099999904632568 -0.5099999904632568 -0.4699999988079071 0.0 0.0 0.09000000357627869 0.05000000074505806 0.09000000357627869 0.09000000357627869 -0.6600000262260437 0.4300000071525574 0.0 0.0 -0.4699999988079071 0.3100000023841858 0.0 0.09000000357627869 0.05000000074505806 0.09000000357627869 0.09000000357627869 -0.6600000262260437 0.4300000071525574 0.0 -0.5099999904632568 -0.4699999988079071 0.0 0.0 0.09000000357627869 0.0 0.09000000357627869 0.0 -0.18000000715255737 0.09000000357627869 0.09000000357627869 0.550000011920929 -0.550000011920929 -0.6200000047683716 0.3199999928474426 0.30000001192092896 0.0 -0.5099999904632568 0.0 0.0 0.0 0.09000000357627869 -0.18000000715255737 0.09000000357627869 0.09000000357627869 0.0 0.09000000357627869 -0.27000001072883606 0.09000000357627869 0.09000000357627869 0.09000000357627869 -0.27000001072883606 0.09000000357627869 0.09000000357627869 0.09000000357627869 0.5099999904632568 -0.5099999904632568 -0.4699999988079071 0.0 0.0 0.0 -0.18000000715255737 0.09000000357627869 0.09000000357627869 -0.14000000059604645 0.09000000357627869 0.09000000357627869 -0.09000000357627869 -0.2199999988079071 0.09000000357627869 0.09000000357627869 0.09000000357627869 0.5099999904632568 -0.5099999904632568 0.0 0.0 0.0 0.09000000357627869 0.0 0.09000000357627869 0.09000000357627869 -0.18000000715255737 0.09000000357627869 0.09000000357627869 0.550000011920929 -0.550000011920929 -0.6200000047683716 0.30000001192092896 0.5099999904632568 -0.5099999904632568 -0.4699999988079071 0.0 0.0 0.0 0.09000000357627869 0.09000000357627869 0.09000000357627869 0.09000000357627869 0.0 0.09000000357627869 -0.18000000715255737 0.09000000357627869 -0.27000001072883606 0.09000000357627869 0.0 0.09000000357627869
166 0.0 0.0 0.09000000357627869 -0.18000000715255737 0.09000000357627869 0.550000011920929 -0.550000011920929 -0.6200000047683716 0.3199999928474426 0.30000001192092896 0.5099999904632568 -0.5099999904632568 -0.4699999988079071 0.3100000023841858 0.0 0.09000000357627869 0.0 0.09000000357627869 0.09000000357627869 0.0 0.09000000357627869 0.09000000357627869 -0.09000000357627869 -0.2199999988079071 0.09000000357627869 0.09000000357627869 0.09000000357627869 0.5099999904632568 -0.5099999904632568 -0.4699999988079071 0.0 0.0 0.09000000357627869 0.05000000074505806 0.09000000357627869 0.09000000357627869 -0.6600000262260437 0.4300000071525574 0.0 0.0 -0.4699999988079071 0.3100000023841858 0.0 0.09000000357627869 -0.05000000074505806 0.09000000357627869 0.09000000357627869 0.1899999976158142 0.12999999523162842 0.1899999976158142 -0.5099999904632568 0.4399999976158142 -0.5099999904632568 0.4399999976158142 0.3199999928474426 0.18000000715255737 0.0 -0.5099999904632568 -0.4699999988079071 0.0 0.0 0.09000000357627869 0.0 0.09000000357627869 0.0 -0.18000000715255737 0.09000000357627869 0.09000000357627869 0.550000011920929 -0.550000011920929 -0.6200000047683716 0.3199999928474426 0.30000001192092896 0.0 -0.5099999904632568 0.0 0.0 0.0 0.09000000357627869 -0.18000000715255737 0.09000000357627869 0.09000000357627869 0.0 0.09000000357627869 -0.27000001072883606 0.09000000357627869 0.09000000357627869 0.09000000357627869 -0.27000001072883606 0.09000000357627869 0.09000000357627869 0.09000000357627869 0.5099999904632568 -0.5099999904632568 -0.4699999988079071 0.0 0.0 0.0 -0.18000000715255737 0.09000000357627869 0.09000000357627869 -0.14000000059604645 0.09000000357627869 0.09000000357627869 -0.09000000357627869 -0.2199999988079071 0.09000000357627869 0.09000000357627869 0.09000000357627869 0.5099999904632568 -0.5099999904632568 0.0 0.0 0.0 0.09000000357627869 0.0 0.09000000357627869 0.09000000357627869 -0.18000000715255737 0.09000000357627869 0.09000000357627869 0.550000011920929 -0.550000011920929 -0.6200000047683716 0.3199999928474426 0.30000001192092896 0.5099999904632568 -0.5099999904632568 -0.4699999988079071 0.0 0.0 0.09000000357627869 0.0 0.09000000357627869 0.09000000357627869 0.0 0.09000000357627869 -0.27000001072883606 0.09000000357627869 0.09000000357627869 -0.27000001072883606 0.09000000357627869 0.09000000357627869 0.0 -0.5099999904632568 0.0 0.0 0.0 0.09000000357627869 0.0 0.09000000357627869 -0.27000001072883606 0.09000000357627869 -0.18000000715255737 0.09000000357627869 0.09000000357627869 -0.27000001072883606 0.09000000357627869 0.0 0.09000000357627869 0.5099999904632568 -0.5099999904632568 0.3100000023841858
167 0.09000000357627869 0.5099999904632568 -0.5099999904632568 0.0 0.0 0.09000000357627869 -0.18000000715255737 0.09000000357627869 0.09000000357627869 0.0 0.09000000357627869 -0.27000001072883606 0.09000000357627869 0.09000000357627869 -0.27000001072883606 0.09000000357627869 0.09000000357627869 0.09000000357627869 0.0 -0.5099999904632568 0.0 0.09000000357627869 0.5099999904632568 -0.4699999988079071 0.3100000023841858 -0.019999999552965164 0.5099999904632568 -0.5099999904632568 0.0 0.3100000023841858 0.0 0.09000000357627869 -0.18000000715255737 0.09000000357627869 0.09000000357627869 0.550000011920929 -0.550000011920929 -0.6200000047683716 0.3199999928474426 0.30000001192092896 0.5099999904632568 -0.5099999904632568 -0.4699999988079071 0.3100000023841858 0.0 0.09000000357627869 0.0 0.09000000357627869 0.09000000357627869 0.0 0.09000000357627869 0.09000000357627869 -0.09000000357627869 -0.2199999988079071 0.09000000357627869 0.09000000357627869 0.09000000357627869 0.5099999904632568 -0.5099999904632568 -0.4699999988079071 0.0 0.0 0.09000000357627869 0.05000000074505806 0.09000000357627869 0.09000000357627869 -0.6600000262260437 0.4300000071525574 0.0 0.0 -0.4699999988079071 0.3100000023841858 0.0 0.09000000357627869 -0.05000000074505806 0.09000000357627869 0.09000000357627869 0.1899999976158142 0.12999999523162842 0.1899999976158142 -0.5099999904632568 0.4399999976158142 -0.5099999904632568 0.4399999976158142 0.3199999928474426 0.18000000715255737 0.0 -0.5099999904632568 -0.4699999988079071 0.3100000023841858 0.0 0.09000000357627869 0.05000000074505806 0.09000000357627869 0.09000000357627869 -0.6600000262260437 0.4300000071525574 0.0 -0.5099999904632568 0.0 0.0 0.0 0.09000000357627869 -0.18000000715255737 0.09000000357627869 0.09000000357627869 0.0 0.09000000357627869 -0.27000001072883606 0.09000000357627869 0.09000000357627869 0.09000000357627869 -0.27000001072883606 0.09000000357627869 0.09000000357627869 0.09000000357627869 0.5099999904632568 -0.5099999904632568 -0.4699999988079071 0.0 0.0 0.0 -0.18000000715255737 0.09000000357627869 0.09000000357627869 -0.14000000059604645 0.09000000357627869 0.09000000357627869 -0.09000000357627869 -0.2199999988079071 0.09000000357627869 0.09000000357627869 0.09000000357627869 0.5099999904632568 -0.5099999904632568 0.0 0.0 0.0 0.09000000357627869 0.0 0.09000000357627869 0.09000000357627869 -0.18000000715255737 0.09000000357627869 0.09000000357627869 0.550000011920929 -0.550000011920929 -0.6200000047683716 0.3199999928474426 0.30000001192092896 0.5099999904632568 -0.5099999904632568 -0.4699999988079071 0.0 0.0 0.09000000357627869 0.0 0.09000000357627869 0.09000000357627869 0.0 0.09000000357627869 -0.27000001072883606 0.09000000357627869 0.09000000357627869 0.09000000357627869 -0.27000001072883606 0.09000000357627869 0.09000000357627869 0.09000000357627869 0.0 -0.5099999904632568 0.0 0.0 0.0 0.09000000357627869 0.0 0.09000000357627869 -0.27000001072883606 0.09000000357627869 0.09000000357627869 0.09000000357627869 -0.18000000715255737 0.09000000357627869 0.09000000357627869 -0.27000001072883606 0.09000000357627869 0.0 0.09000000357627869 0.5099999904632568 -0.5099999904632568 0.0 0.3100000023841858 -0.019999999552965164 0.09000000357627869 0.09000000357627869
168 0.0 0.5099999904632568 -0.5099999904632568 -0.4699999988079071 0.3100000023841858 0.0 0.09000000357627869 0.0 0.09000000357627869 0.09000000357627869 0.0 0.09000000357627869 0.09000000357627869 -0.09000000357627869 -0.2199999988079071 0.09000000357627869 0.09000000357627869 0.09000000357627869 0.5099999904632568 -0.5099999904632568 -0.4699999988079071 0.0 0.0 0.09000000357627869 0.05000000074505806 0.09000000357627869 0.09000000357627869 -0.6600000262260437 0.4300000071525574 0.0 0.0 -0.4699999988079071 0.3100000023841858 0.0 0.09000000357627869 -0.05000000074505806 0.09000000357627869 0.09000000357627869 0.1899999976158142 0.12999999523162842 0.1899999976158142 -0.5099999904632568 0.4399999976158142 -0.5099999904632568 0.4399999976158142 0.3199999928474426 0.18000000715255737 0.0 -0.5099999904632568 -0.4699999988079071 0.3100000023841858 0.0 0.09000000357627869 0.05000000074505806 0.09000000357627869 0.09000000357627869 -0.6600000262260437 0.4300000071525574 0.0 -0.5099999904632568 -0.4699999988079071 0.0 0.0 0.09000000357627869 0.0 0.09000000357627869 0.0 -0.18000000715255737 0.09000000357627869 0.09000000357627869 0.550000011920929 -0.550000011920929 -0.6200000047683716 0.3199999928474426 0.30000001192092896 0.0 -0.5099999904632568 -0.4699999988079071 0.0 0.0 0.0 -0.18000000715255737 0.09000000357627869 0.09000000357627869 -0.14000000059604645 0.09000000357627869 0.09000000357627869 -0.09000000357627869 -0.2199999988079071 0.09000000357627869 0.09000000357627869 0.09000000357627869 0.5099999904632568 -0.5099999904632568 0.0 0.0 0.0 0.09000000357627869 0.0 0.09000000357627869 0.09000000357627869 -0.18000000715255737 0.09000000357627869 0.09000000357627869 0.550000011920929 -0.550000011920929 -0.6200000047683716 0.3199999928474426 0.30000001192092896 0.5099999904632568 -0.5099999904632568 -0.4699999988079071 0.0 0.0 0.09000000357627869 0.0 0.09000000357627869 0.09000000357627869 0.0 0.09000000357627869 -0.27000001072883606 0.09000000357627869 0.09000000357627869 0.09000000357627869 -0.27000001072883606 0.09000000357627869 0.09000000357627869 0.09000000357627869 0.0 -0.5099999904632568 0.0 0.0 0.0 0.09000000357627869 0.0 0.09000000357627869 -0.27000001072883606 0.09000000357627869 0.09000000357627869 0.09000000357627869 -0.18000000715255737 0.09000000357627869 0.09000000357627869 -0.27000001072883606 0.09000000357627869 0.0 0.09000000357627869 0.5099999904632568 -0.5099999904632568 0.0 0.3100000023841858 -0.019999999552965164 0.09000000357627869 0.09000000357627869
169 -0.5099999904632568 0.0 0.09000000357627869 0.0 0.09000000357627869 0.0 0.09000000357627869 0.09000000357627869 -0.09000000357627869 -0.2199999988079071 0.09000000357627869 0.09000000357627869 0.09000000357627869 0.5099999904632568 -0.5099999904632568 -0.4699999988079071 0.0 0.0 0.09000000357627869 0.05000000074505806 0.09000000357627869 0.09000000357627869 -0.6600000262260437 0.4300000071525574 0.0 0.0 -0.4699999988079071 0.3100000023841858 0.0 0.09000000357627869 -0.05000000074505806 0.09000000357627869 0.09000000357627869 0.1899999976158142 0.12999999523162842 0.1899999976158142 -0.5099999904632568 0.4399999976158142 -0.5099999904632568 0.4399999976158142 0.3199999928474426 0.18000000715255737 0.0 -0.5099999904632568 -0.4699999988079071 0.3100000023841858 0.0 0.09000000357627869 0.05000000074505806 0.09000000357627869 0.09000000357627869 -0.6600000262260437 0.4300000071525574 0.0 -0.5099999904632568 -0.4699999988079071 0.0 0.0 0.09000000357627869 0.0 0.09000000357627869 0.0 -0.18000000715255737 0.09000000357627869 0.09000000357627869 0.550000011920929 -0.550000011920929 -0.6200000047683716 0.3199999928474426 0.30000001192092896 0.0 -0.5099999904632568 0.0 0.0 0.0 0.09000000357627869 -0.18000000715255737 0.09000000357627869 0.09000000357627869 0.0 0.09000000357627869 -0.27000001072883606 0.09000000357627869 0.09000000357627869 0.09000000357627869 -0.27000001072883606 0.09000000357627869 0.09000000357627869 0.09000000357627869 0.5099999904632568 -0.5099999904632568 0.0 0.0 0.0 0.09000000357627869 0.0 0.09000000357627869 0.09000000357627869 -0.18000000715255737 0.09000000357627869 0.09000000357627869 0.550000011920929 -0.550000011920929 -0.6200000047683716 0.3199999928474426 0.30000001192092896 0.5099999904632568 -0.5099999904632568 -0.4699999988079071 0.0 0.0 0.09000000357627869 0.0 0.09000000357627869 0.09000000357627869 0.0 0.09000000357627869 -0.27000001072883606 0.09000000357627869 0.09000000357627869 0.09000000357627869 -0.27000001072883606 0.09000000357627869 0.09000000357627869 0.09000000357627869 0.0 -0.5099999904632568 0.0 0.0 0.0 0.09000000357627869 0.0 0.09000000357627869 -0.27000001072883606 0.09000000357627869 0.09000000357627869 0.09000000357627869 -0.18000000715255737 0.09000000357627869 0.09000000357627869 -0.27000001072883606 0.09000000357627869 0.0 0.09000000357627869 0.5099999904632568 -0.5099999904632568 0.0 0.3100000023841858 -0.019999999552965164 0.09000000357627869 0.09000000357627869 0.5099999904632568 -0.5099999904632568 -0.28999999165534973 0.0 0.09000000357627869 0.09000000357627869 0.09000000357627869
17 0.0 0.0 0.019999999552965164 0.09000000357627869 -0.18000000715255737 0.09000000357627869 0.09000000357627869 -0.18000000715255737 0.09000000357627869 0.09000000357627869 0.0 -0.5099999904632568 -0.4699999988079071 0.3100000023841858 -0.019999999552965164 0.09000000357627869 0.09000000357627869 0.5099999904632568 -0.5099999904632568 -0.4699999988079071 0.3100000023841858 0.0 0.09000000357627869 0.05000000074505806 0.09000000357627869 0.09000000357627869 -0.6600000262260437 0.4300000071525574 0.0 -0.5099999904632568 0.0 0.3100000023841858 0.0 0.09000000357627869 0.0 0.09000000357627869 0.09000000357627869 -0.18000000715255737 0.09000000357627869 0.09000000357627869 0.20000000298023224 0.09000000357627869 0.09000000357627869 -0.699999988079071 0.4399999976158142 0.6399999856948853 -0.800000011920929 0.46000000834465027 0.46000000834465027 -0.800000011920929 0.46000000834465027 0.46000000834465027 0.5099999904632568 -0.5099999904632568 -0.4699999988079071 0.3100000023841858 0.07000000029802322 0.09000000357627869 0.05000000074505806 0.09000000357627869 0.09000000357627869 -0.6600000262260437 0.4300000071525574 0.5099999904632568 -0.5099999904632568 -0.4699999988079071 0.3100000023841858 0.0 0.09000000357627869 0.05000000074505806 0.09000000357627869 0.09000000357627869 -0.6600000262260437 0.4300000071525574 0.5099999904632568 -0.5099999904632568 -0.4699999988079071 0.3100000023841858 0.0 0.09000000357627869 0.0 0.09000000357627869 -0.6600000262260437 0.4300000071525574 -0.27000001072883606 0.09000000357627869 0.09000000357627869 0.09000000357627869 0.0 -0.5099999904632568 0.0 0.3100000023841858 0.0 0.09000000357627869 -0.18000000715255737 0.09000000357627869 0.0 0.09000000357627869 0.09000000357627869
170 0.3199999928474426 0.30000001192092896 -0.5099999904632568 0.09000000357627869 0.0 0.09000000357627869 0.09000000357627869 -0.09000000357627869 -0.2199999988079071 0.09000000357627869 0.09000000357627869 0.09000000357627869 0.5099999904632568 -0.4699999988079071 0.0 0.0 0.05000000074505806 0.09000000357627869 -0.6600000262260437 0.4300000071525574 0.0 0.0 -0.4699999988079071 0.3100000023841858 0.0 0.09000000357627869 -0.05000000074505806 0.09000000357627869 0.09000000357627869 0.1899999976158142 0.12999999523162842 0.1899999976158142 -0.5099999904632568 -0.5099999904632568 0.4399999976158142 0.3199999928474426 0.18000000715255737 0.0 -0.5099999904632568 -0.4699999988079071 0.3100000023841858 0.0 0.09000000357627869 0.05000000074505806 0.09000000357627869 0.09000000357627869 -0.6600000262260437 0.4300000071525574 0.0 -0.5099999904632568 -0.4699999988079071 0.0 0.0 0.09000000357627869 0.0 0.09000000357627869 0.0 -0.18000000715255737 0.09000000357627869 0.09000000357627869 0.550000011920929 -0.550000011920929 -0.6200000047683716 0.3199999928474426 0.30000001192092896 0.0 -0.5099999904632568 0.0 0.0 0.0 0.09000000357627869 -0.18000000715255737 0.09000000357627869 0.09000000357627869 0.0 0.09000000357627869 -0.27000001072883606 0.09000000357627869 0.09000000357627869 0.09000000357627869 -0.27000001072883606 0.09000000357627869 0.09000000357627869 0.09000000357627869 0.5099999904632568 -0.5099999904632568 -0.4699999988079071 0.0 0.0 0.0 -0.18000000715255737 0.09000000357627869 0.09000000357627869 -0.14000000059604645 0.09000000357627869 0.09000000357627869 -0.09000000357627869 -0.2199999988079071 0.09000000357627869 0.09000000357627869 0.09000000357627869 0.5099999904632568 -0.5099999904632568 -0.4699999988079071 0.0 0.0 0.09000000357627869 0.0 0.09000000357627869 0.09000000357627869 0.0 0.09000000357627869 -0.27000001072883606 0.09000000357627869 0.09000000357627869 0.09000000357627869 -0.27000001072883606 0.09000000357627869 0.09000000357627869 0.09000000357627869 0.0 -0.5099999904632568 0.0 0.0 0.0 0.09000000357627869 0.0 0.09000000357627869 -0.27000001072883606 0.09000000357627869 0.09000000357627869 0.09000000357627869 -0.18000000715255737 0.09000000357627869 0.09000000357627869 -0.27000001072883606 0.09000000357627869 0.0 0.09000000357627869 0.5099999904632568 -0.5099999904632568 0.0 0.3100000023841858 -0.019999999552965164 0.09000000357627869 0.09000000357627869 0.5099999904632568 -0.5099999904632568 -0.28999999165534973 0.0 0.09000000357627869 0.09000000357627869 0.0 0.09000000357627869 -0.18000000715255737 0.09000000357627869 -0.18000000715255737 0.09000000357627869 0.09000000357627869 0.5099999904632568 0.0 0.3100000023841858 0.0 -0.27000001072883606 0.09000000357627869 0.5099999904632568 -0.5099999904632568 0.0 0.3100000023841858 -0.019999999552965164 0.09000000357627869 0.09000000357627869 -0.4699999988079071 0.3100000023841858 0.09000000357627869
171 0.0 0.09000000357627869 0.09000000357627869 -0.09000000357627869 -0.2199999988079071 0.09000000357627869 0.09000000357627869 0.09000000357627869 0.0 0.0 0.0 0.09000000357627869 0.0 -0.5099999904632568 -0.4699999988079071 0.3100000023841858 0.0 0.09000000357627869 0.05000000074505806 0.09000000357627869 0.09000000357627869 -0.6600000262260437 0.4300000071525574 0.0 -0.5099999904632568 -0.4699999988079071 0.0 0.0 0.09000000357627869 0.0 0.09000000357627869 0.0 -0.18000000715255737 0.09000000357627869 0.09000000357627869 0.550000011920929 -0.550000011920929 -0.6200000047683716 0.3199999928474426 0.30000001192092896 0.0 -0.5099999904632568 0.0 0.0 0.0 0.09000000357627869 -0.18000000715255737 0.09000000357627869 0.09000000357627869 0.0 0.09000000357627869 -0.27000001072883606 0.09000000357627869 0.09000000357627869 0.09000000357627869 -0.27000001072883606 0.09000000357627869 0.09000000357627869 0.09000000357627869 0.5099999904632568 -0.5099999904632568 -0.4699999988079071 0.0 0.0 0.0 -0.18000000715255737 0.09000000357627869 0.09000000357627869 -0.14000000059604645 0.09000000357627869 0.09000000357627869 -0.09000000357627869 -0.2199999988079071 0.09000000357627869 0.09000000357627869 0.09000000357627869 0.5099999904632568 -0.5099999904632568 0.0 0.0 0.0 0.09000000357627869 0.0 0.09000000357627869 0.09000000357627869 -0.18000000715255737 0.09000000357627869 0.09000000357627869 0.550000011920929 -0.550000011920929 -0.6200000047683716 0.3199999928474426 0.30000001192092896 0.5099999904632568 -0.5099999904632568 0.0 0.0 0.0 0.09000000357627869 0.0 0.09000000357627869 -0.27000001072883606 0.09000000357627869 0.09000000357627869 0.09000000357627869 -0.18000000715255737 0.09000000357627869 0.09000000357627869 -0.27000001072883606 0.09000000357627869 0.0 0.09000000357627869 0.5099999904632568 -0.5099999904632568 0.0 0.3100000023841858 -0.019999999552965164 0.09000000357627869 0.09000000357627869 0.5099999904632568 -0.5099999904632568 -0.28999999165534973 0.0 0.09000000357627869 0.09000000357627869 0.0 0.09000000357627869 -0.18000000715255737 0.09000000357627869 0.09000000357627869 -0.18000000715255737 0.09000000357627869 0.09000000357627869 0.5099999904632568 -0.5099999904632568 0.0 0.3100000023841858 0.0 0.09000000357627869 -0.27000001072883606 0.09000000357627869 0.09000000357627869 0.5099999904632568 -0.5099999904632568 0.0 0.3100000023841858 -0.019999999552965164 0.09000000357627869 0.09000000357627869 0.5099999904632568 -0.5099999904632568 -0.4699999988079071 0.3100000023841858 0.07000000029802322 0.09000000357627869 -0.18000000715255737 0.09000000357627869 0.09000000357627869 0.0 0.09000000357627869 -0.27000001072883606 0.09000000357627869 -0.27000001072883606 0.09000000357627869 0.09000000357627869 0.09000000357627869 0.5099999904632568 -0.5099999904632568 -0.4699999988079071 0.3100000023841858 -0.019999999552965164 0.09000000357627869 0.3100000023841858
172 -0.5099999904632568 0.4399999976158142 -0.5099999904632568 0.4399999976158142 0.3199999928474426 0.18000000715255737 0.0 -0.5099999904632568 -0.4699999988079071 0.0 0.09000000357627869 0.05000000074505806 0.09000000357627869 0.0 -0.5099999904632568 -0.4699999988079071 0.0 0.0 0.09000000357627869 0.0 0.09000000357627869 0.0 -0.18000000715255737 0.09000000357627869 0.09000000357627869 0.550000011920929 -0.550000011920929 0.0 -0.5099999904632568 0.0 0.0 0.0 0.09000000357627869 -0.18000000715255737 0.09000000357627869 0.09000000357627869 0.0 0.09000000357627869 -0.27000001072883606 0.09000000357627869 0.09000000357627869 0.09000000357627869 -0.27000001072883606 0.09000000357627869 0.09000000357627869 0.09000000357627869 0.5099999904632568 -0.5099999904632568 -0.4699999988079071 0.0 0.0 0.0 -0.18000000715255737 0.09000000357627869 0.09000000357627869 -0.14000000059604645 0.09000000357627869 0.09000000357627869 -0.09000000357627869 -0.2199999988079071 0.09000000357627869 0.09000000357627869 0.09000000357627869 0.5099999904632568 -0.5099999904632568 0.0 0.0 0.0 0.09000000357627869 0.0 0.09000000357627869 0.09000000357627869 -0.18000000715255737 0.09000000357627869 0.09000000357627869 0.550000011920929 -0.550000011920929 -0.6200000047683716 0.3199999928474426 0.30000001192092896 0.5099999904632568 -0.5099999904632568 -0.4699999988079071 0.0 0.0 0.09000000357627869 0.0 0.09000000357627869 0.09000000357627869 0.0 0.09000000357627869 -0.27000001072883606 0.09000000357627869 0.09000000357627869 0.09000000357627869 -0.27000001072883606 0.09000000357627869 0.09000000357627869 0.09000000357627869 0.0 -0.5099999904632568 0.0 0.3100000023841858 -0.019999999552965164 0.09000000357627869 0.09000000357627869 0.5099999904632568 -0.5099999904632568 -0.28999999165534973 0.0 0.09000000357627869 0.09000000357627869 0.0 0.09000000357627869 -0.18000000715255737 0.09000000357627869 0.09000000357627869 -0.18000000715255737 0.09000000357627869 0.09000000357627869 0.5099999904632568 -0.5099999904632568 0.0 0.3100000023841858 0.0 0.09000000357627869 -0.27000001072883606 0.09000000357627869 0.09000000357627869 0.09000000357627869 0.5099999904632568 -0.5099999904632568 0.0 0.3100000023841858 -0.019999999552965164 0.09000000357627869 0.09000000357627869 0.5099999904632568 -0.5099999904632568 -0.4699999988079071 0.3100000023841858 0.09000000357627869
173 -0.5099999904632568 0.09000000357627869 0.09000000357627869 0.0 -0.5099999904632568 0.0 0.0 0.09000000357627869 0.5099999904632568 -0.5099999904632568 -0.4699999988079071 0.0 0.0 0.0 -0.18000000715255737 0.09000000357627869 0.09000000357627869 -0.14000000059604645 0.09000000357627869 0.09000000357627869 -0.09000000357627869 -0.2199999988079071 0.09000000357627869 0.09000000357627869 0.09000000357627869 0.5099999904632568 -0.5099999904632568 0.0 0.0 0.0 0.09000000357627869 0.0 0.09000000357627869 0.09000000357627869 -0.18000000715255737 0.09000000357627869 0.09000000357627869 0.550000011920929 -0.550000011920929 -0.6200000047683716 0.3199999928474426 0.30000001192092896 0.5099999904632568 -0.5099999904632568 -0.4699999988079071 0.0 0.0 0.09000000357627869 0.0 0.09000000357627869 0.09000000357627869 0.0 0.09000000357627869 -0.27000001072883606 0.09000000357627869 0.09000000357627869 0.09000000357627869 -0.27000001072883606 0.09000000357627869 0.09000000357627869 0.09000000357627869 0.0 -0.5099999904632568 0.0 0.0 0.0 0.09000000357627869 0.0 0.09000000357627869 -0.27000001072883606 0.09000000357627869 0.09000000357627869 0.09000000357627869 -0.18000000715255737 0.09000000357627869 0.09000000357627869 -0.27000001072883606 0.09000000357627869 0.0 0.09000000357627869 0.5099999904632568 -0.5099999904632568 -0.28999999165534973 0.0 0.09000000357627869 0.09000000357627869 0.0 0.09000000357627869 -0.18000000715255737 0.09000000357627869 0.09000000357627869 -0.18000000715255737 0.09000000357627869 0.09000000357627869 0.5099999904632568 -0.5099999904632568 0.0 0.3100000023841858 0.0 0.09000000357627869 -0.27000001072883606 0.09000000357627869 0.09000000357627869 0.09000000357627869 0.5099999904632568 -0.5099999904632568 0.0 0.3100000023841858 -0.019999999552965164 0.09000000357627869 0.09000000357627869 0.5099999904632568 -0.5099999904632568 -0.4699999988079071 0.3100000023841858 0.07000000029802322 0.09000000357627869 -0.18000000715255737 0.09000000357627869 0.09000000357627869 0.09000000357627869 0.5099999904632568 -0.5099999904632568 -0.4699999988079071 0.3100000023841858
174 0.09000000357627869 0.09000000357627869 0.5099999904632568 -0.5099999904632568 0.0 0.0 0.09000000357627869 0.0 0.09000000357627869 0.09000000357627869 -0.18000000715255737 0.09000000357627869 0.09000000357627869 0.550000011920929 0.30000001192092896 0.5099999904632568 -0.5099999904632568 -0.4699999988079071 0.0 0.0 0.09000000357627869 0.0 0.09000000357627869 0.0 0.09000000357627869 -0.27000001072883606 0.09000000357627869 0.0 -0.5099999904632568 0.0 0.0 0.0 0.09000000357627869 0.0 0.09000000357627869 -0.27000001072883606 0.09000000357627869 0.09000000357627869 0.09000000357627869 -0.18000000715255737 0.09000000357627869 0.09000000357627869 -0.27000001072883606 0.0 0.09000000357627869 0.5099999904632568 -0.5099999904632568 0.0 0.3100000023841858 -0.019999999552965164 0.09000000357627869 0.09000000357627869 0.5099999904632568 -0.5099999904632568 0.0 0.3100000023841858 0.0 0.09000000357627869 -0.27000001072883606 0.09000000357627869 0.09000000357627869 0.09000000357627869 0.5099999904632568 -0.5099999904632568 0.0 0.3100000023841858 -0.019999999552965164 0.09000000357627869 0.09000000357627869 0.5099999904632568 -0.5099999904632568 -0.4699999988079071 0.3100000023841858 0.07000000029802322 0.09000000357627869 -0.18000000715255737 0.09000000357627869 0.09000000357627869 0.5099999904632568 -0.4699999988079071 0.3100000023841858
175 0.0 0.09000000357627869 0.09000000357627869 0.5099999904632568 -0.5099999904632568 -0.4699999988079071 0.0 0.09000000357627869 0.0 0.0 0.09000000357627869 -0.27000001072883606 0.09000000357627869 0.09000000357627869 0.09000000357627869 0.0 -0.5099999904632568 0.0 0.0 0.0 0.09000000357627869 0.0 0.09000000357627869 -0.27000001072883606 0.09000000357627869 0.09000000357627869 0.09000000357627869 -0.18000000715255737 0.09000000357627869 0.09000000357627869 0.5099999904632568 -0.5099999904632568 0.0 0.3100000023841858 -0.019999999552965164 0.09000000357627869 0.09000000357627869 0.5099999904632568 -0.5099999904632568 -0.28999999165534973 0.0 0.09000000357627869 0.09000000357627869 0.0 0.09000000357627869 -0.18000000715255737 0.09000000357627869 0.09000000357627869 -0.18000000715255737 0.09000000357627869 0.09000000357627869 0.5099999904632568 -0.5099999904632568 0.0 0.3100000023841858 -0.019999999552965164 0.09000000357627869 0.09000000357627869 0.5099999904632568 -0.5099999904632568 -0.4699999988079071 0.3100000023841858 0.07000000029802322 0.09000000357627869 -0.18000000715255737 0.09000000357627869 0.09000000357627869 0.0 0.09000000357627869 -0.27000001072883606 0.09000000357627869 0.09000000357627869 0.09000000357627869 -0.27000001072883606 0.09000000357627869 0.09000000357627869 0.09000000357627869 0.5099999904632568 -0.5099999904632568 -0.4699999988079071 0.3100000023841858 -0.019999999552965164 0.09000000357627869 0.09000000357627869 0.5099999904632568 -0.5099999904632568 -0.4699999988079071 0.3100000023841858 0.3100000023841858 0.09000000357627869 0.0 0.09000000357627869 -0.27000001072883606 0.09000000357627869 0.09000000357627869 0.09000000357627869
176 0.5099999904632568 -0.5099999904632568 -0.4699999988079071 0.0 0.0 0.09000000357627869 0.0 0.09000000357627869 0.09000000357627869 0.0 0.09000000357627869 -0.27000001072883606 0.09000000357627869 0.09000000357627869 0.09000000357627869 -0.27000001072883606 0.09000000357627869 0.09000000357627869 0.09000000357627869 0.0 -0.5099999904632568 0.0 0.0 0.0 0.09000000357627869 0.0 0.09000000357627869 -0.27000001072883606 0.09000000357627869 0.09000000357627869 0.09000000357627869 -0.18000000715255737 0.09000000357627869 0.09000000357627869 0.5099999904632568 -0.5099999904632568 0.0 0.3100000023841858 -0.019999999552965164 0.09000000357627869 0.09000000357627869 0.5099999904632568 -0.5099999904632568 -0.28999999165534973 0.0 0.09000000357627869 0.09000000357627869 0.0 0.09000000357627869 -0.18000000715255737 0.09000000357627869 0.09000000357627869 -0.18000000715255737 0.09000000357627869 0.09000000357627869 0.5099999904632568 -0.5099999904632568 0.0 0.3100000023841858 0.0 0.09000000357627869 -0.27000001072883606 0.09000000357627869 0.09000000357627869 0.09000000357627869 0.5099999904632568 -0.5099999904632568 -0.4699999988079071 0.3100000023841858 0.07000000029802322 0.09000000357627869 -0.18000000715255737 0.09000000357627869 0.09000000357627869 0.0 0.09000000357627869 -0.27000001072883606 0.09000000357627869 0.09000000357627869 0.09000000357627869 -0.27000001072883606 0.09000000357627869 0.09000000357627869 0.09000000357627869 0.5099999904632568 -0.5099999904632568 -0.4699999988079071 0.3100000023841858 -0.019999999552965164 0.09000000357627869 0.09000000357627869 0.5099999904632568 -0.5099999904632568 -0.4699999988079071 0.3100000023841858 -0.019999999552965164 0.09000000357627869 0.09000000357627869 0.5099999904632568 -0.5099999904632568 0.0 0.3100000023841858 0.0 0.09000000357627869 -0.18000000715255737 0.09000000357627869 0.09000000357627869 0.0 0.09000000357627869 -0.27000001072883606 0.09000000357627869 0.09000000357627869 0.09000000357627869 -0.27000001072883606 0.09000000357627869 0.09000000357627869 0.09000000357627869 0.3100000023841858
177 0.5099999904632568 -0.5099999904632568 -0.4699999988079071 0.0 0.09000000357627869 0.0 0.09000000357627869 0.09000000357627869 0.0 0.09000000357627869 -0.27000001072883606 0.09000000357627869 0.09000000357627869 0.09000000357627869 -0.27000001072883606 0.09000000357627869 0.09000000357627869 0.09000000357627869 0.0 -0.5099999904632568 0.0 0.0 0.0 0.09000000357627869 0.5099999904632568 -0.5099999904632568 0.0 0.3100000023841858 -0.019999999552965164 0.09000000357627869 0.09000000357627869 0.5099999904632568 -0.5099999904632568 -0.28999999165534973 0.0 0.09000000357627869 0.09000000357627869 0.0 0.09000000357627869 -0.18000000715255737 0.09000000357627869 -0.18000000715255737 0.09000000357627869 0.5099999904632568 -0.5099999904632568 0.0 0.3100000023841858 0.0 0.09000000357627869 -0.27000001072883606 0.09000000357627869 0.09000000357627869 0.09000000357627869 0.5099999904632568 -0.5099999904632568 0.0 0.3100000023841858 -0.019999999552965164 0.09000000357627869 0.09000000357627869 0.5099999904632568 -0.5099999904632568 -0.4699999988079071 0.3100000023841858 -0.019999999552965164 0.09000000357627869 0.09000000357627869 0.5099999904632568 -0.5099999904632568 -0.4699999988079071 0.3100000023841858 -0.019999999552965164 0.09000000357627869 0.09000000357627869 0.5099999904632568 -0.5099999904632568 0.0 0.3100000023841858 0.0 0.09000000357627869 -0.18000000715255737 0.09000000357627869 0.09000000357627869 0.0 0.09000000357627869 -0.27000001072883606 0.09000000357627869 0.09000000357627869 0.09000000357627869 -0.27000001072883606 0.09000000357627869 0.09000000357627869 0.09000000357627869 0.5099999904632568 -0.5099999904632568 -0.4699999988079071 0.3100000023841858 -0.019999999552965164 0.09000000357627869 0.09000000357627869 0.5099999904632568 -0.5099999904632568 -0.4699999988079071 0.0 -0.019999999552965164 0.09000000357627869 0.09000000357627869 0.5099999904632568 0.3100000023841858 0.0
178 0.09000000357627869 -0.27000001072883606 0.09000000357627869 0.09000000357627869 0.09000000357627869 -0.5099999904632568 0.5099999904632568 -0.5099999904632568 0.5099999904632568 -0.5099999904632568 0.0 0.3100000023841858 0.0 0.09000000357627869 -0.27000001072883606 0.09000000357627869 0.09000000357627869 0.09000000357627869 0.5099999904632568 -0.5099999904632568 0.0 0.3100000023841858 -0.019999999552965164 0.09000000357627869 0.09000000357627869 0.5099999904632568 -0.5099999904632568 -0.4699999988079071 0.3100000023841858 0.07000000029802322 0.09000000357627869 -0.18000000715255737 0.09000000357627869 0.09000000357627869 0.0 0.09000000357627869 -0.27000001072883606 0.09000000357627869 0.09000000357627869 0.09000000357627869 -0.27000001072883606 0.09000000357627869 0.09000000357627869 0.09000000357627869 0.5099999904632568 -0.5099999904632568 -0.4699999988079071 0.3100000023841858 -0.019999999552965164 0.09000000357627869 0.09000000357627869 0.5099999904632568 -0.5099999904632568 0.0 0.3100000023841858 0.0 0.09000000357627869 -0.18000000715255737 0.09000000357627869 0.09000000357627869 0.0 0.09000000357627869 -0.27000001072883606 0.09000000357627869 0.09000000357627869 0.09000000357627869 -0.27000001072883606 0.09000000357627869 0.09000000357627869 0.09000000357627869 0.5099999904632568 -0.5099999904632568 -0.4699999988079071 0.3100000023841858 -0.019999999552965164 0.09000000357627869 0.09000000357627869 0.5099999904632568 -0.5099999904632568 -0.4699999988079071 0.0 -0.019999999552965164 0.09000000357627869 0.09000000357627869 0.5099999904632568 -0.5099999904632568 0.0 0.3100000023841858 0.0 0.09000000357627869 -0.18000000715255737 0.09000000357627869 0.0 0.0 -0.27000001072883606 0.09000000357627869 0.09000000357627869 0.09000000357627869 -0.27000001072883606 0.09000000357627869 0.09000000357627869 0.09000000357627869
179 0.09000000357627869 0.5099999904632568 -0.5099999904632568 0.0 0.3100000023841858 -0.019999999552965164 0.09000000357627869 0.09000000357627869 0.5099999904632568 -0.5099999904632568 -0.4699999988079071 0.3100000023841858 0.07000000029802322 0.09000000357627869 -0.18000000715255737 0.09000000357627869 0.09000000357627869 0.0 0.09000000357627869 -0.27000001072883606 0.09000000357627869 0.09000000357627869 0.09000000357627869 -0.27000001072883606 0.09000000357627869 0.09000000357627869 0.09000000357627869 0.5099999904632568 -0.5099999904632568 -0.4699999988079071 0.3100000023841858 -0.019999999552965164 0.09000000357627869 0.09000000357627869 0.5099999904632568 -0.5099999904632568 0.0 0.3100000023841858 0.0 0.09000000357627869 -0.18000000715255737 0.09000000357627869 0.09000000357627869 0.0 0.09000000357627869 -0.27000001072883606 0.09000000357627869 0.09000000357627869 0.09000000357627869 -0.27000001072883606 0.09000000357627869 0.09000000357627869 0.09000000357627869 0.5099999904632568 -0.5099999904632568 -0.4699999988079071 0.3100000023841858 -0.019999999552965164 0.09000000357627869 0.09000000357627869 0.5099999904632568 -0.5099999904632568 -0.4699999988079071 0.0 -0.019999999552965164 0.09000000357627869 0.09000000357627869 0.5099999904632568 -0.5099999904632568 0.0 0.3100000023841858 0.0 0.09000000357627869 -0.18000000715255737 0.09000000357627869 0.09000000357627869 0.0 0.0 -0.27000001072883606 0.09000000357627869 0.09000000357627869 0.09000000357627869 -0.27000001072883606 0.09000000357627869 0.09000000357627869 0.09000000357627869 0.5099999904632568 -0.5099999904632568 -0.4699999988079071 0.3100000023841858 -0.019999999552965164 0.09000000357627869 0.09000000357627869 0.0 -0.5099999904632568 -0.4699999988079071 0.3100000023841858
18 0.5099999904632568 -0.5099999904632568 -0.4699999988079071 0.3100000023841858 0.0 0.09000000357627869 0.05000000074505806 0.09000000357627869 0.09000000357627869 -0.6600000262260437 0.4300000071525574 0.0 -0.5099999904632568 0.0 0.3100000023841858 0.0 0.09000000357627869 0.0 0.09000000357627869 0.09000000357627869 -0.18000000715255737 0.09000000357627869 0.09000000357627869 0.20000000298023224 0.09000000357627869 0.09000000357627869 -0.699999988079071 0.4399999976158142 0.6399999856948853 -0.800000011920929 0.46000000834465027 0.5099999904632568 -0.5099999904632568 -0.4699999988079071 0.3100000023841858 -0.019999999552965164 0.09000000357627869 0.09000000357627869 0.5099999904632568 -0.5099999904632568 -0.4699999988079071 0.3100000023841858 0.0 0.09000000357627869 0.05000000074505806 0.09000000357627869 0.09000000357627869 -0.6600000262260437 0.4300000071525574 0.5099999904632568 -0.5099999904632568 -0.4699999988079071 0.3100000023841858 0.0 0.09000000357627869 0.0 0.09000000357627869 -0.6600000262260437 0.4300000071525574 -0.27000001072883606 0.09000000357627869 0.09000000357627869 0.09000000357627869 0.0 -0.5099999904632568 0.0 0.3100000023841858 0.0 0.09000000357627869 -0.18000000715255737 0.09000000357627869 0.09000000357627869 0.0 0.09000000357627869 0.09000000357627869 -0.18000000715255737 0.09000000357627869 0.20999999344348907 0.05000000074505806 0.05000000074505806 0.0 -0.5099999904632568 0.0 0.3100000023841858 0.0 0.0 -0.5099999904632568 0.09000000357627869 -0.7599999904632568
180 0.0 0.09000000357627869 -0.27000001072883606 0.09000000357627869 0.09000000357627869 0.09000000357627869 0.5099999904632568 -0.5099999904632568 0.0 0.3100000023841858 -0.019999999552965164 0.09000000357627869 0.09000000357627869 0.5099999904632568 -0.5099999904632568 -0.4699999988079071 0.3100000023841858 0.07000000029802322 0.09000000357627869 -0.18000000715255737 0.09000000357627869 0.09000000357627869 0.0 0.09000000357627869 -0.27000001072883606 0.09000000357627869 0.09000000357627869 0.09000000357627869 -0.27000001072883606 0.09000000357627869 0.09000000357627869 0.09000000357627869 0.5099999904632568 -0.5099999904632568 -0.4699999988079071 0.3100000023841858 -0.019999999552965164 0.09000000357627869 0.09000000357627869 0.5099999904632568 -0.5099999904632568 -0.4699999988079071 0.3100000023841858 -0.019999999552965164 0.09000000357627869 0.09000000357627869 0.5099999904632568 -0.5099999904632568 -0.4699999988079071 0.3100000023841858 -0.019999999552965164 0.09000000357627869 0.09000000357627869 0.5099999904632568 -0.5099999904632568 -0.4699999988079071 0.0 -0.019999999552965164 0.09000000357627869 0.09000000357627869 0.5099999904632568 -0.5099999904632568 0.0 0.3100000023841858 0.0 0.09000000357627869 -0.18000000715255737 0.09000000357627869 0.09000000357627869 0.0 0.0 -0.27000001072883606 0.09000000357627869 0.09000000357627869 0.09000000357627869 -0.27000001072883606 0.09000000357627869 0.09000000357627869 0.09000000357627869 0.5099999904632568 -0.5099999904632568 -0.4699999988079071 0.3100000023841858 -0.019999999552965164 0.09000000357627869 0.09000000357627869 0.0 -0.5099999904632568 -0.4699999988079071 0.3100000023841858 0.0 0.09000000357627869 0.09000000357627869
181 0.5099999904632568 -0.5099999904632568 -0.4699999988079071 0.3100000023841858 0.07000000029802322 0.09000000357627869 -0.18000000715255737 0.09000000357627869 0.09000000357627869 0.0 0.09000000357627869 -0.27000001072883606 0.09000000357627869 0.09000000357627869 0.09000000357627869 -0.27000001072883606 0.09000000357627869 0.09000000357627869 0.09000000357627869 0.5099999904632568 -0.5099999904632568 -0.4699999988079071 0.3100000023841858 -0.019999999552965164 0.09000000357627869 0.09000000357627869 0.5099999904632568 -0.5099999904632568 -0.4699999988079071 0.3100000023841858 -0.019999999552965164 0.09000000357627869 0.09000000357627869 0.5099999904632568 -0.5099999904632568 0.0 0.3100000023841858 0.0 0.09000000357627869 -0.18000000715255737 0.09000000357627869 0.09000000357627869 0.0 0.09000000357627869 -0.27000001072883606 0.09000000357627869 0.09000000357627869 0.09000000357627869 -0.27000001072883606 0.09000000357627869 0.09000000357627869 0.09000000357627869 0.5099999904632568 -0.5099999904632568 -0.4699999988079071 0.0 -0.019999999552965164 0.09000000357627869 0.09000000357627869 0.5099999904632568 -0.5099999904632568 0.0 0.3100000023841858 0.0 0.09000000357627869 -0.18000000715255737 0.09000000357627869 0.09000000357627869 0.0 0.0 -0.27000001072883606 0.09000000357627869 0.09000000357627869 0.09000000357627869 -0.27000001072883606 0.09000000357627869 0.09000000357627869 0.09000000357627869 0.5099999904632568 -0.5099999904632568 -0.4699999988079071 0.3100000023841858 -0.019999999552965164 0.09000000357627869 0.09000000357627869 0.0 -0.5099999904632568 -0.4699999988079071 0.3100000023841858 0.0 0.09000000357627869 -0.27000001072883606 0.09000000357627869 0.09000000357627869 0.09000000357627869 0.5099999904632568 -0.5099999904632568 -0.4699999988079071 0.3100000023841858
182 0.07000000029802322 0.09000000357627869 -0.18000000715255737 0.09000000357627869 0.0 0.09000000357627869 -0.27000001072883606 0.09000000357627869 0.09000000357627869 0.09000000357627869 -0.27000001072883606 0.09000000357627869 0.09000000357627869 0.09000000357627869 0.5099999904632568 -0.5099999904632568 -0.4699999988079071 0.3100000023841858 -0.019999999552965164 0.09000000357627869 0.09000000357627869 0.5099999904632568 -0.5099999904632568 -0.4699999988079071 0.3100000023841858 -0.019999999552965164 0.09000000357627869 0.09000000357627869 0.5099999904632568 -0.5099999904632568 0.0 0.3100000023841858 0.0 0.09000000357627869 -0.18000000715255737 0.09000000357627869 0.09000000357627869 0.0 0.09000000357627869 -0.27000001072883606 0.09000000357627869 0.09000000357627869 0.09000000357627869 -0.27000001072883606 0.09000000357627869 0.09000000357627869 0.09000000357627869 0.5099999904632568 -0.5099999904632568 -0.4699999988079071 0.3100000023841858 -0.019999999552965164 0.09000000357627869 0.09000000357627869 0.5099999904632568 -0.5099999904632568 0.0 0.3100000023841858 0.0 0.09000000357627869 -0.18000000715255737 0.09000000357627869 0.09000000357627869 0.0 0.0 -0.27000001072883606 0.09000000357627869 0.09000000357627869 0.09000000357627869 -0.27000001072883606 0.09000000357627869 0.09000000357627869 0.09000000357627869 0.5099999904632568 -0.5099999904632568 -0.4699999988079071 0.3100000023841858 -0.019999999552965164 0.09000000357627869 0.09000000357627869 0.0 -0.5099999904632568 -0.4699999988079071 0.3100000023841858 0.0 0.09000000357627869 -0.27000001072883606 0.09000000357627869 0.09000000357627869 0.09000000357627869 0.5099999904632568 -0.5099999904632568 -0.4699999988079071 0.3100000023841858 0.3100000023841858 -0.27000001072883606 0.09000000357627869 0.09000000357627869 0.09000000357627869
183 0.09000000357627869 0.09000000357627869 0.09000000357627869 -0.019999999552965164 0.09000000357627869 0.09000000357627869 0.5099999904632568 -0.5099999904632568 -0.4699999988079071 0.3100000023841858 -0.019999999552965164 0.09000000357627869 0.09000000357627869 0.5099999904632568 -0.5099999904632568 0.0 0.3100000023841858 0.0 0.09000000357627869 -0.18000000715255737 0.09000000357627869 0.09000000357627869 0.0 0.09000000357627869 -0.27000001072883606 0.09000000357627869 0.09000000357627869 0.09000000357627869 -0.27000001072883606 0.09000000357627869 0.09000000357627869 0.09000000357627869 0.5099999904632568 -0.5099999904632568 -0.4699999988079071 0.3100000023841858 -0.019999999552965164 0.09000000357627869 0.09000000357627869 0.5099999904632568 -0.5099999904632568 -0.4699999988079071 0.0 -0.019999999552965164 0.09000000357627869 0.09000000357627869 0.5099999904632568 -0.5099999904632568 -0.4699999988079071 0.3100000023841858 -0.019999999552965164 0.09000000357627869 0.09000000357627869 0.0 -0.5099999904632568 -0.4699999988079071 0.3100000023841858 0.0 0.09000000357627869 -0.27000001072883606 0.09000000357627869 0.09000000357627869 0.09000000357627869 0.5099999904632568 -0.5099999904632568 -0.4699999988079071 0.3100000023841858 0.0 0.09000000357627869 -0.18000000715255737 0.09000000357627869 0.09000000357627869 0.0 0.09000000357627869 -0.27000001072883606 0.09000000357627869 0.09000000357627869 0.09000000357627869 -0.27000001072883606 0.09000000357627869 0.09000000357627869 0.09000000357627869 0.0 -0.5099999904632568 -0.4699999988079071 0.3100000023841858 0.0 0.09000000357627869 0.0 -0.6600000262260437 0.4300000071525574 -0.27000001072883606 0.09000000357627869 0.09000000357627869 0.09000000357627869
184 -0.019999999552965164 0.09000000357627869 0.09000000357627869 0.5099999904632568 -0.5099999904632568 0.0 0.0 0.09000000357627869 0.5099999904632568 -0.5099999904632568 -0.4699999988079071 0.3100000023841858 -0.019999999552965164 0.09000000357627869 0.09000000357627869 0.5099999904632568 -0.5099999904632568 -0.4699999988079071 0.0 -0.019999999552965164 0.09000000357627869 0.09000000357627869 0.5099999904632568 -0.5099999904632568 0.0 0.3100000023841858 0.0 0.09000000357627869 -0.18000000715255737 0.09000000357627869 0.09000000357627869 0.0 0.0 -0.27000001072883606 0.09000000357627869 0.09000000357627869 0.09000000357627869 -0.27000001072883606 0.09000000357627869 0.09000000357627869 0.09000000357627869 0.5099999904632568 -0.5099999904632568 -0.4699999988079071 0.3100000023841858 0.0 0.09000000357627869 -0.27000001072883606 0.09000000357627869 0.09000000357627869 0.09000000357627869 0.5099999904632568 -0.5099999904632568 -0.4699999988079071 0.3100000023841858 0.0 0.09000000357627869 -0.18000000715255737 0.09000000357627869 0.09000000357627869 0.0 0.09000000357627869 -0.27000001072883606 0.09000000357627869 0.09000000357627869 0.09000000357627869 -0.27000001072883606 0.09000000357627869 0.09000000357627869 0.09000000357627869 0.0 -0.5099999904632568 -0.4699999988079071 0.3100000023841858 0.0 0.09000000357627869 0.0 0.09000000357627869 -0.6600000262260437 0.4300000071525574 -0.27000001072883606 0.09000000357627869 0.09000000357627869 0.09000000357627869 0.5099999904632568 -0.5099999904632568 -0.4699999988079071 0.3100000023841858 -0.019999999552965164 0.09000000357627869 0.09000000357627869 0.5099999904632568 0.0 0.0 0.09000000357627869 0.09000000357627869 0.09000000357627869 -0.18000000715255737 0.09000000357627869 -0.18000000715255737 0.09000000357627869
185 -0.5099999904632568 0.5099999904632568 -0.5099999904632568 -0.4699999988079071 0.3100000023841858 -0.019999999552965164 0.09000000357627869 0.09000000357627869 0.5099999904632568 -0.5099999904632568 -0.4699999988079071 0.0 -0.019999999552965164 0.09000000357627869 0.09000000357627869 0.5099999904632568 -0.5099999904632568 0.0 0.3100000023841858 0.0 0.09000000357627869 -0.18000000715255737 0.09000000357627869 0.09000000357627869 0.0 0.0 -0.27000001072883606 0.09000000357627869 0.09000000357627869 0.09000000357627869 -0.27000001072883606 0.09000000357627869 0.09000000357627869 0.09000000357627869 0.5099999904632568 -0.5099999904632568 -0.4699999988079071 0.3100000023841858 -0.019999999552965164 0.09000000357627869 0.09000000357627869 0.0 -0.5099999904632568 -0.4699999988079071 0.3100000023841858 0.0 0.09000000357627869 -0.18000000715255737 0.09000000357627869 0.09000000357627869 0.0 0.09000000357627869 -0.27000001072883606 0.09000000357627869 0.09000000357627869 0.09000000357627869 -0.27000001072883606 0.09000000357627869 0.09000000357627869 0.09000000357627869 0.0 -0.5099999904632568 -0.4699999988079071 0.3100000023841858 0.0 0.09000000357627869 0.0 0.09000000357627869 -0.6600000262260437 0.4300000071525574 -0.27000001072883606 0.09000000357627869 0.09000000357627869 0.09000000357627869 0.5099999904632568 -0.5099999904632568 -0.4699999988079071 0.3100000023841858 -0.019999999552965164 0.09000000357627869 0.09000000357627869 0.5099999904632568 -0.5099999904632568 0.0 0.0 0.09000000357627869 0.09000000357627869 0.0 0.09000000357627869 -0.18000000715255737 0.09000000357627869 0.09000000357627869 -0.18000000715255737 0.09000000357627869 0.09000000357627869
186 0.5099999904632568 -0.5099999904632568 -0.019999999552965164 0.09000000357627869 0.5099999904632568 -0.5099999904632568 0.0 0.3100000023841858 0.0 0.09000000357627869 -0.18000000715255737 0.09000000357627869 0.09000000357627869 0.0 0.0 -0.27000001072883606 0.09000000357627869 0.09000000357627869 0.09000000357627869 -0.27000001072883606 0.09000000357627869 0.09000000357627869 0.5099999904632568 -0.5099999904632568 -0.4699999988079071 0.3100000023841858 -0.019999999552965164 0.09000000357627869 0.09000000357627869 0.0 -0.5099999904632568 -0.4699999988079071 0.3100000023841858 0.0 0.09000000357627869 -0.27000001072883606 0.09000000357627869 0.09000000357627869 0.09000000357627869 0.5099999904632568 -0.5099999904632568 -0.4699999988079071 0.3100000023841858 0.0 0.09000000357627869 0.0 0.09000000357627869 -0.6600000262260437 0.4300000071525574 -0.27000001072883606 0.09000000357627869 0.09000000357627869 0.09000000357627869 0.5099999904632568 -0.5099999904632568 -0.4699999988079071 0.3100000023841858 -0.019999999552965164 0.09000000357627869 0.09000000357627869 0.5099999904632568 -0.5099999904632568 0.0 0.0 0.09000000357627869 0.09000000357627869 0.0 0.09000000357627869 -0.18000000715255737 0.09000000357627869 0.09000000357627869 -0.18000000715255737 0.09000000357627869 0.09000000357627869 0.5099999904632568 0.0 0.0 0.3100000023841858 -0.019999999552965164 0.09000000357627869 0.09000000357627869 0.0 0.0 0.3100000023841858 0.5099999904632568 -0.4699999988079071 0.0 0.07000000029802322 0.09000000357627869 -0.27000001072883606 0.09000000357627869 0.09000000357627869 0.09000000357627869 0.0 -0.5099999904632568 -0.4699999988079071 0.3100000023841858 0.0 0.09000000357627869 0.05000000074505806 0.09000000357627869 0.09000000357627869 -0.6600000262260437 0.4300000071525574 0.5099999904632568 -0.5099999904632568 0.0 0.3100000023841858 0.0 0.09000000357627869 0.0 0.09000000357627869 -0.27000001072883606 0.09000000357627869 0.09000000357627869 0.5099999904632568 0.0 0.0 0.0 0.5099999904632568 -0.5099999904632568 -0.4699999988079071 -0.019999999552965164 0.09000000357627869 0.09000000357627869 0.5099999904632568 -0.5099999904632568 -0.4699999988079071 0.3100000023841858 0.0 0.09000000357627869 0.05000000074505806 0.09000000357627869 0.09000000357627869 -0.6600000262260437 0.4300000071525574
187 0.09000000357627869 0.5099999904632568 -0.5099999904632568 0.0 0.3100000023841858 0.0 0.09000000357627869 -0.18000000715255737 0.09000000357627869 0.09000000357627869 0.5099999904632568 -0.5099999904632568 -0.4699999988079071 0.3100000023841858 -0.019999999552965164 0.09000000357627869 0.09000000357627869 0.0 -0.5099999904632568 -0.4699999988079071 0.3100000023841858 0.0 0.09000000357627869 -0.27000001072883606 0.09000000357627869 0.09000000357627869 0.09000000357627869 0.5099999904632568 -0.5099999904632568 -0.4699999988079071 0.3100000023841858 0.0 0.09000000357627869 -0.18000000715255737 0.09000000357627869 0.09000000357627869 0.0 0.09000000357627869 -0.27000001072883606 0.09000000357627869 0.09000000357627869 0.09000000357627869 -0.27000001072883606 0.09000000357627869 0.09000000357627869 0.09000000357627869 0.0 -0.5099999904632568 -0.4699999988079071 0.3100000023841858 -0.019999999552965164 0.09000000357627869 0.09000000357627869 0.5099999904632568 -0.5099999904632568 0.0 0.0 0.09000000357627869 0.09000000357627869 0.0 0.09000000357627869 -0.18000000715255737 0.09000000357627869 0.09000000357627869 -0.18000000715255737 0.09000000357627869 0.09000000357627869 0.5099999904632568 0.0 0.0 0.3100000023841858 -0.019999999552965164 0.09000000357627869 0.09000000357627869 0.0 -0.5099999904632568 0.0 0.3100000023841858 0.0 0.09000000357627869 -0.18000000715255737 0.09000000357627869 0.0 0.09000000357627869 -0.27000001072883606 0.09000000357627869 0.09000000357627869 0.5099999904632568 -0.4699999988079071 0.0 0.07000000029802322 -0.27000001072883606 0.09000000357627869 0.09000000357627869 0.09000000357627869 0.0 -0.5099999904632568 -0.4699999988079071 0.3100000023841858 0.0 0.09000000357627869 0.05000000074505806 0.09000000357627869 0.09000000357627869 -0.6600000262260437 0.4300000071525574
188 -0.019999999552965164 0.09000000357627869 0.09000000357627869 0.0 -0.5099999904632568 -0.4699999988079071 0.3100000023841858 0.0 0.09000000357627869 -0.27000001072883606 0.09000000357627869 0.09000000357627869 0.09000000357627869 0.5099999904632568 -0.5099999904632568 -0.4699999988079071 0.3100000023841858 0.0 0.09000000357627869 -0.18000000715255737 0.09000000357627869 0.09000000357627869 0.0 0.09000000357627869 -0.27000001072883606 0.09000000357627869 0.09000000357627869 0.09000000357627869 -0.27000001072883606 0.09000000357627869 0.09000000357627869 0.09000000357627869 0.0 -0.5099999904632568 -0.4699999988079071 0.3100000023841858 0.0 0.09000000357627869 0.0 0.09000000357627869 -0.6600000262260437 0.4300000071525574 -0.27000001072883606 0.09000000357627869 0.09000000357627869 0.09000000357627869 0.5099999904632568 -0.5099999904632568 0.0 0.0 0.09000000357627869 0.09000000357627869 0.0 0.09000000357627869 -0.18000000715255737 0.09000000357627869 0.09000000357627869 -0.18000000715255737 0.09000000357627869 0.09000000357627869 0.5099999904632568 0.0 0.0 0.3100000023841858 -0.019999999552965164 0.09000000357627869 0.09000000357627869 0.0 -0.5099999904632568 0.0 0.3100000023841858 0.0 0.09000000357627869 -0.18000000715255737 0.09000000357627869 0.09000000357627869 0.0 0.09000000357627869 -0.27000001072883606 0.09000000357627869 0.09000000357627869 0.09000000357627869 -0.27000001072883606 0.09000000357627869 0.09000000357627869 0.09000000357627869 0.5099999904632568 -0.5099999904632568 -0.4699999988079071 0.0 0.07000000029802322 0.09000000357627869 -0.27000001072883606 0.09000000357627869 0.09000000357627869 0.09000000357627869 0.0 -0.5099999904632568 -0.4699999988079071 0.3100000023841858 0.0 0.09000000357627869 0.05000000074505806 0.09000000357627869 0.09000000357627869 -0.6600000262260437 0.4300000071525574 0.5099999904632568 -0.5099999904632568 0.0 0.3100000023841858 0.09000000357627869
189 0.09000000357627869 0.0 -0.5099999904632568 -0.4699999988079071 0.3100000023841858 0.0 0.09000000357627869 -0.27000001072883606 0.09000000357627869 0.09000000357627869 0.09000000357627869 0.5099999904632568 -0.5099999904632568 -0.4699999988079071 0.3100000023841858 0.0 0.09000000357627869 -0.18000000715255737 0.09000000357627869 0.09000000357627869 0.0 0.09000000357627869 -0.27000001072883606 0.09000000357627869 0.09000000357627869 0.09000000357627869 -0.27000001072883606 0.09000000357627869 0.09000000357627869 0.09000000357627869 0.0 -0.5099999904632568 -0.4699999988079071 0.3100000023841858 0.0 0.09000000357627869 0.0 0.09000000357627869 -0.6600000262260437 0.4300000071525574 -0.27000001072883606 0.09000000357627869 0.09000000357627869 0.09000000357627869 0.5099999904632568 -0.5099999904632568 -0.4699999988079071 0.3100000023841858 -0.019999999552965164 0.09000000357627869 0.09000000357627869 0.5099999904632568 -0.5099999904632568 0.0 0.3100000023841858 -0.019999999552965164 0.09000000357627869 0.09000000357627869 0.0 -0.5099999904632568 0.0 0.3100000023841858 0.0 0.09000000357627869 -0.18000000715255737 0.09000000357627869 0.09000000357627869 0.0 0.09000000357627869 -0.27000001072883606 0.09000000357627869 0.09000000357627869 0.09000000357627869 -0.27000001072883606 0.09000000357627869 0.09000000357627869 0.09000000357627869 0.5099999904632568 -0.5099999904632568 -0.4699999988079071 0.0 0.07000000029802322 0.09000000357627869 -0.27000001072883606 0.09000000357627869 0.09000000357627869 0.09000000357627869 0.0 -0.5099999904632568 -0.4699999988079071 0.3100000023841858 0.0 0.09000000357627869 0.05000000074505806 0.09000000357627869 0.09000000357627869 -0.6600000262260437 0.4300000071525574 0.5099999904632568 -0.5099999904632568 0.0 0.3100000023841858 0.0 0.09000000357627869 -0.18000000715255737 0.09000000357627869 0.09000000357627869 0.0 0.09000000357627869 -0.27000001072883606 0.09000000357627869 0.09000000357627869 0.09000000357627869 -0.27000001072883606 0.09000000357627869 0.09000000357627869 0.09000000357627869 0.5099999904632568 -0.5099999904632568 0.0 0.0 0.0 0.09000000357627869 0.0 0.09000000357627869 0.0 0.0 0.0 -0.27000001072883606 -0.27000001072883606 0.09000000357627869 0.09000000357627869 0.09000000357627869 0.5099999904632568 -0.5099999904632568 -0.4699999988079071 0.3100000023841858 -0.019999999552965164 0.09000000357627869 0.09000000357627869 0.5099999904632568 -0.5099999904632568 -0.4699999988079071 0.3100000023841858 0.0 0.09000000357627869 0.05000000074505806 0.09000000357627869 0.09000000357627869 -0.6600000262260437 0.4300000071525574 0.5099999904632568 -0.5099999904632568 -0.4699999988079071 0.0
19 -0.5099999904632568 -0.019999999552965164 0.09000000357627869 0.5099999904632568 -0.5099999904632568 -0.4699999988079071 0.3100000023841858 0.0 0.09000000357627869 0.05000000074505806 0.09000000357627869 0.09000000357627869 -0.6600000262260437 0.4300000071525574 0.0 -0.5099999904632568 0.0 0.3100000023841858 0.0 0.09000000357627869 0.0 0.09000000357627869 0.09000000357627869 -0.18000000715255737 0.09000000357627869 0.09000000357627869 0.20000000298023224 0.09000000357627869 -0.699999988079071 0.4399999976158142 0.5099999904632568 -0.5099999904632568 -0.4699999988079071 0.3100000023841858 -0.019999999552965164 0.09000000357627869 0.09000000357627869 0.5099999904632568 -0.5099999904632568 -0.4699999988079071 0.3100000023841858 0.07000000029802322 0.09000000357627869 0.05000000074505806 0.09000000357627869 0.09000000357627869 -0.6600000262260437 0.4300000071525574 0.5099999904632568 -0.5099999904632568 -0.4699999988079071 0.3100000023841858 0.0 0.09000000357627869 0.0 0.09000000357627869 -0.6600000262260437 0.4300000071525574 -0.27000001072883606 0.09000000357627869 0.09000000357627869 0.09000000357627869 0.0 -0.5099999904632568 0.0 0.3100000023841858 0.0 0.09000000357627869 -0.18000000715255737 0.09000000357627869 0.09000000357627869 0.0 0.09000000357627869 0.09000000357627869 -0.18000000715255737 0.09000000357627869 0.09000000357627869 0.20999999344348907 0.05000000074505806 0.05000000074505806 -0.30000001192092896 0.33000001311302185 0.33000001311302185 0.33000001311302185 0.0 -0.5099999904632568 0.0 0.3100000023841858 0.0 0.0 0.0 0.09000000357627869 0.0 0.0 0.0 0.0 0.0 0.11999999731779099 0.0 -0.5400000214576721 0.4300000071525574 -0.11999999731779099 0.11999999731779099 0.0 0.11999999731779099 0.0 -0.5099999904632568 0.0 0.0 0.0 0.09000000357627869 -0.18000000715255737 0.0 0.09000000357627869 -0.27000001072883606 0.09000000357627869 0.09000000357627869 0.0 0.0 -0.5099999904632568 0.0 -0.2800000011920929 0.09000000357627869 0.6200000047683716 -0.7599999904632568 -0.7599999904632568 0.0 0.0 0.0 0.0 0.09000000357627869 0.550000011920929 -0.550000011920929 -0.6200000047683716 0.3199999928474426 0.30000001192092896 0.3100000023841858 0.09000000357627869 -0.5099999904632568
190 0.0 0.09000000357627869 -0.18000000715255737 0.09000000357627869 0.09000000357627869 0.0 0.09000000357627869 -0.27000001072883606 0.09000000357627869 0.09000000357627869 0.09000000357627869 0.0 -0.5099999904632568 -0.4699999988079071 0.3100000023841858 0.0 0.09000000357627869 0.0 0.09000000357627869 -0.6600000262260437 0.4300000071525574 -0.27000001072883606 0.09000000357627869 0.09000000357627869 0.09000000357627869 0.5099999904632568 -0.5099999904632568 -0.4699999988079071 0.3100000023841858 -0.019999999552965164 0.09000000357627869 0.09000000357627869 0.5099999904632568 -0.5099999904632568 0.0 0.0 0.09000000357627869 0.09000000357627869 0.0 0.09000000357627869 -0.18000000715255737 0.09000000357627869 0.09000000357627869 -0.18000000715255737 0.09000000357627869 0.09000000357627869 0.5099999904632568 0.0 0.0 0.3100000023841858 0.0 0.09000000357627869 -0.18000000715255737 0.09000000357627869 0.09000000357627869 0.0 0.09000000357627869 -0.27000001072883606 0.09000000357627869 0.09000000357627869 0.09000000357627869 -0.27000001072883606 0.09000000357627869 0.09000000357627869 0.09000000357627869 0.5099999904632568 -0.5099999904632568 -0.4699999988079071 0.0 0.07000000029802322 0.09000000357627869 -0.27000001072883606 0.09000000357627869 0.09000000357627869 0.09000000357627869 0.0 -0.5099999904632568 -0.4699999988079071 0.3100000023841858 0.0 0.09000000357627869 0.05000000074505806 0.09000000357627869 0.09000000357627869 -0.6600000262260437 0.4300000071525574 0.5099999904632568 -0.5099999904632568 0.0 0.3100000023841858 0.0 0.09000000357627869 -0.18000000715255737 0.09000000357627869 0.09000000357627869 0.0 0.09000000357627869 -0.27000001072883606 0.09000000357627869 0.09000000357627869 0.09000000357627869 0.5099999904632568 0.0 0.0 0.0 0.0 0.09000000357627869 0.0 0.0 -0.27000001072883606 0.09000000357627869 0.09000000357627869 0.09000000357627869 0.5099999904632568 -0.5099999904632568
191 0.09000000357627869 0.09000000357627869 -0.27000001072883606 0.09000000357627869 0.09000000357627869 0.0 -0.5099999904632568 -0.4699999988079071 0.3100000023841858 0.0 0.09000000357627869 0.0 0.09000000357627869 -0.6600000262260437 0.4300000071525574 0.5099999904632568 -0.5099999904632568 -0.4699999988079071 0.3100000023841858 -0.019999999552965164 0.09000000357627869 0.09000000357627869 0.5099999904632568 -0.5099999904632568 0.0 0.0 0.09000000357627869 0.09000000357627869 0.0 0.09000000357627869 -0.18000000715255737 0.09000000357627869 0.09000000357627869 -0.18000000715255737 0.09000000357627869 0.09000000357627869 0.5099999904632568 0.0 0.0 0.3100000023841858 -0.019999999552965164 0.09000000357627869 0.09000000357627869 0.0 -0.5099999904632568 -0.4699999988079071 0.0 0.07000000029802322 0.09000000357627869 -0.27000001072883606 0.09000000357627869 0.09000000357627869 0.09000000357627869 0.0 -0.5099999904632568 -0.4699999988079071 0.3100000023841858 0.0 0.09000000357627869 0.05000000074505806 0.09000000357627869 0.09000000357627869 -0.6600000262260437 0.4300000071525574 0.5099999904632568 -0.5099999904632568 0.0 0.3100000023841858 0.0 0.09000000357627869 -0.18000000715255737 0.09000000357627869 0.09000000357627869 0.0 0.09000000357627869 -0.27000001072883606 0.09000000357627869 0.09000000357627869 0.09000000357627869 0.5099999904632568 -0.5099999904632568 0.0 0.0 0.0 0.09000000357627869 0.0 0.09000000357627869 0.0 0.0 0.0 -0.27000001072883606 0.09000000357627869 0.09000000357627869 0.09000000357627869 -0.27000001072883606 0.09000000357627869 0.09000000357627869 0.09000000357627869 0.5099999904632568 -0.5099999904632568 -0.4699999988079071 0.3100000023841858 -0.019999999552965164 0.09000000357627869 0.09000000357627869 0.5099999904632568 -0.5099999904632568 -0.4699999988079071 0.3100000023841858 0.0 0.09000000357627869 0.05000000074505806 0.09000000357627869 0.09000000357627869 0.5099999904632568 -0.5099999904632568 -0.4699999988079071 0.0 0.0 0.09000000357627869 0.05000000074505806 0.09000000357627869 0.09000000357627869 -0.6600000262260437 0.4300000071525574 0.5099999904632568 -0.5099999904632568 -0.4699999988079071 0.3100000023841858 -0.019999999552965164 0.09000000357627869 0.09000000357627869 0.5099999904632568 -0.5099999904632568 -0.28999999165534973 0.0 0.09000000357627869 0.09000000357627869 0.09000000357627869 -0.18000000715255737 0.09000000357627869 -0.18000000715255737 0.09000000357627869 0.09000000357627869
192 0.0 0.09000000357627869 -0.18000000715255737 0.09000000357627869 0.09000000357627869 0.0 0.09000000357627869 -0.27000001072883606 0.09000000357627869 0.09000000357627869 0.09000000357627869 -0.27000001072883606 0.09000000357627869 0.09000000357627869 0.09000000357627869 0.0 -0.5099999904632568 -0.4699999988079071 0.3100000023841858 0.0 -0.6600000262260437 0.5099999904632568 -0.5099999904632568 -0.4699999988079071 0.3100000023841858 -0.019999999552965164 0.09000000357627869 0.09000000357627869 0.5099999904632568 -0.5099999904632568 0.0 0.0 0.09000000357627869 0.09000000357627869 0.0 0.09000000357627869 -0.18000000715255737 0.09000000357627869 0.09000000357627869 -0.18000000715255737 0.09000000357627869 0.09000000357627869 0.5099999904632568 0.0 0.0 0.3100000023841858 -0.019999999552965164 0.09000000357627869 0.09000000357627869 0.0 -0.5099999904632568 0.0 0.3100000023841858 0.0 0.09000000357627869 -0.18000000715255737 0.09000000357627869 0.09000000357627869 0.0 0.09000000357627869 -0.27000001072883606 0.09000000357627869 0.09000000357627869 0.09000000357627869 -0.27000001072883606 0.09000000357627869 0.09000000357627869 0.09000000357627869 0.5099999904632568 -0.5099999904632568 -0.4699999988079071 0.3100000023841858 0.0 0.09000000357627869 0.05000000074505806 0.09000000357627869 0.09000000357627869 -0.6600000262260437 0.4300000071525574 0.5099999904632568 -0.5099999904632568 0.0 0.3100000023841858 0.0 0.09000000357627869 -0.18000000715255737 0.09000000357627869 0.09000000357627869 0.0 0.09000000357627869 -0.27000001072883606 0.09000000357627869 0.09000000357627869 0.09000000357627869 -0.27000001072883606 0.09000000357627869 0.09000000357627869 0.09000000357627869 0.5099999904632568 -0.5099999904632568 0.0 0.0 0.0 0.09000000357627869 0.0 0.09000000357627869 0.0 0.0 0.0 -0.27000001072883606 0.09000000357627869 0.09000000357627869 0.09000000357627869 -0.27000001072883606 0.09000000357627869 0.09000000357627869 0.09000000357627869 0.5099999904632568 -0.5099999904632568 -0.4699999988079071 0.3100000023841858 -0.019999999552965164 0.09000000357627869 0.09000000357627869 0.5099999904632568 -0.5099999904632568 -0.4699999988079071 0.3100000023841858 0.0 0.09000000357627869 0.05000000074505806 0.09000000357627869 0.09000000357627869 -0.6600000262260437 0.4300000071525574 0.5099999904632568 -0.5099999904632568 -0.4699999988079071 0.0 0.0 0.09000000357627869 0.05000000074505806 0.09000000357627869 0.09000000357627869 -0.6600000262260437 0.4300000071525574 0.5099999904632568 -0.5099999904632568 -0.4699999988079071 0.3100000023841858 -0.019999999552965164 0.09000000357627869 0.09000000357627869 0.5099999904632568 -0.5099999904632568 -0.28999999165534973 0.0 0.09000000357627869 0.09000000357627869 0.019999999552965164 0.09000000357627869 0.09000000357627869 -0.18000000715255737 0.09000000357627869
193 -0.4699999988079071 0.3100000023841858 0.0 0.09000000357627869 -0.18000000715255737 0.09000000357627869 0.09000000357627869 0.0 0.09000000357627869 -0.27000001072883606 0.09000000357627869 0.09000000357627869 0.09000000357627869 -0.27000001072883606 0.09000000357627869 0.09000000357627869 0.09000000357627869 0.0 -0.5099999904632568 -0.4699999988079071 0.3100000023841858 0.0 0.09000000357627869 0.5099999904632568 -0.5099999904632568 -0.4699999988079071 0.3100000023841858 -0.019999999552965164 0.09000000357627869 0.09000000357627869 0.5099999904632568 -0.5099999904632568 0.0 0.0 0.09000000357627869 0.09000000357627869 0.0 0.09000000357627869 -0.18000000715255737 0.09000000357627869 0.09000000357627869 -0.18000000715255737 0.09000000357627869 0.09000000357627869 0.5099999904632568 0.0 0.0 0.3100000023841858 -0.019999999552965164 0.09000000357627869 0.09000000357627869 0.0 -0.5099999904632568 0.0 0.3100000023841858 0.0 0.09000000357627869 -0.18000000715255737 0.09000000357627869 0.09000000357627869 0.0 0.09000000357627869 -0.27000001072883606 0.09000000357627869 0.09000000357627869 0.09000000357627869 -0.27000001072883606 0.09000000357627869 0.09000000357627869 0.09000000357627869 0.5099999904632568 -0.5099999904632568 -0.4699999988079071 0.0 0.07000000029802322 0.09000000357627869 -0.27000001072883606 0.09000000357627869 0.09000000357627869 0.09000000357627869 0.0 -0.5099999904632568 0.0 0.3100000023841858 0.0 0.09000000357627869 -0.18000000715255737 0.09000000357627869 0.09000000357627869 0.0 0.09000000357627869 -0.27000001072883606 0.09000000357627869 0.09000000357627869 0.09000000357627869 -0.27000001072883606 0.09000000357627869 0.09000000357627869 0.09000000357627869 0.5099999904632568 -0.5099999904632568 0.0 0.0 0.0 0.09000000357627869 0.0 0.09000000357627869 0.0 0.0 0.0 -0.27000001072883606 0.09000000357627869 0.09000000357627869 0.09000000357627869 -0.27000001072883606 0.09000000357627869 0.09000000357627869 0.09000000357627869 0.5099999904632568 -0.5099999904632568 -0.4699999988079071 0.3100000023841858 -0.019999999552965164 0.09000000357627869 0.09000000357627869 0.5099999904632568 -0.5099999904632568 -0.4699999988079071 0.3100000023841858 0.0 0.09000000357627869 0.05000000074505806 0.09000000357627869 0.09000000357627869 -0.6600000262260437 0.5099999904632568 -0.5099999904632568 -0.4699999988079071 0.0 0.0 -0.6600000262260437 0.4300000071525574 0.5099999904632568 -0.5099999904632568
194 0.09000000357627869 0.0 -0.27000001072883606 0.09000000357627869 0.09000000357627869 -0.27000001072883606 0.09000000357627869 0.09000000357627869 0.09000000357627869 0.09000000357627869 0.5099999904632568 -0.5099999904632568 0.0 0.0 0.09000000357627869 0.09000000357627869 0.0 0.09000000357627869 -0.18000000715255737 0.09000000357627869 0.09000000357627869 -0.18000000715255737 0.09000000357627869 0.09000000357627869 0.5099999904632568 0.0 0.0 0.3100000023841858 -0.019999999552965164 0.09000000357627869 0.09000000357627869 0.0 -0.5099999904632568 0.0 0.3100000023841858 0.0 0.09000000357627869 -0.18000000715255737 0.09000000357627869 0.09000000357627869 0.0 0.09000000357627869 0.09000000357627869 -0.27000001072883606 0.09000000357627869 0.09000000357627869 0.5099999904632568 -0.5099999904632568 -0.4699999988079071 0.0 0.07000000029802322 0.09000000357627869 -0.27000001072883606 0.09000000357627869 0.09000000357627869 0.09000000357627869 0.0 -0.5099999904632568 -0.4699999988079071 0.3100000023841858 0.0 0.09000000357627869 0.05000000074505806 0.09000000357627869 0.09000000357627869 -0.6600000262260437 0.4300000071525574 0.5099999904632568 -0.5099999904632568 0.0 0.0 0.0 0.09000000357627869 0.0 0.09000000357627869 0.0 0.0 0.0 -0.27000001072883606 0.09000000357627869 0.09000000357627869 0.09000000357627869 -0.27000001072883606 0.09000000357627869 0.09000000357627869 0.09000000357627869 0.5099999904632568 -0.5099999904632568 -0.4699999988079071 0.3100000023841858 -0.019999999552965164 0.09000000357627869 0.09000000357627869 0.5099999904632568 -0.5099999904632568 -0.4699999988079071 0.3100000023841858 0.0 0.09000000357627869 0.05000000074505806 0.09000000357627869 0.09000000357627869 -0.6600000262260437 0.4300000071525574 0.5099999904632568 -0.5099999904632568 -0.4699999988079071 0.0 0.0 0.09000000357627869 0.05000000074505806 0.09000000357627869 0.09000000357627869 -0.6600000262260437 0.4300000071525574 0.5099999904632568 -0.5099999904632568
195 0.09000000357627869 -0.27000001072883606 0.09000000357627869 0.09000000357627869 0.09000000357627869 0.0 0.0 0.09000000357627869 0.09000000357627869 0.0 0.09000000357627869 -0.18000000715255737 0.09000000357627869 0.09000000357627869 -0.18000000715255737 0.09000000357627869 0.09000000357627869 0.5099999904632568 0.0 0.0 0.3100000023841858 -0.019999999552965164 0.09000000357627869 0.09000000357627869 0.0 -0.5099999904632568 0.0 0.3100000023841858 0.0 0.09000000357627869 -0.18000000715255737 0.09000000357627869 0.09000000357627869 0.0 0.09000000357627869 -0.27000001072883606 0.09000000357627869 0.09000000357627869 0.09000000357627869 -0.27000001072883606 0.09000000357627869 0.09000000357627869 0.09000000357627869 0.5099999904632568 -0.5099999904632568 -0.4699999988079071 0.0 0.07000000029802322 0.09000000357627869 -0.27000001072883606 0.09000000357627869 0.09000000357627869 0.09000000357627869 0.0 -0.5099999904632568 -0.4699999988079071 0.3100000023841858 0.0 0.09000000357627869 0.05000000074505806 0.09000000357627869 0.09000000357627869 -0.6600000262260437 0.4300000071525574 0.5099999904632568 -0.5099999904632568 0.0 0.3100000023841858 0.0 0.09000000357627869 -0.18000000715255737 0.09000000357627869 0.09000000357627869 0.0 0.09000000357627869 -0.27000001072883606 0.09000000357627869 0.09000000357627869 0.09000000357627869 -0.27000001072883606 0.09000000357627869 0.09000000357627869 0.09000000357627869 0.5099999904632568 -0.5099999904632568 -0.4699999988079071 0.3100000023841858 -0.019999999552965164 0.09000000357627869 0.09000000357627869 0.5099999904632568 -0.5099999904632568 -0.4699999988079071 0.3100000023841858 0.0 0.09000000357627869 0.05000000074505806 0.09000000357627869 0.09000000357627869 -0.6600000262260437 0.4300000071525574 0.5099999904632568 -0.5099999904632568 -0.4699999988079071 0.0 0.0 0.09000000357627869 0.05000000074505806 0.09000000357627869 0.09000000357627869 -0.6600000262260437 0.4300000071525574 0.5099999904632568 -0.5099999904632568 -0.4699999988079071 0.3100000023841858 -0.019999999552965164 0.09000000357627869 0.09000000357627869 0.5099999904632568 -0.5099999904632568 -0.28999999165534973 0.0 0.09000000357627869 0.09000000357627869 0.019999999552965164 0.09000000357627869 -0.18000000715255737 0.09000000357627869 0.09000000357627869 -0.18000000715255737 0.09000000357627869 0.09000000357627869 0.0 -0.5099999904632568 0.0 0.0 0.09000000357627869 0.09000000357627869 0.0 0.09000000357627869 -0.18000000715255737 0.09000000357627869 -0.18000000715255737 0.09000000357627869 0.09000000357627869
196 -0.27000001072883606 0.09000000357627869 0.09000000357627869 -0.27000001072883606 0.09000000357627869 0.09000000357627869 0.09000000357627869 -0.18000000715255737 0.09000000357627869 0.09000000357627869 -0.18000000715255737 0.09000000357627869 0.09000000357627869 0.0 0.0 0.5099999904632568 -0.5099999904632568 -0.4699999988079071 0.0 0.07000000029802322 0.09000000357627869 -0.27000001072883606 0.09000000357627869 0.09000000357627869 0.09000000357627869 0.0 -0.5099999904632568 -0.4699999988079071 0.3100000023841858 0.0 0.09000000357627869 0.05000000074505806 0.09000000357627869 0.09000000357627869 -0.6600000262260437 0.5099999904632568 -0.5099999904632568 0.0 0.3100000023841858 0.0 0.09000000357627869 -0.18000000715255737 0.09000000357627869 0.09000000357627869 0.0 0.09000000357627869 -0.27000001072883606 0.09000000357627869 0.09000000357627869 0.09000000357627869 -0.27000001072883606 0.09000000357627869 0.09000000357627869 0.09000000357627869 0.5099999904632568 -0.5099999904632568 0.0 0.0 0.0 0.09000000357627869 0.0 0.09000000357627869 0.0 0.0 0.0 -0.27000001072883606 0.09000000357627869 0.09000000357627869 0.09000000357627869 -0.27000001072883606 0.09000000357627869 0.09000000357627869 0.09000000357627869 0.5099999904632568 -0.5099999904632568 -0.4699999988079071 0.3100000023841858 0.0 0.09000000357627869 0.05000000074505806 0.09000000357627869 0.09000000357627869 -0.6600000262260437 0.4300000071525574 0.5099999904632568 -0.5099999904632568 -0.4699999988079071 0.0 0.0 0.09000000357627869 0.05000000074505806 0.09000000357627869 0.09000000357627869 -0.6600000262260437 0.4300000071525574 0.5099999904632568 -0.5099999904632568 -0.4699999988079071 0.3100000023841858 -0.019999999552965164 0.09000000357627869 0.09000000357627869 0.5099999904632568 -0.5099999904632568 -0.28999999165534973
197 0.09000000357627869 0.09000000357627869 0.0 0.09000000357627869 -0.27000001072883606 0.09000000357627869 0.09000000357627869 -0.27000001072883606 0.09000000357627869 0.09000000357627869 0.09000000357627869 0.0 0.0 0.09000000357627869 0.0 0.09000000357627869 -0.18000000715255737 0.09000000357627869 0.09000000357627869 -0.18000000715255737 0.09000000357627869 0.09000000357627869 0.5099999904632568 0.0 0.0 0.3100000023841858 0.0 0.09000000357627869 -0.18000000715255737 0.09000000357627869 0.09000000357627869 0.0 0.09000000357627869 0.5099999904632568 -0.5099999904632568 -0.4699999988079071 0.0 0.07000000029802322 0.09000000357627869 -0.27000001072883606 0.09000000357627869 0.09000000357627869 0.09000000357627869 0.0 -0.5099999904632568 -0.4699999988079071 0.3100000023841858 0.0 0.09000000357627869 0.05000000074505806 0.09000000357627869 0.09000000357627869 -0.6600000262260437 0.4300000071525574 0.5099999904632568 -0.5099999904632568 0.0 0.3100000023841858 0.0 0.09000000357627869 -0.18000000715255737 0.09000000357627869 0.09000000357627869 0.0 0.09000000357627869 -0.27000001072883606 0.09000000357627869 0.09000000357627869 0.5099999904632568 -0.5099999904632568 0.0 0.0 0.0 0.09000000357627869 0.0 0.09000000357627869 0.0 0.0 0.0 -0.27000001072883606 0.09000000357627869 0.09000000357627869 0.09000000357627869 -0.27000001072883606 0.09000000357627869 0.09000000357627869 0.09000000357627869 0.5099999904632568 -0.5099999904632568 -0.4699999988079071 0.3100000023841858 -0.019999999552965164 0.09000000357627869 0.09000000357627869 0.5099999904632568 -0.5099999904632568 -0.4699999988079071 0.0 0.0 0.09000000357627869 0.05000000074505806 0.09000000357627869 0.09000000357627869 -0.6600000262260437 0.4300000071525574 0.5099999904632568 -0.5099999904632568 -0.4699999988079071 0.3100000023841858 -0.019999999552965164 0.09000000357627869 0.09000000357627869 0.5099999904632568 -0.5099999904632568 -0.28999999165534973 0.0 0.09000000357627869 0.09000000357627869 0.019999999552965164 0.09000000357627869 -0.18000000715255737 0.09000000357627869 -0.18000000715255737 0.09000000357627869 0.09000000357627869 0.0 -0.5099999904632568 0.0
198 -0.18000000715255737 0.09000000357627869 0.09000000357627869 0.0 0.09000000357627869 -0.18000000715255737 0.09000000357627869 0.09000000357627869 0.09000000357627869 0.09000000357627869 0.5099999904632568 -0.5099999904632568 -0.4699999988079071 0.0 0.07000000029802322 0.09000000357627869 -0.27000001072883606 0.09000000357627869 0.09000000357627869 0.09000000357627869 0.0 -0.5099999904632568 -0.4699999988079071 0.3100000023841858 0.0 0.09000000357627869 0.5099999904632568 -0.5099999904632568 0.0 0.3100000023841858 0.0 0.09000000357627869 -0.18000000715255737 0.09000000357627869 0.09000000357627869 0.5099999904632568 -0.5099999904632568 0.0 0.0 0.0 0.09000000357627869 0.0 0.09000000357627869 0.0 0.0 0.0 -0.27000001072883606 0.09000000357627869 0.09000000357627869 0.09000000357627869 -0.27000001072883606 0.09000000357627869 0.09000000357627869 0.09000000357627869 0.5099999904632568 -0.5099999904632568 -0.4699999988079071 0.3100000023841858 -0.019999999552965164 0.09000000357627869 0.09000000357627869 0.5099999904632568 -0.5099999904632568 -0.4699999988079071 0.3100000023841858 0.0 0.09000000357627869 0.05000000074505806 0.09000000357627869 0.09000000357627869 -0.6600000262260437 0.4300000071525574 0.5099999904632568 -0.5099999904632568 -0.4699999988079071 0.3100000023841858 -0.019999999552965164 0.09000000357627869 0.09000000357627869 0.5099999904632568 -0.5099999904632568 -0.28999999165534973 0.0 0.09000000357627869 0.09000000357627869 0.019999999552965164 0.09000000357627869 -0.18000000715255737 0.09000000357627869 0.09000000357627869 -0.18000000715255737 0.09000000357627869 0.09000000357627869 0.0 -0.5099999904632568 0.0 0.0 0.09000000357627869 0.09000000357627869 0.0 0.09000000357627869 -0.18000000715255737 0.09000000357627869 0.09000000357627869 -0.18000000715255737 0.09000000357627869 0.09000000357627869 0.0 -0.5099999904632568 0.0 0.3100000023841858 0.09000000357627869
199 0.0 -0.18000000715255737 0.09000000357627869 0.09000000357627869 -0.27000001072883606 0.09000000357627869 0.09000000357627869 0.5099999904632568 -0.5099999904632568 -0.4699999988079071 0.0 0.07000000029802322 0.09000000357627869 -0.27000001072883606 0.09000000357627869 0.09000000357627869 0.09000000357627869 0.0 -0.5099999904632568 0.0 0.0 0.0 0.09000000357627869 0.0 0.09000000357627869 0.0 0.0 0.0 -0.27000001072883606 0.09000000357627869 0.09000000357627869 0.09000000357627869 -0.27000001072883606 0.09000000357627869 0.09000000357627869 0.09000000357627869 0.5099999904632568 -0.5099999904632568 -0.4699999988079071 0.3100000023841858 -0.019999999552965164 0.09000000357627869 0.09000000357627869 0.5099999904632568 -0.5099999904632568 -0.4699999988079071 0.3100000023841858 0.0 0.09000000357627869 0.05000000074505806 0.09000000357627869 0.09000000357627869 -0.6600000262260437 0.4300000071525574 0.5099999904632568 -0.5099999904632568 -0.4699999988079071 0.0 0.0 0.09000000357627869 0.05000000074505806 0.09000000357627869 0.09000000357627869 -0.6600000262260437 0.4300000071525574 0.5099999904632568 -0.5099999904632568 -0.28999999165534973 0.0 0.09000000357627869 0.09000000357627869 0.019999999552965164 0.09000000357627869 -0.18000000715255737 0.09000000357627869 0.09000000357627869 -0.18000000715255737 0.09000000357627869 0.09000000357627869 0.0 -0.5099999904632568 0.0 0.0 0.09000000357627869 0.09000000357627869 0.0 0.09000000357627869 -0.18000000715255737 0.09000000357627869 0.09000000357627869 -0.18000000715255737 0.09000000357627869 0.09000000357627869 0.0 -0.5099999904632568 0.0 0.3100000023841858 0.0 0.09000000357627869 -0.27000001072883606 0.09000000357627869 0.09000000357627869 0.09000000357627869 0.5099999904632568 -0.5099999904632568 -0.4699999988079071 0.3100000023841858 -0.6600000262260437 0.4300000071525574 0.0 -0.6600000262260437 0.4300000071525574
2 -0.30000001192092896 0.33000001311302185 0.33000001311302185 0.33000001311302185 0.0 0.10000000149011612 0.0 0.09000000357627869 0.09000000357627869 -0.14000000059604645 0.09000000357627869 0.09000000357627869 -0.09000000357627869 -0.2199999988079071 0.09000000357627869 0.09000000357627869 0.09000000357627869 0.5099999904632568 -0.5099999904632568 -0.4699999988079071 0.3100000023841858 0.0 0.09000000357627869 0.0 0.09000000357627869 -0.6600000262260437 0.4300000071525574 -0.27000001072883606 0.09000000357627869 0.09000000357627869 0.09000000357627869 0.5099999904632568 -0.5099999904632568 0.0 0.3100000023841858 0.07000000029802322 0.09000000357627869 0.05000000074505806 0.09000000357627869 0.09000000357627869 -0.6600000262260437 0.4300000071525574 0.5099999904632568 -0.5099999904632568 -0.4699999988079071 0.3100000023841858 -0.019999999552965164 0.09000000357627869 0.09000000357627869 0.5099999904632568 -0.5099999904632568 0.0 0.3100000023841858 0.0 0.09000000357627869 -0.27000001072883606 0.09000000357627869 -0.27000001072883606 0.09000000357627869 0.09000000357627869
20 0.05000000074505806 0.09000000357627869 -0.6600000262260437 0.4300000071525574 0.0 -0.5099999904632568 0.0 0.0 0.09000000357627869 0.09000000357627869 0.09000000357627869 0.5099999904632568 -0.5099999904632568 -0.4699999988079071 0.3100000023841858 -0.019999999552965164 0.09000000357627869 0.09000000357627869 0.5099999904632568 -0.5099999904632568 -0.4699999988079071 0.3100000023841858 0.07000000029802322 0.09000000357627869 0.05000000074505806 0.09000000357627869 0.09000000357627869 -0.6600000262260437 0.4300000071525574 0.5099999904632568 -0.5099999904632568 -0.4699999988079071 0.3100000023841858 0.0 0.09000000357627869 0.05000000074505806 0.09000000357627869 0.09000000357627869 -0.6600000262260437 0.4300000071525574 0.5099999904632568 -0.5099999904632568 0.0 0.3100000023841858 0.0 0.09000000357627869 -0.18000000715255737 0.09000000357627869 0.09000000357627869 0.0 0.09000000357627869 0.09000000357627869 -0.18000000715255737 0.09000000357627869 0.09000000357627869 0.20999999344348907 0.05000000074505806 0.05000000074505806 -0.30000001192092896 0.33000001311302185 0.33000001311302185 0.33000001311302185 0.0 -0.5099999904632568 0.0 0.3100000023841858 0.0 0.0 0.0 0.09000000357627869 0.0 0.0 0.0 0.0 0.0 0.11999999731779099 0.0 -0.5400000214576721 0.4300000071525574 -0.11999999731779099 0.11999999731779099 0.0 0.11999999731779099 0.0 -0.5099999904632568 0.0 0.0 0.0 0.09000000357627869 -0.18000000715255737 0.0 0.09000000357627869 0.0 0.09000000357627869 -0.27000001072883606 0.09000000357627869 0.09000000357627869 0.0 -0.27000001072883606 0.09000000357627869 0.0 0.09000000357627869 0.0 -0.5099999904632568 0.0 0.0 0.0 0.09000000357627869 0.0 0.0 0.0 0.0 0.09000000357627869 0.09000000357627869 0.0 0.0 0.09000000357627869 0.0 0.5099999904632568 0.0 0.0 0.3100000023841858 0.0 0.0 0.0 0.0 0.0 -0.2800000011920929 0.09000000357627869 0.09000000357627869 0.6200000047683716 -0.7599999904632568 -0.7599999904632568 0.0 -0.5099999904632568 0.09000000357627869 0.0 0.09000000357627869 0.0 0.0 0.0 0.0 0.0 0.0 0.0 0.11999999731779099 0.0 0.0 0.0 0.0 0.0 0.0 0.0 0.0 0.0 0.0 0.0 0.0 0.0 0.0 0.0 0.0 0.0 0.09000000357627869 0.0 0.0 0.09000000357627869 0.550000011920929 -0.550000011920929 -0.6200000047683716 0.3199999928474426 0.30000001192092896 0.0 0.0 0.0 0.3100000023841858 0.0 0.0 0.0 0.0 0.09000000357627869 0.0 0.09000000357627869 0.550000011920929 -0.550000011920929 0.0 -0.5099999904632568 0.0 0.09000000357627869 0.18000000715255737 0.0 0.0 0.09000000357627869 0.09000000357627869 0.20999999344348907 0.05000000074505806 -0.30000001192092896 0.33000001311302185 0.33000001311302185 0.33000001311302185 -0.23000000417232513 0.0 -0.18000000715255737 0.09000000357627869 0.0
200 0.0 0.09000000357627869 -0.18000000715255737 0.09000000357627869 0.09000000357627869 0.0 0.09000000357627869 -0.27000001072883606 0.09000000357627869 0.09000000357627869 0.09000000357627869 0.5099999904632568 -0.5099999904632568 -0.4699999988079071 0.07000000029802322 0.09000000357627869 -0.27000001072883606 0.09000000357627869 0.09000000357627869 0.09000000357627869 0.0 0.0 0.09000000357627869 0.0 0.0 0.0 -0.27000001072883606 0.09000000357627869 0.09000000357627869 0.09000000357627869 -0.27000001072883606 0.09000000357627869 0.09000000357627869 0.09000000357627869 0.5099999904632568 -0.5099999904632568 0.5099999904632568 -0.5099999904632568 -0.4699999988079071 0.3100000023841858 0.0 0.09000000357627869 0.05000000074505806 0.09000000357627869 0.5099999904632568 -0.5099999904632568 -0.4699999988079071 0.0 0.0 0.09000000357627869 0.05000000074505806 0.09000000357627869 0.09000000357627869 -0.6600000262260437 0.4300000071525574 0.5099999904632568 -0.5099999904632568 -0.4699999988079071 0.3100000023841858 -0.019999999552965164 0.09000000357627869 0.09000000357627869 0.5099999904632568 -0.5099999904632568 0.0 0.0 0.09000000357627869 0.09000000357627869 0.0 0.09000000357627869 -0.18000000715255737 0.09000000357627869 0.09000000357627869 -0.18000000715255737 0.09000000357627869 0.09000000357627869 0.0 -0.5099999904632568 0.0 0.3100000023841858 0.0 0.09000000357627869 -0.27000001072883606 0.09000000357627869 0.09000000357627869 0.09000000357627869 0.5099999904632568 -0.5099999904632568 -0.4699999988079071 0.3100000023841858 0.0 0.09000000357627869 0.05000000074505806 0.09000000357627869 0.09000000357627869 -0.6600000262260437 0.4300000071525574 0.5099999904632568 -0.5099999904632568 -0.4699999988079071 0.0 0.0 0.09000000357627869 0.05000000074505806 0.09000000357627869 0.09000000357627869 -0.6600000262260437 0.4300000071525574 0.5099999904632568 -0.5099999904632568 -0.4699999988079071 0.3100000023841858 0.07000000029802322 0.09000000357627869 0.05000000074505806 0.09000000357627869 0.09000000357627869 -0.6600000262260437 0.4300000071525574
201 0.0 0.0 -0.27000001072883606 0.09000000357627869 0.09000000357627869 0.09000000357627869 -0.27000001072883606 0.09000000357627869 0.09000000357627869 0.09000000357627869 -0.5099999904632568 -0.4699999988079071 0.0 0.0 0.09000000357627869 0.05000000074505806 0.09000000357627869 0.09000000357627869 -0.6600000262260437 0.4300000071525574 0.5099999904632568 -0.5099999904632568 -0.4699999988079071 0.3100000023841858 -0.019999999552965164 0.09000000357627869 0.09000000357627869 0.5099999904632568 -0.5099999904632568 -0.28999999165534973 0.0 0.09000000357627869 0.09000000357627869 0.019999999552965164 0.09000000357627869 -0.18000000715255737 0.09000000357627869 0.09000000357627869 -0.18000000715255737 0.09000000357627869 0.09000000357627869 0.0 -0.5099999904632568 0.0 0.3100000023841858 0.0 0.09000000357627869 -0.27000001072883606 0.09000000357627869 0.09000000357627869 0.09000000357627869 0.5099999904632568 -0.5099999904632568 -0.4699999988079071 0.3100000023841858 0.0 0.09000000357627869 0.05000000074505806 0.09000000357627869 0.09000000357627869 -0.6600000262260437 0.4300000071525574 0.5099999904632568 -0.5099999904632568 -0.4699999988079071 0.0 0.0 0.09000000357627869 0.05000000074505806 0.09000000357627869 0.09000000357627869 -0.6600000262260437 0.4300000071525574 0.5099999904632568 -0.5099999904632568 -0.4699999988079071 0.3100000023841858 0.07000000029802322 0.09000000357627869 0.05000000074505806 0.09000000357627869 0.09000000357627869 -0.6600000262260437 0.4300000071525574 0.5099999904632568 -0.5099999904632568 -0.4699999988079071 0.3100000023841858 0.0 0.09000000357627869 0.05000000074505806 0.09000000357627869
202 0.0 0.09000000357627869 0.05000000074505806 0.09000000357627869 0.5099999904632568 -0.5099999904632568 -0.4699999988079071 0.3100000023841858 -0.019999999552965164 0.09000000357627869 0.09000000357627869 0.5099999904632568 -0.5099999904632568 -0.28999999165534973 0.0 0.09000000357627869 0.09000000357627869 0.019999999552965164 0.09000000357627869 -0.18000000715255737 0.09000000357627869 0.09000000357627869 -0.18000000715255737 0.09000000357627869 0.09000000357627869 0.0 -0.5099999904632568 0.0 0.0 0.09000000357627869 0.09000000357627869 0.0 0.09000000357627869 -0.18000000715255737 0.09000000357627869 0.09000000357627869 -0.18000000715255737 0.09000000357627869 0.09000000357627869 0.0 -0.5099999904632568 -0.4699999988079071 0.3100000023841858 0.0 0.09000000357627869 0.05000000074505806 0.09000000357627869 0.09000000357627869 -0.6600000262260437 0.4300000071525574 0.5099999904632568 -0.5099999904632568 -0.4699999988079071 0.0 0.0 0.09000000357627869 0.05000000074505806 0.09000000357627869 0.09000000357627869 -0.6600000262260437 0.4300000071525574 0.5099999904632568 -0.5099999904632568 -0.4699999988079071 0.3100000023841858 0.07000000029802322 0.09000000357627869 0.05000000074505806 0.09000000357627869 0.09000000357627869 -0.6600000262260437 0.4300000071525574 0.5099999904632568 -0.5099999904632568 -0.4699999988079071 0.3100000023841858 0.0 0.09000000357627869 0.05000000074505806 0.09000000357627869 0.09000000357627869 -0.6600000262260437 0.4300000071525574 0.5099999904632568 -0.5099999904632568 -0.4699999988079071 0.3100000023841858 0.0 0.09000000357627869 0.05000000074505806 0.09000000357627869 0.09000000357627869 0.5099999904632568 -0.5099999904632568 -0.4699999988079071
203 -0.019999999552965164 0.09000000357627869 0.5099999904632568 -0.5099999904632568 -0.28999999165534973 0.0 0.09000000357627869 0.09000000357627869 0.019999999552965164 0.09000000357627869 -0.18000000715255737 0.09000000357627869 0.09000000357627869 -0.18000000715255737 0.09000000357627869 0.09000000357627869 0.0 -0.5099999904632568 0.0 0.0 0.09000000357627869 0.09000000357627869 0.0 0.09000000357627869 -0.18000000715255737 0.09000000357627869 0.09000000357627869 -0.18000000715255737 0.09000000357627869 0.09000000357627869 0.0 -0.5099999904632568 0.0 0.3100000023841858 0.0 0.09000000357627869 -0.27000001072883606 0.09000000357627869 0.09000000357627869 0.09000000357627869 0.5099999904632568 -0.5099999904632568 -0.4699999988079071 0.0 0.0 0.09000000357627869 0.05000000074505806 0.09000000357627869 0.09000000357627869 -0.6600000262260437 0.4300000071525574 0.5099999904632568 -0.5099999904632568 -0.4699999988079071 0.3100000023841858 0.07000000029802322 0.09000000357627869 0.05000000074505806 0.09000000357627869 0.09000000357627869 -0.6600000262260437 0.4300000071525574 0.5099999904632568 -0.5099999904632568 -0.4699999988079071 0.3100000023841858 0.0 0.09000000357627869 0.05000000074505806 0.09000000357627869 0.09000000357627869 -0.6600000262260437 0.4300000071525574 0.5099999904632568 -0.5099999904632568 -0.4699999988079071 0.3100000023841858 0.0 0.09000000357627869 0.05000000074505806 0.09000000357627869 0.09000000357627869 0.5099999904632568 -0.5099999904632568 -0.4699999988079071
204 -0.019999999552965164 0.09000000357627869 0.5099999904632568 -0.5099999904632568 -0.28999999165534973 0.0 0.09000000357627869 0.09000000357627869 0.019999999552965164 0.09000000357627869 -0.18000000715255737 0.09000000357627869 0.09000000357627869 -0.18000000715255737 0.09000000357627869 0.09000000357627869 0.0 -0.5099999904632568 0.0 0.0 0.09000000357627869 0.09000000357627869 0.0 0.09000000357627869 -0.18000000715255737 0.09000000357627869 0.09000000357627869 -0.18000000715255737 0.09000000357627869 0.09000000357627869 0.0 -0.5099999904632568 0.0 0.3100000023841858 0.0 0.09000000357627869 -0.27000001072883606 0.09000000357627869 0.09000000357627869 0.09000000357627869 0.5099999904632568 -0.5099999904632568 -0.4699999988079071 0.3100000023841858 0.0 0.09000000357627869 0.05000000074505806 0.09000000357627869 0.09000000357627869 -0.6600000262260437 0.4300000071525574 0.5099999904632568 -0.5099999904632568 -0.4699999988079071 0.3100000023841858 0.07000000029802322 0.09000000357627869 0.05000000074505806 0.09000000357627869 0.09000000357627869 -0.6600000262260437 0.4300000071525574 0.5099999904632568 -0.5099999904632568 -0.4699999988079071 0.3100000023841858 0.0 0.09000000357627869 0.05000000074505806 0.09000000357627869 0.09000000357627869 -0.6600000262260437 0.4300000071525574 0.5099999904632568 -0.5099999904632568 -0.4699999988079071 0.3100000023841858 0.0 0.09000000357627869 0.05000000074505806 0.09000000357627869 0.09000000357627869 -0.6600000262260437 0.4300000071525574 0.5099999904632568 -0.5099999904632568 -0.4699999988079071 0.3100000023841858
205 -0.28999999165534973 0.0 0.09000000357627869 0.019999999552965164 0.09000000357627869 -0.18000000715255737 0.09000000357627869 0.09000000357627869 -0.18000000715255737 0.09000000357627869 0.09000000357627869 0.0 -0.5099999904632568 0.0 0.0 0.09000000357627869 0.09000000357627869 0.0 0.09000000357627869 -0.18000000715255737 0.09000000357627869 0.09000000357627869 -0.18000000715255737 0.09000000357627869 0.09000000357627869 0.0 -0.5099999904632568 0.0 0.3100000023841858 0.0 0.09000000357627869 -0.27000001072883606 0.09000000357627869 0.09000000357627869 0.09000000357627869 0.5099999904632568 -0.5099999904632568 -0.4699999988079071 0.3100000023841858 0.0 0.09000000357627869 0.05000000074505806 0.09000000357627869 0.09000000357627869 -0.6600000262260437 0.4300000071525574 0.5099999904632568 -0.5099999904632568 -0.4699999988079071 0.0 0.0 0.09000000357627869 0.05000000074505806 0.09000000357627869 0.09000000357627869 -0.6600000262260437 0.4300000071525574 0.5099999904632568 -0.5099999904632568 -0.4699999988079071 0.3100000023841858 0.0 0.09000000357627869 0.05000000074505806 0.09000000357627869 0.09000000357627869 -0.6600000262260437 0.4300000071525574 0.5099999904632568 -0.5099999904632568 -0.4699999988079071 0.3100000023841858 0.0 0.09000000357627869 0.05000000074505806 0.09000000357627869 0.09000000357627869 -0.6600000262260437 0.4300000071525574 0.5099999904632568 -0.5099999904632568 -0.4699999988079071 0.3100000023841858 0.0 0.09000000357627869 0.05000000074505806 0.09000000357627869 0.09000000357627869 -0.6600000262260437 0.4300000071525574 0.5099999904632568 -0.5099999904632568 -0.4699999988079071 0.0 0.0 0.09000000357627869 0.05000000074505806 0.09000000357627869 0.09000000357627869 -0.6600000262260437 0.4300000071525574 0.5099999904632568 0.0 0.3100000023841858 0.09000000357627869 0.5099999904632568 -0.5099999904632568
206 0.09000000357627869 0.09000000357627869 0.0 -0.5099999904632568 0.0 0.3100000023841858 0.0 0.09000000357627869 -0.27000001072883606 0.09000000357627869 0.09000000357627869 0.09000000357627869 0.5099999904632568 -0.5099999904632568 -0.4699999988079071 0.3100000023841858 0.0 0.09000000357627869 0.05000000074505806 0.09000000357627869 0.09000000357627869 -0.6600000262260437 0.4300000071525574 0.5099999904632568 -0.5099999904632568 -0.4699999988079071 0.0 0.0 0.09000000357627869 0.05000000074505806 0.09000000357627869 0.09000000357627869 -0.6600000262260437 0.4300000071525574 0.5099999904632568 -0.5099999904632568 -0.4699999988079071 0.3100000023841858 0.07000000029802322 0.09000000357627869 0.05000000074505806 0.09000000357627869 0.09000000357627869 -0.6600000262260437 0.4300000071525574 0.5099999904632568 -0.5099999904632568 -0.4699999988079071 0.3100000023841858 0.0 0.09000000357627869 0.05000000074505806 0.09000000357627869 0.09000000357627869 -0.6600000262260437 0.4300000071525574 0.5099999904632568 -0.5099999904632568 -0.4699999988079071 0.3100000023841858 0.0 0.09000000357627869 0.05000000074505806 0.09000000357627869 0.09000000357627869 -0.6600000262260437 0.4300000071525574 0.5099999904632568 -0.5099999904632568 -0.4699999988079071 0.0 0.0 0.09000000357627869 0.05000000074505806 0.09000000357627869 0.09000000357627869 -0.6600000262260437 0.4300000071525574 0.5099999904632568 -0.5099999904632568 0.0 0.3100000023841858 0.0 0.09000000357627869 0.5099999904632568 -0.5099999904632568 0.09000000357627869 -0.6600000262260437 0.4300000071525574
207 0.0 0.0 0.09000000357627869 -0.27000001072883606 0.09000000357627869 0.09000000357627869 0.09000000357627869 0.5099999904632568 -0.5099999904632568 -0.4699999988079071 0.3100000023841858 0.0 0.09000000357627869 0.05000000074505806 0.09000000357627869 0.09000000357627869 0.5099999904632568 -0.5099999904632568 -0.4699999988079071 0.0 0.0 0.09000000357627869 0.05000000074505806 0.09000000357627869 0.09000000357627869 -0.6600000262260437 0.4300000071525574 0.5099999904632568 -0.5099999904632568 -0.4699999988079071 0.3100000023841858 0.07000000029802322 0.09000000357627869 0.05000000074505806 0.09000000357627869 0.09000000357627869 -0.6600000262260437 0.4300000071525574 0.5099999904632568 -0.5099999904632568 -0.4699999988079071 0.3100000023841858 0.0 0.09000000357627869 0.05000000074505806 0.09000000357627869 0.09000000357627869 -0.6600000262260437 0.4300000071525574 0.5099999904632568 -0.5099999904632568 -0.4699999988079071 0.3100000023841858 0.0 0.09000000357627869 0.05000000074505806 0.09000000357627869 0.09000000357627869 -0.6600000262260437 0.4300000071525574 0.5099999904632568 -0.5099999904632568 -0.4699999988079071 0.0 0.0 0.09000000357627869 0.05000000074505806 0.09000000357627869 0.09000000357627869 -0.6600000262260437 0.4300000071525574 0.5099999904632568 -0.5099999904632568 0.0 0.3100000023841858 0.0 0.09000000357627869 -0.18000000715255737 0.09000000357627869 0.09000000357627869 -0.18000000715255737 0.09000000357627869 0.09000000357627869 0.20000000298023224 0.09000000357627869 0.09000000357627869 -0.699999988079071 0.4399999976158142 0.46000000834465027 0.5099999904632568 -0.5099999904632568 0.0 0.3100000023841858 0.0 0.09000000357627869 0.05000000074505806 0.09000000357627869 0.09000000357627869 -0.6600000262260437 0.4300000071525574 0.5099999904632568 -0.5099999904632568 -0.4699999988079071 0.3100000023841858 0.09000000357627869
208 -0.5099999904632568 -0.5099999904632568 0.5099999904632568 -0.5099999904632568 -0.4699999988079071 0.3100000023841858 0.07000000029802322 0.09000000357627869 0.05000000074505806 0.09000000357627869 0.09000000357627869 -0.6600000262260437 0.4300000071525574 0.5099999904632568 -0.5099999904632568 -0.4699999988079071 0.3100000023841858 0.0 0.09000000357627869 0.05000000074505806 0.09000000357627869 0.09000000357627869 -0.6600000262260437 0.4300000071525574 0.5099999904632568 -0.5099999904632568 -0.4699999988079071 0.3100000023841858 0.0 0.09000000357627869 0.05000000074505806 0.09000000357627869 0.09000000357627869 -0.6600000262260437 0.4300000071525574 0.5099999904632568 -0.5099999904632568 -0.4699999988079071 0.0 0.0 0.09000000357627869 0.05000000074505806 0.09000000357627869 0.09000000357627869 -0.6600000262260437 0.4300000071525574 0.5099999904632568 -0.5099999904632568 0.0 0.3100000023841858 0.0 0.09000000357627869 -0.18000000715255737 0.09000000357627869 0.09000000357627869 -0.18000000715255737 0.09000000357627869 0.09000000357627869 0.20000000298023224 0.09000000357627869 0.09000000357627869 -0.699999988079071 0.4399999976158142 0.6399999856948853 0.46000000834465027 0.5099999904632568 -0.5099999904632568 0.0 0.3100000023841858 0.0 0.09000000357627869 0.05000000074505806 0.09000000357627869 0.09000000357627869 -0.6600000262260437 0.4300000071525574 0.5099999904632568 -0.5099999904632568 -0.4699999988079071 0.3100000023841858 0.0 0.09000000357627869 0.0 0.09000000357627869 -0.18000000715255737 0.09000000357627869 0.09000000357627869 0.550000011920929 -0.6200000047683716 0.30000001192092896 0.5099999904632568
209 -0.4699999988079071 0.07000000029802322 0.09000000357627869 0.05000000074505806 0.09000000357627869 0.09000000357627869 -0.6600000262260437 0.4300000071525574 0.5099999904632568 -0.5099999904632568 -0.4699999988079071 0.3100000023841858 0.0 0.09000000357627869 0.05000000074505806 0.09000000357627869 0.09000000357627869 -0.6600000262260437 0.4300000071525574 0.5099999904632568 -0.5099999904632568 -0.4699999988079071 0.3100000023841858 0.0 0.09000000357627869 0.05000000074505806 0.09000000357627869 0.09000000357627869 -0.6600000262260437 0.4300000071525574 0.5099999904632568 -0.5099999904632568 -0.4699999988079071 0.3100000023841858 0.0 0.09000000357627869 0.05000000074505806 0.09000000357627869 0.09000000357627869 -0.6600000262260437 0.4300000071525574 0.5099999904632568 -0.5099999904632568 0.0 0.3100000023841858 0.0 0.09000000357627869 -0.18000000715255737 0.09000000357627869 0.09000000357627869 -0.18000000715255737 0.09000000357627869 0.09000000357627869 0.20000000298023224 0.09000000357627869 0.09000000357627869 -0.699999988079071 0.4399999976158142 0.6399999856948853 -0.800000011920929 0.46000000834465027 0.46000000834465027 -0.800000011920929 0.46000000834465027 0.46000000834465027 0.5099999904632568 -0.5099999904632568 0.0 0.3100000023841858 0.0 0.09000000357627869 0.05000000074505806 0.09000000357627869 0.09000000357627869 -0.6600000262260437 0.4300000071525574 0.5099999904632568 -0.5099999904632568 -0.4699999988079071 0.3100000023841858 0.0 0.09000000357627869 0.0 0.09000000357627869 0.09000000357627869 -0.18000000715255737 0.09000000357627869 0.09000000357627869 0.550000011920929 -0.550000011920929 -0.6200000047683716 0.3199999928474426 0.30000001192092896 0.5099999904632568 -0.5099999904632568
21 0.3100000023841858 0.0 0.05000000074505806 0.09000000357627869 0.09000000357627869 -0.6600000262260437 0.4300000071525574 0.0 -0.5099999904632568 0.0 0.0 0.09000000357627869 0.0 0.09000000357627869 -0.18000000715255737 0.09000000357627869 0.09000000357627869 -0.699999988079071 0.4399999976158142 -0.800000011920929 0.46000000834465027 0.5099999904632568 -0.5099999904632568 -0.4699999988079071 0.3100000023841858 -0.019999999552965164 0.09000000357627869 0.09000000357627869 0.5099999904632568 -0.5099999904632568 -0.4699999988079071 0.3100000023841858 0.07000000029802322 0.09000000357627869 0.05000000074505806 0.09000000357627869 0.09000000357627869 -0.6600000262260437 0.4300000071525574 0.5099999904632568 -0.5099999904632568 -0.4699999988079071 0.3100000023841858 0.0 0.09000000357627869 0.05000000074505806 0.09000000357627869 0.09000000357627869 -0.6600000262260437 0.4300000071525574 0.5099999904632568 -0.5099999904632568 -0.4699999988079071 0.3100000023841858 0.0 0.09000000357627869 0.0 0.09000000357627869 -0.6600000262260437 0.4300000071525574 -0.27000001072883606 0.09000000357627869 0.09000000357627869 0.09000000357627869 0.0 -0.5099999904632568 0.0 0.3100000023841858 0.0 0.0 0.0 0.09000000357627869 0.0 0.0 0.0 0.0 0.0 0.11999999731779099 0.0 -0.5400000214576721 0.4300000071525574 -0.11999999731779099 0.11999999731779099 0.0 0.11999999731779099 0.0 -0.5099999904632568 0.0 0.0 0.0 0.09000000357627869 -0.18000000715255737 0.0 0.09000000357627869 0.0 0.09000000357627869 -0.27000001072883606 0.09000000357627869 0.09000000357627869 0.0 -0.27000001072883606 0.09000000357627869 0.0 0.09000000357627869 0.0 -0.5099999904632568 0.0 0.0 0.0 0.09000000357627869 0.0 0.0 0.0 0.09000000357627869 0.0 0.5099999904632568 0.0 0.0 0.3100000023841858 0.0 0.0 0.0 0.0 0.0 -0.2800000011920929 0.09000000357627869 0.09000000357627869 0.6200000047683716 -0.7599999904632568 -0.7599999904632568 0.0 -0.5099999904632568 0.0 0.0 0.0 0.0 0.0 0.09000000357627869 0.0 0.0 -0.27000001072883606 0.09000000357627869 0.0 0.09000000357627869 -0.27000001072883606 0.09000000357627869 0.09000000357627869 0.09000000357627869 0.0 0.0 0.0 0.0 0.0 0.0 0.0 0.09000000357627869 0.0 0.0 0.0 0.0 0.0 0.0 0.0 0.0 0.10999999940395355 -0.5400000214576721 0.4300000071525574 0.0 0.0 0.0 0.11999999731779099 0.0 0.0 0.0 0.0 0.0 0.0 0.0 0.0 0.0 0.0 0.0 0.0 0.0 0.0 0.09000000357627869 0.0 0.0 0.0 0.0 0.0 0.0 0.0 0.0 0.09000000357627869 0.0 0.0 0.09000000357627869 0.550000011920929 -0.550000011920929 -0.6200000047683716 0.3199999928474426 0.30000001192092896 0.0 0.0 0.0 0.3100000023841858 0.0 0.0 0.0 0.0 0.09000000357627869 0.0 0.09000000357627869 0.0 0.550000011920929 -0.550000011920929 0.0 -0.5099999904632568 0.0 0.0 0.0 0.09000000357627869 0.0 0.09000000357627869 0.0 -0.27000001072883606 0.09000000357627869 0.09000000357627869 0.09000000357627869 0.5099999904632568 -0.5099999904632568 -0.4699999988079071 0.3100000023841858 0.0 0.0 0.0 0.0 0.0 0.0 0.0 0.0 0.0 -0.05000000074505806 0.0 0.0 0.0 0.0 0.1899999976158142 0.0 0.0 0.0 0.0 0.0 0.0 0.0 -0.23000000417232513 0.1599999964237213 0.0 0.0 0.0 0.0 0.0 0.0 0.0 0.0 -0.18000000715255737 0.09000000357627869 0.09000000357627869 0.0 0.05000000074505806 0.0 -0.30000001192092896 0.33000001311302185 0.33000001311302185 0.33000001311302185 0.09000000357627869 0.09000000357627869 0.4399999976158142 0.09000000357627869 0.5099999904632568 -0.5099999904632568 0.0 -0.27000001072883606 0.09000000357627869 0.0 -0.27000001072883606 0.09000000357627869 0.0 0.09000000357627869 0.0 0.09000000357627869 0.0
210 0.05000000074505806 0.09000000357627869 0.4300000071525574 0.5099999904632568 -0.5099999904632568 -0.4699999988079071 0.0 0.09000000357627869 0.05000000074505806 0.09000000357627869 0.5099999904632568 -0.5099999904632568 -0.4699999988079071 0.3100000023841858 0.0 0.09000000357627869 0.05000000074505806 0.09000000357627869 0.09000000357627869 -0.6600000262260437 0.4300000071525574 0.5099999904632568 -0.5099999904632568 -0.4699999988079071 0.3100000023841858 0.0 0.09000000357627869 0.05000000074505806 0.09000000357627869 0.09000000357627869 -0.6600000262260437 0.4300000071525574 0.5099999904632568 -0.5099999904632568 -0.4699999988079071 0.0 0.0 0.09000000357627869 0.05000000074505806 0.09000000357627869 0.09000000357627869 -0.6600000262260437 0.4300000071525574 0.5099999904632568 -0.5099999904632568 0.0 0.3100000023841858 0.0 0.09000000357627869 0.05000000074505806 0.09000000357627869 0.09000000357627869 -0.6600000262260437 0.4300000071525574 0.5099999904632568 -0.5099999904632568 -0.4699999988079071 0.3100000023841858 0.0 0.09000000357627869 0.0 0.09000000357627869 0.09000000357627869 -0.18000000715255737 0.09000000357627869 0.09000000357627869 0.550000011920929 -0.550000011920929 -0.6200000047683716 0.3199999928474426 0.30000001192092896 0.5099999904632568 -0.5099999904632568 -0.4699999988079071 0.3100000023841858 0.0 0.09000000357627869 0.05000000074505806 0.09000000357627869 0.09000000357627869 -0.6600000262260437 0.4300000071525574 0.5099999904632568 -0.5099999904632568 -0.4699999988079071 0.3100000023841858
211 0.0 0.09000000357627869 0.09000000357627869 0.5099999904632568 -0.5099999904632568 -0.4699999988079071 0.3100000023841858 0.0 0.09000000357627869 0.05000000074505806 0.09000000357627869 -0.6600000262260437 0.4300000071525574 0.5099999904632568 -0.5099999904632568 -0.4699999988079071 0.3100000023841858 0.0 0.09000000357627869 0.05000000074505806 0.09000000357627869 0.09000000357627869 -0.6600000262260437 0.4300000071525574 0.5099999904632568 -0.5099999904632568 -0.4699999988079071 0.0 0.0 0.09000000357627869 0.05000000074505806 0.09000000357627869 0.09000000357627869 -0.6600000262260437 0.4300000071525574 0.5099999904632568 -0.5099999904632568 0.0 0.3100000023841858 0.0 0.09000000357627869 -0.18000000715255737 0.09000000357627869 0.09000000357627869 -0.18000000715255737 0.09000000357627869 0.09000000357627869 0.20000000298023224 0.09000000357627869 0.09000000357627869 -0.699999988079071 0.4399999976158142 0.6399999856948853 -0.800000011920929 0.46000000834465027 0.46000000834465027 -0.800000011920929 0.46000000834465027 0.46000000834465027 0.5099999904632568 -0.5099999904632568 -0.4699999988079071 0.3100000023841858 0.0 0.09000000357627869 0.0 0.09000000357627869 0.09000000357627869 -0.18000000715255737 0.09000000357627869 0.09000000357627869 0.550000011920929 -0.550000011920929 -0.6200000047683716 0.3199999928474426 0.30000001192092896 0.5099999904632568 -0.5099999904632568 -0.4699999988079071 0.3100000023841858 0.0 0.09000000357627869 0.05000000074505806 0.09000000357627869 0.09000000357627869 -0.6600000262260437 0.4300000071525574 0.5099999904632568 -0.5099999904632568 -0.4699999988079071 0.3100000023841858 0.0 0.09000000357627869 -0.27000001072883606 0.09000000357627869 0.09000000357627869 0.09000000357627869 0.5099999904632568 -0.5099999904632568 -0.4699999988079071 0.3100000023841858 0.0 0.09000000357627869 -0.27000001072883606 0.09000000357627869
212 0.5099999904632568 -0.5099999904632568 -0.4699999988079071 0.0 0.09000000357627869 0.05000000074505806 0.09000000357627869 0.09000000357627869 0.5099999904632568 -0.5099999904632568 -0.4699999988079071 0.0 0.0 0.09000000357627869 0.05000000074505806 0.09000000357627869 0.09000000357627869 -0.6600000262260437 0.5099999904632568 -0.5099999904632568 0.0 0.3100000023841858 0.0 0.09000000357627869 -0.18000000715255737 0.09000000357627869 0.09000000357627869 -0.18000000715255737 0.09000000357627869 0.09000000357627869 0.20000000298023224 0.09000000357627869 0.09000000357627869 -0.699999988079071 0.4399999976158142 0.6399999856948853 -0.800000011920929 0.46000000834465027 0.46000000834465027 -0.800000011920929 0.46000000834465027 0.46000000834465027 0.5099999904632568 -0.5099999904632568 0.0 0.3100000023841858 0.0 0.09000000357627869 0.05000000074505806 0.09000000357627869 0.09000000357627869 -0.6600000262260437 0.4300000071525574 0.5099999904632568 -0.5099999904632568 -0.4699999988079071 0.3100000023841858 0.0 0.09000000357627869 0.05000000074505806 0.09000000357627869 0.09000000357627869 -0.6600000262260437 0.4300000071525574 0.5099999904632568 -0.5099999904632568 -0.4699999988079071 0.3100000023841858 0.0 0.09000000357627869 -0.27000001072883606 0.09000000357627869 0.09000000357627869 0.09000000357627869 0.5099999904632568 -0.5099999904632568 -0.4699999988079071 0.3100000023841858 0.0 0.09000000357627869 -0.27000001072883606 0.09000000357627869 0.09000000357627869 0.09000000357627869 0.5099999904632568 -0.5099999904632568 0.0 0.0 0.09000000357627869 0.09000000357627869
213 0.0 0.3100000023841858 0.0 0.09000000357627869 -0.18000000715255737 0.09000000357627869 0.09000000357627869 -0.18000000715255737 0.09000000357627869 0.20000000298023224 0.09000000357627869 0.5099999904632568 -0.5099999904632568 0.0 0.3100000023841858 0.0 0.09000000357627869 0.05000000074505806 0.09000000357627869 0.09000000357627869 -0.6600000262260437 0.4300000071525574 0.5099999904632568 -0.5099999904632568 -0.4699999988079071 0.3100000023841858 0.0 0.09000000357627869 0.0 0.09000000357627869 0.09000000357627869 -0.18000000715255737 0.09000000357627869 0.09000000357627869 0.550000011920929 -0.550000011920929 -0.6200000047683716 0.3199999928474426 0.30000001192092896 0.5099999904632568 -0.5099999904632568 -0.4699999988079071 0.3100000023841858 0.0 0.09000000357627869 -0.27000001072883606 0.09000000357627869 0.09000000357627869 0.09000000357627869 0.5099999904632568 -0.5099999904632568 -0.4699999988079071 0.3100000023841858 0.0 0.09000000357627869 -0.27000001072883606 0.09000000357627869 0.09000000357627869 0.09000000357627869 0.5099999904632568 -0.5099999904632568 0.0 0.0 0.0 0.09000000357627869 0.0 0.09000000357627869 -0.27000001072883606 0.09000000357627869 0.09000000357627869 0.09000000357627869 -0.27000001072883606 0.09000000357627869 0.09000000357627869 0.09000000357627869 0.5099999904632568 -0.5099999904632568 -0.4699999988079071 0.3100000023841858 -0.6600000262260437 0.4300000071525574 -0.27000001072883606 0.09000000357627869 0.09000000357627869 0.09000000357627869
214 0.09000000357627869 0.5099999904632568 -0.5099999904632568 0.0 0.3100000023841858 0.0 0.09000000357627869 0.05000000074505806 0.09000000357627869 0.09000000357627869 0.5099999904632568 -0.5099999904632568 -0.4699999988079071 0.3100000023841858 0.0 0.09000000357627869 0.0 0.09000000357627869 0.09000000357627869 -0.18000000715255737 0.09000000357627869 0.09000000357627869 0.550000011920929 -0.550000011920929 -0.6200000047683716 0.3199999928474426 0.30000001192092896 0.5099999904632568 -0.5099999904632568 -0.4699999988079071 0.3100000023841858 0.0 0.09000000357627869 0.05000000074505806 0.09000000357627869 0.09000000357627869 -0.6600000262260437 0.4300000071525574 0.5099999904632568 -0.5099999904632568 -0.4699999988079071 0.3100000023841858 0.0 0.09000000357627869 -0.27000001072883606 0.09000000357627869 0.09000000357627869 0.09000000357627869 0.5099999904632568 -0.5099999904632568 0.0 0.0 0.0 0.09000000357627869 0.0 0.09000000357627869 -0.27000001072883606 0.09000000357627869 0.09000000357627869 0.09000000357627869 -0.27000001072883606 0.09000000357627869 0.09000000357627869 0.09000000357627869 0.5099999904632568 -0.5099999904632568 -0.4699999988079071 0.3100000023841858 0.0 0.09000000357627869 0.0 0.09000000357627869 -0.6600000262260437 0.4300000071525574 -0.27000001072883606 0.09000000357627869 0.09000000357627869 0.09000000357627869 0.0 -0.5099999904632568 -0.28999999165534973 0.09000000357627869 0.3100000023841858
215 0.5099999904632568 -0.5099999904632568 -0.4699999988079071 0.3100000023841858 0.0 0.09000000357627869 0.0 0.09000000357627869 0.09000000357627869 -0.18000000715255737 0.09000000357627869 0.09000000357627869 0.550000011920929 -0.550000011920929 -0.6200000047683716 0.3199999928474426 0.30000001192092896 0.5099999904632568 -0.5099999904632568 -0.4699999988079071 0.3100000023841858 0.0 0.09000000357627869 0.05000000074505806 0.09000000357627869 0.09000000357627869 -0.6600000262260437 0.4300000071525574 0.5099999904632568 -0.5099999904632568 -0.4699999988079071 0.3100000023841858 0.0 0.09000000357627869 -0.27000001072883606 0.09000000357627869 0.09000000357627869 0.09000000357627869 0.5099999904632568 -0.5099999904632568 0.0 0.0 0.0 0.09000000357627869 0.0 0.09000000357627869 -0.27000001072883606 0.09000000357627869 0.09000000357627869 0.09000000357627869 -0.27000001072883606 0.09000000357627869 0.09000000357627869 0.09000000357627869 0.5099999904632568 -0.5099999904632568 -0.4699999988079071 0.3100000023841858 0.0 0.09000000357627869 0.0 0.09000000357627869 -0.6600000262260437 0.4300000071525574 -0.27000001072883606 0.09000000357627869 0.09000000357627869 0.09000000357627869 0.0 -0.5099999904632568 -0.28999999165534973 0.0 0.09000000357627869 0.09000000357627869 0.019999999552965164 0.09000000357627869 -0.18000000715255737 0.09000000357627869 -0.18000000715255737 0.09000000357627869 0.09000000357627869 0.5099999904632568 -0.4699999988079071 0.3100000023841858
216 0.0 0.09000000357627869 0.0 0.09000000357627869 0.09000000357627869 -0.550000011920929 0.5099999904632568 -0.5099999904632568 -0.4699999988079071 0.3100000023841858 0.0 0.09000000357627869 0.05000000074505806 0.09000000357627869 0.09000000357627869 -0.6600000262260437 0.5099999904632568 -0.5099999904632568 -0.4699999988079071 0.3100000023841858 0.0 0.09000000357627869 -0.27000001072883606 0.09000000357627869 0.09000000357627869 0.09000000357627869 0.5099999904632568 -0.5099999904632568 -0.4699999988079071 0.3100000023841858 0.0 0.09000000357627869 -0.27000001072883606 0.09000000357627869 0.09000000357627869 0.09000000357627869 0.5099999904632568 -0.5099999904632568 -0.4699999988079071 0.3100000023841858 0.0 0.09000000357627869 0.0 0.09000000357627869 -0.6600000262260437 0.4300000071525574 -0.27000001072883606 0.09000000357627869 0.09000000357627869 0.09000000357627869 0.0 -0.5099999904632568 -0.28999999165534973 0.0 0.09000000357627869 0.09000000357627869 0.019999999552965164 0.09000000357627869 -0.18000000715255737 0.09000000357627869 0.09000000357627869 -0.18000000715255737 0.09000000357627869 0.09000000357627869 0.5099999904632568 -0.5099999904632568 -0.4699999988079071 0.3100000023841858 0.0 0.09000000357627869 0.05000000074505806 0.09000000357627869 0.09000000357627869 -0.6600000262260437 0.4300000071525574 0.5099999904632568 -0.5099999904632568 -0.4699999988079071 0.3100000023841858 0.0 0.09000000357627869 0.05000000074505806 0.09000000357627869 0.0 -0.5099999904632568 -0.4699999988079071 0.3100000023841858 0.0 0.5099999904632568 -0.5099999904632568 -0.4699999988079071 0.3100000023841858 0.09000000357627869 0.5099999904632568 -0.5099999904632568 -0.4699999988079071 0.3100000023841858 0.09000000357627869 0.3100000023841858
217 -0.4699999988079071 0.3100000023841858 0.0 0.09000000357627869 0.5099999904632568 -0.5099999904632568 -0.4699999988079071 0.3100000023841858 0.0 0.09000000357627869 -0.27000001072883606 0.09000000357627869 0.09000000357627869 0.09000000357627869 0.5099999904632568 -0.5099999904632568 -0.4699999988079071 0.3100000023841858 0.0 0.09000000357627869 -0.27000001072883606 0.09000000357627869 0.09000000357627869 0.09000000357627869 0.5099999904632568 -0.5099999904632568 0.0 0.0 0.0 0.09000000357627869 0.0 0.09000000357627869 -0.27000001072883606 0.09000000357627869 0.09000000357627869 0.09000000357627869 -0.27000001072883606 0.09000000357627869 0.09000000357627869 0.09000000357627869 0.5099999904632568 -0.5099999904632568 -0.28999999165534973 0.0 0.09000000357627869 0.09000000357627869 0.019999999552965164 0.09000000357627869 -0.18000000715255737 0.09000000357627869 0.09000000357627869 -0.18000000715255737 0.09000000357627869 0.09000000357627869 0.5099999904632568 -0.5099999904632568 -0.4699999988079071 0.3100000023841858 0.0 0.09000000357627869 0.05000000074505806 0.09000000357627869 0.09000000357627869 -0.6600000262260437 0.4300000071525574 0.5099999904632568 -0.5099999904632568 -0.4699999988079071 0.3100000023841858 0.0 0.09000000357627869 0.05000000074505806 0.09000000357627869 0.09000000357627869 -0.6600000262260437 0.4300000071525574 0.0 -0.5099999904632568 -0.4699999988079071 0.3100000023841858 0.0 0.09000000357627869 0.05000000074505806 0.09000000357627869 -0.6600000262260437 0.5099999904632568 -0.5099999904632568 -0.4699999988079071 0.3100000023841858 0.0 0.09000000357627869 0.5099999904632568 -0.5099999904632568 -0.4699999988079071 0.3100000023841858 0.09000000357627869
218 0.09000000357627869 0.5099999904632568 -0.5099999904632568 -0.4699999988079071 0.0 0.09000000357627869 -0.27000001072883606 0.09000000357627869 0.09000000357627869 0.09000000357627869 0.5099999904632568 -0.5099999904632568 0.0 0.0 0.0 0.09000000357627869 0.0 0.09000000357627869 -0.27000001072883606 0.09000000357627869 0.09000000357627869 0.09000000357627869 -0.27000001072883606 0.09000000357627869 0.09000000357627869 0.09000000357627869 0.5099999904632568 -0.5099999904632568 -0.4699999988079071 0.3100000023841858 0.0 0.09000000357627869 0.0 0.09000000357627869 -0.6600000262260437 0.4300000071525574 -0.27000001072883606 0.09000000357627869 0.09000000357627869 0.09000000357627869 0.0 -0.5099999904632568 -0.4699999988079071 0.3100000023841858 0.0 0.09000000357627869 0.05000000074505806 0.09000000357627869 0.09000000357627869 -0.6600000262260437 0.4300000071525574 0.5099999904632568 -0.5099999904632568 -0.4699999988079071 0.3100000023841858 0.0 0.09000000357627869 0.05000000074505806 0.09000000357627869 0.09000000357627869 -0.6600000262260437 0.4300000071525574 0.0 -0.5099999904632568 -0.4699999988079071 0.3100000023841858 0.0 0.09000000357627869 0.05000000074505806 0.09000000357627869 -0.6600000262260437 0.4300000071525574 0.5099999904632568 -0.5099999904632568 -0.4699999988079071 0.3100000023841858
219 0.09000000357627869 0.0 0.09000000357627869 0.5099999904632568 -0.5099999904632568 0.0 0.0 0.0 0.09000000357627869 0.0 0.09000000357627869 -0.27000001072883606 0.09000000357627869 0.09000000357627869 0.09000000357627869 -0.27000001072883606 0.09000000357627869 0.09000000357627869 0.09000000357627869 0.5099999904632568 -0.5099999904632568 -0.4699999988079071 0.3100000023841858 0.0 0.09000000357627869 0.0 0.09000000357627869 -0.6600000262260437 0.4300000071525574 -0.27000001072883606 0.09000000357627869 0.09000000357627869 0.09000000357627869 0.0 -0.5099999904632568 -0.28999999165534973 0.0 0.09000000357627869 0.09000000357627869 0.019999999552965164 0.09000000357627869 -0.18000000715255737 0.09000000357627869 0.09000000357627869 -0.18000000715255737 0.09000000357627869 0.09000000357627869 0.5099999904632568 -0.5099999904632568 -0.4699999988079071 0.3100000023841858 0.0 0.09000000357627869 0.05000000074505806 0.09000000357627869 0.09000000357627869 -0.6600000262260437 0.4300000071525574 0.0 -0.5099999904632568 -0.4699999988079071 0.3100000023841858 0.0 0.09000000357627869 0.05000000074505806 0.09000000357627869 0.09000000357627869 -0.6600000262260437 0.4300000071525574 0.5099999904632568 -0.5099999904632568 -0.4699999988079071 0.3100000023841858 0.0 0.09000000357627869 0.0 0.09000000357627869 -0.6600000262260437 0.4300000071525574 -0.27000001072883606 0.09000000357627869 0.09000000357627869 0.09000000357627869 0.5099999904632568 -0.5099999904632568 -0.4699999988079071 0.3100000023841858 0.0 0.09000000357627869 0.09000000357627869 -0.6600000262260437 0.0 0.3100000023841858
22 -0.4699999988079071 0.07000000029802322 0.09000000357627869 -0.6600000262260437 0.5099999904632568 -0.5099999904632568 -0.4699999988079071 0.3100000023841858 0.0 0.09000000357627869 0.05000000074505806 0.09000000357627869 0.09000000357627869 -0.6600000262260437 0.4300000071525574 0.5099999904632568 -0.5099999904632568 -0.4699999988079071 0.3100000023841858 0.0 0.09000000357627869 0.0 0.09000000357627869 -0.6600000262260437 0.4300000071525574 -0.27000001072883606 0.09000000357627869 0.09000000357627869 0.09000000357627869 0.0 -0.5099999904632568 0.0 0.3100000023841858 0.0 0.09000000357627869 -0.18000000715255737 0.09000000357627869 0.09000000357627869 0.0 0.09000000357627869 0.09000000357627869 -0.18000000715255737 0.09000000357627869 0.09000000357627869 0.20999999344348907 0.05000000074505806 0.05000000074505806 -0.30000001192092896 0.33000001311302185 0.33000001311302185 0.33000001311302185 0.0 -0.5099999904632568 0.0 0.0 0.0 0.09000000357627869 -0.18000000715255737 0.0 0.09000000357627869 0.0 0.09000000357627869 -0.27000001072883606 0.09000000357627869 0.09000000357627869 0.0 -0.27000001072883606 0.09000000357627869 0.0 0.09000000357627869 0.0 -0.5099999904632568 0.0 0.0 0.0 0.09000000357627869 0.0 0.0 0.0 0.0 0.09000000357627869 0.09000000357627869 0.0 0.0 0.09000000357627869 0.0 0.5099999904632568 0.0 0.0 0.3100000023841858 0.0 0.0 0.0 0.0 0.0 -0.2800000011920929 0.09000000357627869 0.09000000357627869 0.6200000047683716 -0.7599999904632568 -0.7599999904632568 0.0 -0.5099999904632568 0.0 0.0 0.0 0.09000000357627869 0.0 0.0 0.0 0.0 0.0 0.0 -0.11999999731779099 0.0 0.0 0.0 0.0 0.0 0.0 0.0 0.0 0.09000000357627869 0.4399999976158142 0.0 0.0 0.0 0.0 0.0 0.0 0.09000000357627869 0.0 0.0 -0.27000001072883606 0.09000000357627869 0.0 0.09000000357627869 -0.27000001072883606 0.09000000357627869 0.09000000357627869 0.09000000357627869 0.0 0.0 0.0 0.0 0.0 0.0 0.0 0.0 0.0 0.0 0.0 0.0 0.0 0.0 0.0 0.0 0.0 0.0 0.09000000357627869 0.0 0.0 0.0 0.0 0.0 0.0 0.0 0.0 0.10999999940395355 -0.5400000214576721 0.4300000071525574 0.0 0.0 0.0 0.11999999731779099 0.0 0.0 0.0 0.0 0.0 0.0 0.0 0.0 0.0 0.0 0.0 0.0 0.0 0.0 0.09000000357627869 0.0 0.0 0.0 0.0 0.0 0.0 0.0 0.0 0.0 0.0 0.0 0.0 0.09000000357627869 0.0 0.0 0.09000000357627869 0.550000011920929 -0.550000011920929 -0.6200000047683716 0.3199999928474426 0.30000001192092896 0.0 0.0 0.0 0.3100000023841858 0.0 0.0 0.0 0.0 0.09000000357627869 0.0 0.09000000357627869 0.0 0.550000011920929 -0.550000011920929 0.0 -0.5099999904632568 0.0 0.0 0.0 0.09000000357627869 0.0 0.0 -0.27000001072883606 0.09000000357627869 0.09000000357627869 0.09000000357627869 0.5099999904632568 0.0 0.0 0.0 0.0 0.0 0.0 0.0 0.0 -0.18000000715255737 0.0 0.0 0.0 0.0 0.0 0.0 0.0 0.0 0.0 -0.05000000074505806 0.0 0.0 0.0 0.0 0.1899999976158142 -0.5099999904632568 0.4399999976158142 0.0 0.0 0.0 0.0 0.0 0.0 0.0 0.0 0.0 0.0 0.0 0.0 0.0 0.0 -0.5099999904632568 0.0 0.0 0.0 0.0 0.0 0.0 0.0 -0.23000000417232513 0.1599999964237213 0.0 0.0 0.0 0.0 0.0 0.0 0.0 0.0 0.0 0.0 0.0 0.0 0.0 0.0 0.0 0.0 0.0 0.0 -0.18000000715255737 0.09000000357627869 0.09000000357627869 0.0 0.05000000074505806 0.0 -0.30000001192092896 0.33000001311302185 0.33000001311302185 0.33000001311302185 0.0 0.0 0.0 0.0 0.09000000357627869 0.0 0.09000000357627869 0.0 0.0 0.0 -0.699999988079071 0.4399999976158142 -0.019999999552965164 0.09000000357627869 0.09000000357627869 0.5099999904632568 -0.5099999904632568 0.0 0.09000000357627869 0.0 0.0 0.0 0.3100000023841858 0.0 0.0 0.0 0.09000000357627869 -0.27000001072883606 0.09000000357627869 0.09000000357627869 0.0 -0.27000001072883606 0.09000000357627869 0.0 0.09000000357627869 0.0 -0.2800000011920929 0.09000000357627869 0.6200000047683716 0.0 -0.7599999904632568 -0.5099999904632568 0.4399999976158142 0.18000000715255737 0.0 0.0 0.0 -0.18000000715255737 0.09000000357627869 0.0 0.09000000357627869 0.09000000357627869 0.20999999344348907 0.05000000074505806 -0.30000001192092896 0.33000001311302185 0.0 0.0 0.0 0.09000000357627869 0.0 0.0 0.0 0.09000000357627869 0.0 0.0 0.0 -0.23000000417232513 0.0 0.0 0.09000000357627869 -0.18000000715255737 0.09000000357627869 0.0
220 0.09000000357627869 0.5099999904632568 -0.5099999904632568 -0.4699999988079071 0.3100000023841858 0.0 0.09000000357627869 0.0 0.09000000357627869 -0.6600000262260437 0.4300000071525574 -0.27000001072883606 0.09000000357627869 0.09000000357627869 0.09000000357627869 0.0 -0.5099999904632568 -0.28999999165534973 0.0 0.09000000357627869 0.09000000357627869 0.019999999552965164 0.09000000357627869 -0.18000000715255737 0.09000000357627869 0.09000000357627869 -0.18000000715255737 0.09000000357627869 0.09000000357627869 0.5099999904632568 -0.5099999904632568 -0.4699999988079071 0.3100000023841858 0.0 0.09000000357627869 0.05000000074505806 0.09000000357627869 0.09000000357627869 -0.6600000262260437 0.4300000071525574 0.5099999904632568 -0.5099999904632568 -0.4699999988079071 0.3100000023841858 0.0 0.09000000357627869 0.05000000074505806 0.09000000357627869 0.09000000357627869 -0.6600000262260437 0.4300000071525574 0.5099999904632568 -0.5099999904632568 -0.4699999988079071 0.3100000023841858 0.0 0.09000000357627869 0.0 0.09000000357627869 -0.6600000262260437 0.4300000071525574 -0.27000001072883606 0.09000000357627869 0.09000000357627869 0.09000000357627869 0.5099999904632568 -0.5099999904632568 -0.4699999988079071 0.3100000023841858 0.0 0.09000000357627869 0.05000000074505806 0.09000000357627869 -0.6600000262260437 0.4300000071525574 0.0
221 0.09000000357627869 0.5099999904632568 -0.5099999904632568 -0.4699999988079071 0.0 0.09000000357627869 0.0 0.09000000357627869 -0.6600000262260437 0.4300000071525574 -0.27000001072883606 0.09000000357627869 0.09000000357627869 0.09000000357627869 0.0 -0.28999999165534973 0.0 0.09000000357627869 0.019999999552965164 0.09000000357627869 -0.18000000715255737 0.09000000357627869 0.5099999904632568 -0.5099999904632568 -0.4699999988079071 0.3100000023841858 0.0 0.09000000357627869 0.05000000074505806 0.09000000357627869 0.09000000357627869 -0.6600000262260437 0.4300000071525574 0.5099999904632568 -0.5099999904632568 -0.4699999988079071 0.3100000023841858 0.0 0.09000000357627869 0.05000000074505806 0.09000000357627869 0.09000000357627869 -0.6600000262260437 0.4300000071525574 0.0 -0.5099999904632568 -0.4699999988079071 0.3100000023841858 0.0 0.09000000357627869 0.0 0.09000000357627869 -0.6600000262260437 0.4300000071525574 -0.27000001072883606 0.09000000357627869 0.09000000357627869 0.09000000357627869 0.5099999904632568 -0.5099999904632568 -0.4699999988079071 0.3100000023841858 0.0 0.09000000357627869 0.05000000074505806 0.09000000357627869 0.09000000357627869 -0.6600000262260437 0.4300000071525574 0.0 -0.5099999904632568 0.0 0.3100000023841858 0.0 0.09000000357627869 0.05000000074505806 0.09000000357627869 0.09000000357627869 -0.6600000262260437 0.4300000071525574 0.5099999904632568 0.3100000023841858
222 0.09000000357627869 -0.5099999904632568 0.0 0.09000000357627869 0.0 0.09000000357627869 -0.27000001072883606 0.09000000357627869 0.09000000357627869 0.09000000357627869 0.5099999904632568 -0.5099999904632568 -0.4699999988079071 0.3100000023841858 0.0 0.09000000357627869 0.05000000074505806 0.09000000357627869 0.09000000357627869 -0.6600000262260437 0.4300000071525574 0.5099999904632568 -0.5099999904632568 -0.4699999988079071 0.3100000023841858 0.0 0.09000000357627869 0.05000000074505806 0.09000000357627869 0.09000000357627869 -0.6600000262260437 0.4300000071525574 0.0 -0.5099999904632568 -0.4699999988079071 0.3100000023841858 0.0 0.09000000357627869 0.05000000074505806 0.09000000357627869 0.09000000357627869 -0.6600000262260437 0.4300000071525574 0.5099999904632568 -0.5099999904632568 -0.4699999988079071 0.3100000023841858 0.0 0.09000000357627869 0.05000000074505806 0.09000000357627869 0.09000000357627869 -0.6600000262260437 0.4300000071525574 0.0 -0.5099999904632568 0.0 0.3100000023841858 0.0 0.09000000357627869 0.05000000074505806 0.09000000357627869 0.09000000357627869 -0.6600000262260437 0.4300000071525574 0.5099999904632568 -0.5099999904632568 -0.4699999988079071 0.3100000023841858 0.0 0.09000000357627869 -0.27000001072883606 0.09000000357627869 0.09000000357627869 0.09000000357627869 0.5099999904632568 -0.5099999904632568 -0.4699999988079071 0.3100000023841858 0.09000000357627869
223 0.09000000357627869 0.09000000357627869 -0.5099999904632568 -0.27000001072883606 0.09000000357627869 0.09000000357627869 0.09000000357627869 0.3100000023841858 0.0 0.05000000074505806 0.09000000357627869 0.09000000357627869 0.5099999904632568 -0.5099999904632568 -0.4699999988079071 0.3100000023841858 0.0 0.09000000357627869 0.05000000074505806 0.09000000357627869 0.09000000357627869 0.0 -0.5099999904632568 -0.4699999988079071 0.3100000023841858 0.0 0.09000000357627869 0.05000000074505806 0.09000000357627869 0.09000000357627869 -0.6600000262260437 0.4300000071525574 0.5099999904632568 -0.5099999904632568 -0.4699999988079071 0.3100000023841858 0.0 0.09000000357627869 0.0 0.09000000357627869 -0.6600000262260437 0.4300000071525574 -0.27000001072883606 0.09000000357627869 0.09000000357627869 0.09000000357627869 0.5099999904632568 -0.5099999904632568 0.0 0.3100000023841858 0.0 0.09000000357627869 0.05000000074505806 0.09000000357627869 0.09000000357627869 -0.6600000262260437 0.4300000071525574 0.5099999904632568 -0.5099999904632568 -0.4699999988079071 0.3100000023841858 0.0 0.09000000357627869 -0.27000001072883606 0.09000000357627869 0.09000000357627869 0.09000000357627869 0.5099999904632568 -0.5099999904632568 -0.4699999988079071 0.3100000023841858 0.0 0.09000000357627869 -0.18000000715255737 0.09000000357627869 0.09000000357627869 -0.18000000715255737 0.09000000357627869 0.09000000357627869 0.20000000298023224 0.09000000357627869 0.09000000357627869 -0.699999988079071 0.4399999976158142 0.6399999856948853 -0.800000011920929 0.46000000834465027 0.46000000834465027 0.0 -0.5099999904632568 0.0 0.3100000023841858 0.0 0.09000000357627869 0.09000000357627869 0.3100000023841858
224 0.09000000357627869 0.09000000357627869 -0.5099999904632568 -0.4699999988079071 0.3100000023841858 0.0 0.09000000357627869 0.05000000074505806 0.09000000357627869 -0.6600000262260437 0.5099999904632568 -0.5099999904632568 -0.4699999988079071 0.3100000023841858 0.0 0.09000000357627869 0.0 0.09000000357627869 -0.6600000262260437 0.4300000071525574 -0.27000001072883606 0.09000000357627869 0.09000000357627869 0.09000000357627869 0.5099999904632568 -0.5099999904632568 -0.4699999988079071 0.3100000023841858 0.0 0.09000000357627869 0.05000000074505806 0.09000000357627869 0.09000000357627869 -0.6600000262260437 0.4300000071525574 0.0 -0.5099999904632568 -0.4699999988079071 0.3100000023841858 0.0 0.09000000357627869 -0.27000001072883606 0.09000000357627869 0.09000000357627869 0.09000000357627869 0.5099999904632568 -0.5099999904632568 -0.4699999988079071 0.3100000023841858 0.0 0.09000000357627869 -0.18000000715255737 0.09000000357627869 0.09000000357627869 -0.18000000715255737 0.09000000357627869 0.09000000357627869 0.20000000298023224 0.09000000357627869 0.09000000357627869 -0.699999988079071 0.4399999976158142 0.6399999856948853 -0.800000011920929 0.46000000834465027 0.0 -0.5099999904632568 0.0 0.3100000023841858 0.0 0.09000000357627869 -0.27000001072883606 0.09000000357627869 0.09000000357627869 0.5099999904632568 -0.5099999904632568 -0.4699999988079071 0.3100000023841858 0.0 0.09000000357627869 0.0 0.09000000357627869 -0.6600000262260437 0.4300000071525574 -0.27000001072883606 0.09000000357627869 0.09000000357627869 0.09000000357627869 0.5099999904632568 -0.5099999904632568 -0.28999999165534973 0.09000000357627869 0.0 0.3100000023841858 -0.27000001072883606 0.09000000357627869 0.09000000357627869
225 0.5099999904632568 -0.4699999988079071 0.3100000023841858 0.0 0.09000000357627869 0.0 0.09000000357627869 -0.6600000262260437 0.4300000071525574 -0.27000001072883606 0.09000000357627869 0.09000000357627869 0.09000000357627869 0.5099999904632568 -0.5099999904632568 -0.4699999988079071 0.3100000023841858 0.0 0.09000000357627869 0.05000000074505806 0.09000000357627869 0.09000000357627869 -0.6600000262260437 0.4300000071525574 0.0 -0.5099999904632568 0.0 0.3100000023841858 0.0 0.09000000357627869 0.05000000074505806 0.09000000357627869 0.09000000357627869 -0.6600000262260437 0.4300000071525574 0.5099999904632568 -0.5099999904632568 -0.4699999988079071 0.3100000023841858 0.0 0.09000000357627869 -0.18000000715255737 0.09000000357627869 0.09000000357627869 -0.18000000715255737 0.09000000357627869 0.09000000357627869 0.20000000298023224 0.09000000357627869 0.09000000357627869 -0.699999988079071 0.4399999976158142 0.6399999856948853 -0.800000011920929 0.46000000834465027 0.46000000834465027 -0.800000011920929 0.46000000834465027 0.46000000834465027 0.0 -0.5099999904632568 0.0 0.3100000023841858 0.0 0.09000000357627869 -0.27000001072883606 0.09000000357627869 0.09000000357627869 0.09000000357627869 0.5099999904632568 -0.5099999904632568 -0.4699999988079071 0.3100000023841858 0.0 0.09000000357627869 0.0 0.09000000357627869 -0.6600000262260437 0.4300000071525574 -0.27000001072883606 0.09000000357627869 0.09000000357627869 0.09000000357627869 0.5099999904632568 -0.5099999904632568 -0.28999999165534973 0.0 0.09000000357627869 0.09000000357627869 0.019999999552965164 0.09000000357627869 -0.18000000715255737 0.09000000357627869 0.09000000357627869 -0.18000000715255737 0.09000000357627869 0.09000000357627869 0.0 -0.5099999904632568 0.0 0.3100000023841858 0.0 0.09000000357627869 -0.27000001072883606 0.09000000357627869 0.09000000357627869 0.09000000357627869 0.5099999904632568 -0.5099999904632568
226 0.09000000357627869 0.5099999904632568 -0.5099999904632568 -0.4699999988079071 0.3100000023841858 0.0 0.09000000357627869 0.05000000074505806 0.09000000357627869 0.09000000357627869 -0.6600000262260437 0.4300000071525574 0.0 -0.5099999904632568 0.0 0.3100000023841858 0.0 0.09000000357627869 0.05000000074505806 0.09000000357627869 0.09000000357627869 -0.6600000262260437 0.4300000071525574 0.5099999904632568 -0.5099999904632568 -0.4699999988079071 0.3100000023841858 0.0 0.09000000357627869 -0.27000001072883606 0.09000000357627869 0.09000000357627869 0.09000000357627869 0.5099999904632568 -0.5099999904632568 0.0 0.3100000023841858 0.0 0.09000000357627869 -0.27000001072883606 0.09000000357627869 0.09000000357627869 0.09000000357627869 0.5099999904632568 -0.5099999904632568 -0.4699999988079071 0.3100000023841858 0.0 0.09000000357627869 0.0 0.09000000357627869 -0.6600000262260437 0.4300000071525574 -0.27000001072883606 0.09000000357627869 0.09000000357627869 0.09000000357627869 0.5099999904632568 -0.5099999904632568 -0.28999999165534973 0.0 0.09000000357627869 0.09000000357627869 0.019999999552965164 0.09000000357627869 -0.18000000715255737 0.09000000357627869 0.09000000357627869 -0.18000000715255737 0.09000000357627869 0.09000000357627869 0.0 -0.5099999904632568 0.0 0.3100000023841858 0.09000000357627869
227 0.0 0.09000000357627869 0.05000000074505806 0.09000000357627869 0.09000000357627869 -0.6600000262260437 0.4300000071525574 0.0 -0.5099999904632568 0.0 0.3100000023841858 0.0 0.09000000357627869 0.05000000074505806 0.09000000357627869 0.09000000357627869 -0.6600000262260437 0.5099999904632568 -0.5099999904632568 -0.4699999988079071 0.3100000023841858 0.0 0.09000000357627869 -0.27000001072883606 0.09000000357627869 0.09000000357627869 0.09000000357627869 0.5099999904632568 -0.5099999904632568 -0.4699999988079071 0.3100000023841858 0.0 0.09000000357627869 -0.18000000715255737 0.09000000357627869 0.09000000357627869 -0.18000000715255737 0.09000000357627869 0.09000000357627869 0.20000000298023224 0.09000000357627869 0.09000000357627869 -0.699999988079071 0.4399999976158142 0.6399999856948853 -0.800000011920929 0.46000000834465027 0.46000000834465027 -0.800000011920929 0.46000000834465027 0.46000000834465027 0.0 -0.5099999904632568 -0.4699999988079071 0.3100000023841858 0.0 0.09000000357627869 0.0 0.09000000357627869 -0.6600000262260437 0.4300000071525574 -0.27000001072883606 0.09000000357627869 0.09000000357627869 0.09000000357627869 0.5099999904632568 -0.5099999904632568 -0.28999999165534973 0.0 0.09000000357627869 0.09000000357627869 0.019999999552965164 0.09000000357627869 -0.18000000715255737 0.09000000357627869 0.09000000357627869 -0.18000000715255737 0.09000000357627869 0.09000000357627869 0.0 -0.5099999904632568 0.0 0.3100000023841858 0.0 0.09000000357627869 -0.27000001072883606 0.09000000357627869 0.09000000357627869 0.09000000357627869 0.5099999904632568 0.0 0.0 0.09000000357627869 0.09000000357627869
228 0.09000000357627869 0.0 0.0 0.3100000023841858 0.0 0.09000000357627869 0.05000000074505806 0.09000000357627869 0.09000000357627869 -0.6600000262260437 0.5099999904632568 -0.5099999904632568 -0.4699999988079071 0.3100000023841858 0.0 0.09000000357627869 -0.27000001072883606 0.09000000357627869 0.09000000357627869 0.09000000357627869 0.5099999904632568 -0.5099999904632568 -0.4699999988079071 0.3100000023841858 0.0 0.09000000357627869 -0.18000000715255737 0.09000000357627869 0.09000000357627869 -0.18000000715255737 0.09000000357627869 0.09000000357627869 0.20000000298023224 0.09000000357627869 0.09000000357627869 -0.699999988079071 0.4399999976158142 0.6399999856948853 -0.800000011920929 0.46000000834465027 -0.800000011920929 0.46000000834465027 0.0 -0.5099999904632568 0.0 0.3100000023841858 0.0 0.09000000357627869 -0.27000001072883606 0.09000000357627869 0.09000000357627869 0.09000000357627869 0.5099999904632568 -0.5099999904632568 -0.28999999165534973 0.0 0.09000000357627869 0.09000000357627869 0.019999999552965164 0.09000000357627869 -0.18000000715255737 0.09000000357627869 0.09000000357627869 -0.18000000715255737 0.09000000357627869 0.09000000357627869 0.0 -0.5099999904632568 0.0 0.3100000023841858 0.0 0.09000000357627869 -0.27000001072883606 0.09000000357627869 0.09000000357627869 0.09000000357627869 0.5099999904632568 -0.5099999904632568 0.0 0.0 0.09000000357627869 0.09000000357627869 0.0 0.09000000357627869 -0.18000000715255737 0.09000000357627869 0.09000000357627869 -0.18000000715255737 0.09000000357627869 0.09000000357627869 0.5099999904632568 -0.5099999904632568 -0.4699999988079071 0.3100000023841858 0.09000000357627869 -0.6600000262260437 0.4300000071525574
229 0.5099999904632568 -0.5099999904632568 -0.4699999988079071 0.3100000023841858 0.0 0.09000000357627869 -0.27000001072883606 0.09000000357627869 0.09000000357627869 0.09000000357627869 0.5099999904632568 -0.5099999904632568 -0.4699999988079071 0.3100000023841858 0.0 0.09000000357627869 -0.18000000715255737 0.09000000357627869 0.09000000357627869 -0.18000000715255737 0.09000000357627869 0.09000000357627869 0.20000000298023224 0.09000000357627869 0.0 -0.5099999904632568 0.0 0.3100000023841858 0.0 0.09000000357627869 -0.27000001072883606 0.09000000357627869 0.09000000357627869 0.09000000357627869 0.5099999904632568 -0.5099999904632568 -0.4699999988079071 0.3100000023841858 0.0 0.09000000357627869 0.0 0.09000000357627869 -0.6600000262260437 0.4300000071525574 -0.27000001072883606 0.09000000357627869 0.09000000357627869 0.09000000357627869 0.5099999904632568 -0.5099999904632568 0.0 0.3100000023841858 0.0 0.09000000357627869 -0.27000001072883606 0.09000000357627869 0.09000000357627869 0.09000000357627869 0.5099999904632568 -0.5099999904632568 0.0 0.0 0.09000000357627869 0.09000000357627869 0.0 0.09000000357627869 -0.18000000715255737 0.09000000357627869 0.09000000357627869 -0.18000000715255737 0.09000000357627869 0.09000000357627869 0.5099999904632568 -0.5099999904632568 -0.4699999988079071 0.3100000023841858 0.0 0.09000000357627869 0.05000000074505806 0.09000000357627869 0.09000000357627869 -0.6600000262260437 0.4300000071525574 0.5099999904632568 -0.5099999904632568 -0.4699999988079071 0.3100000023841858
23 -0.5099999904632568 -0.4699999988079071 0.0 0.09000000357627869 0.05000000074505806 0.09000000357627869 -0.6600000262260437 0.4300000071525574 0.5099999904632568 -0.5099999904632568 -0.4699999988079071 0.3100000023841858 0.0 0.09000000357627869 0.0 0.09000000357627869 -0.6600000262260437 0.4300000071525574 -0.27000001072883606 0.09000000357627869 0.09000000357627869 0.09000000357627869 0.0 -0.5099999904632568 0.0 0.3100000023841858 0.0 0.09000000357627869 -0.18000000715255737 0.09000000357627869 0.09000000357627869 0.0 0.09000000357627869 0.09000000357627869 -0.18000000715255737 0.09000000357627869 0.09000000357627869 0.20999999344348907 0.05000000074505806 0.05000000074505806 -0.30000001192092896 0.33000001311302185 0.0 -0.5099999904632568 0.0 0.3100000023841858 0.0 0.0 0.0 0.09000000357627869 0.0 0.0 0.0 0.0 0.0 0.11999999731779099 0.0 -0.5400000214576721 0.4300000071525574 -0.11999999731779099 0.11999999731779099 0.0 0.11999999731779099 0.0 -0.5099999904632568 0.0 0.0 0.0 0.09000000357627869 0.0 0.0 0.0 0.0 0.09000000357627869 0.09000000357627869 0.0 0.0 0.09000000357627869 0.0 0.5099999904632568 0.0 0.0 0.3100000023841858 0.0 0.0 0.0 0.0 0.0 -0.2800000011920929 0.09000000357627869 0.09000000357627869 0.6200000047683716 -0.7599999904632568 -0.7599999904632568 0.0 -0.5099999904632568 0.0 0.0 0.0 0.09000000357627869 0.0 0.0 0.0 0.0 0.0 -0.11999999731779099 0.0 0.0 0.09000000357627869 0.0 0.0 0.0 0.0 0.0 0.0 0.0 0.0 0.0 0.09000000357627869 0.0 0.0 0.0 0.0 0.0 0.0 0.0 0.10999999940395355 -0.5400000214576721 0.4300000071525574 0.0 0.0 0.0 0.11999999731779099 0.0 0.0 0.0 0.0 0.0 0.0 0.0 0.0 0.0 0.0 0.0 0.0 0.0 0.0 0.09000000357627869 0.0 0.0 0.0 0.0 0.0 0.0 0.0 0.0 0.0 0.0 0.0 0.0 0.09000000357627869 0.0 0.0 0.09000000357627869 0.550000011920929 -0.550000011920929 -0.6200000047683716 0.3199999928474426 0.30000001192092896 0.0 0.0 0.0 0.3100000023841858 0.0 0.0 0.0 0.0 0.09000000357627869 0.0 0.09000000357627869 0.0 0.550000011920929 -0.550000011920929 -0.6200000047683716 0.3199999928474426 0.0 0.0 -0.5099999904632568 0.0 0.0 0.0 0.09000000357627869 0.0 0.09000000357627869 0.0 0.4300000071525574 -0.27000001072883606 0.09000000357627869 0.09000000357627869 0.09000000357627869 0.5099999904632568 -0.5099999904632568 -0.4699999988079071 0.3100000023841858 0.0 0.09000000357627869 0.0 0.0 0.3100000023841858 0.0 0.09000000357627869 0.0 0.09000000357627869 0.0 -0.6600000262260437 0.4300000071525574 0.5099999904632568 -0.5099999904632568 0.0 0.0 0.0 0.09000000357627869 0.0 0.0 0.0 0.0 0.0 0.0 0.3100000023841858 0.0 0.0 0.0 0.09000000357627869 0.0 0.0 0.0 0.0 -0.18000000715255737 0.09000000357627869 0.09000000357627869 0.0 0.0 0.0 0.0 0.0 0.0 0.0 0.0 0.0 0.0 -0.05000000074505806 0.0 0.0 0.0 0.0 0.1899999976158142 0.0 -0.5099999904632568 0.4399999976158142 0.0 0.0 0.0 0.0 0.0 0.0 0.0 0.0 0.0 0.0 0.0 0.0 0.0 0.0 0.0 0.0 0.0 0.0 0.0 -0.23000000417232513 0.1599999964237213 0.0 0.0 0.0 0.09000000357627869 0.0 0.0 0.0 0.0 -0.5099999904632568 0.09000000357627869 0.09000000357627869 -0.2800000011920929 0.09000000357627869 -0.7599999904632568 0.0 0.0 0.0 0.0 0.0 0.0 0.0 0.0 0.0 -0.5099999904632568 0.4399999976158142 0.3199999928474426 0.18000000715255737 0.5099999904632568 0.0 0.0 -0.5099999904632568 0.0 0.0 0.0 0.09000000357627869 0.0 0.0 0.0 -0.18000000715255737 0.09000000357627869 0.09000000357627869 0.0 0.09000000357627869 0.09000000357627869 0.20999999344348907 0.05000000074505806 0.05000000074505806 -0.30000001192092896 0.33000001311302185 0.33000001311302185 0.33000001311302185 0.0 0.0 0.0 0.0 0.0 0.0 0.0 0.0 0.0 0.0 0.0 0.0 0.0 0.09000000357627869 0.0 0.0 0.0 0.0 0.0 0.0 0.0 0.0 0.0 0.0 -0.4699999988079071 0.0 0.0 0.09000000357627869 0.0 0.09000000357627869 0.09000000357627869 -0.2800000011920929 0.09000000357627869 0.09000000357627869 0.6200000047683716 -0.7599999904632568 -0.7599999904632568 0.0 0.0 0.0 0.0 0.0 0.09000000357627869 0.0 0.0 0.0 -0.23000000417232513 0.0 0.0 0.0 0.0 0.0 0.0 0.09000000357627869 0.0 0.0 0.09000000357627869 0.0 0.0 0.0 0.0 0.0 0.0 0.0 0.0 0.0 0.0 -0.5099999904632568 0.0 0.0 0.0 0.0 0.0 0.0 0.0 0.09000000357627869 0.0 0.09000000357627869 0.09000000357627869 0.550000011920929 -0.550000011920929 -0.6200000047683716 0.30000001192092896 0.0 -0.5099999904632568 0.0 0.0 0.09000000357627869 0.0 0.0 0.0 -0.18000000715255737 0.09000000357627869 0.09000000357627869 0.0 0.09000000357627869 0.09000000357627869 0.0 -0.5099999904632568 0.0 0.0 0.0 0.09000000357627869 0.0 0.09000000357627869 -0.18000000715255737 0.09000000357627869 0.09000000357627869 -0.18000000715255737 0.09000000357627869 0.0 0.0 -0.5099999904632568 -0.4699999988079071 0.3100000023841858 0.0 0.09000000357627869 -0.18000000715255737 0.09000000357627869 0.09000000357627869 0.5099999904632568 -0.5099999904632568 0.0 0.0 0.09000000357627869 0.09000000357627869 0.09000000357627869
230 0.5099999904632568 -0.5099999904632568 -0.4699999988079071 0.0 0.09000000357627869 -0.27000001072883606 0.09000000357627869 0.09000000357627869 0.09000000357627869 0.5099999904632568 -0.5099999904632568 -0.4699999988079071 0.3100000023841858 0.0 0.0 -0.5099999904632568 0.0 0.3100000023841858 0.0 0.09000000357627869 -0.27000001072883606 0.09000000357627869 0.09000000357627869 0.5099999904632568 -0.5099999904632568 -0.4699999988079071 0.3100000023841858 0.0 0.09000000357627869 0.0 0.09000000357627869 -0.6600000262260437 0.4300000071525574 -0.27000001072883606 0.09000000357627869 0.09000000357627869 0.09000000357627869 0.5099999904632568 -0.5099999904632568 -0.28999999165534973 0.0 0.09000000357627869 0.09000000357627869 0.019999999552965164 0.09000000357627869 -0.18000000715255737 0.09000000357627869 0.09000000357627869 -0.18000000715255737 0.09000000357627869 0.09000000357627869 0.0 -0.5099999904632568 0.0 0.0 0.09000000357627869 0.09000000357627869 0.0 0.09000000357627869 -0.18000000715255737 0.09000000357627869 0.09000000357627869 -0.18000000715255737 0.09000000357627869 0.09000000357627869 0.5099999904632568 -0.5099999904632568 -0.4699999988079071 0.3100000023841858 0.0 0.09000000357627869 0.05000000074505806 0.09000000357627869 0.09000000357627869 -0.6600000262260437 0.4300000071525574 0.5099999904632568 -0.5099999904632568 -0.4699999988079071 0.3100000023841858 0.07000000029802322 0.09000000357627869 -0.27000001072883606 0.09000000357627869 0.09000000357627869 0.09000000357627869 0.5099999904632568 -0.5099999904632568 -0.28999999165534973 0.0 0.09000000357627869 0.09000000357627869
231 0.0 0.09000000357627869 0.5099999904632568 -0.5099999904632568 -0.4699999988079071 0.3100000023841858 0.0 0.09000000357627869 0.0 0.09000000357627869 -0.6600000262260437 0.4300000071525574 -0.27000001072883606 0.09000000357627869 0.09000000357627869 0.09000000357627869 0.5099999904632568 -0.5099999904632568 -0.28999999165534973 0.0 0.09000000357627869 0.09000000357627869 0.019999999552965164 0.09000000357627869 -0.18000000715255737 0.09000000357627869 0.09000000357627869 -0.18000000715255737 0.09000000357627869 0.09000000357627869 0.0 -0.5099999904632568 0.0 0.3100000023841858 0.0 0.09000000357627869 -0.27000001072883606 0.09000000357627869 0.09000000357627869 0.09000000357627869 0.5099999904632568 -0.5099999904632568 -0.4699999988079071 0.3100000023841858 0.0 0.09000000357627869 0.05000000074505806 0.09000000357627869 0.09000000357627869 -0.6600000262260437 0.4300000071525574 0.5099999904632568 -0.5099999904632568 -0.4699999988079071 0.3100000023841858 0.07000000029802322 0.09000000357627869 -0.27000001072883606 0.09000000357627869 0.09000000357627869 0.09000000357627869 0.5099999904632568 -0.5099999904632568 -0.28999999165534973 0.0 0.09000000357627869 0.09000000357627869 0.0 0.09000000357627869 -0.18000000715255737 0.09000000357627869 0.09000000357627869 -0.18000000715255737 0.09000000357627869 0.09000000357627869 0.0 -0.5099999904632568 0.0 0.3100000023841858 0.0 0.09000000357627869 -0.27000001072883606 0.09000000357627869
232 0.5099999904632568 -0.5099999904632568 -0.28999999165534973 0.0 0.019999999552965164 0.09000000357627869 -0.18000000715255737 0.09000000357627869 0.09000000357627869 -0.18000000715255737 0.09000000357627869 0.09000000357627869 0.0 -0.5099999904632568 0.0 0.3100000023841858 0.0 0.09000000357627869 -0.27000001072883606 0.09000000357627869 0.09000000357627869 0.09000000357627869 0.5099999904632568 -0.5099999904632568 0.0 0.0 0.09000000357627869 0.09000000357627869 0.0 0.09000000357627869 -0.18000000715255737 0.09000000357627869 0.09000000357627869 -0.18000000715255737 0.09000000357627869 0.09000000357627869 0.5099999904632568 -0.5099999904632568 -0.4699999988079071 0.3100000023841858 0.07000000029802322 0.09000000357627869 -0.27000001072883606 0.09000000357627869 0.09000000357627869 0.09000000357627869 0.5099999904632568 -0.5099999904632568 -0.28999999165534973 0.0 0.09000000357627869 0.09000000357627869 0.0 0.09000000357627869 -0.18000000715255737 0.09000000357627869 0.09000000357627869 -0.18000000715255737 0.09000000357627869 0.09000000357627869 0.0 -0.5099999904632568 0.0 0.3100000023841858 0.0 0.09000000357627869 -0.27000001072883606 0.09000000357627869 0.09000000357627869 0.09000000357627869 0.5099999904632568 -0.5099999904632568 0.0 0.3100000023841858 0.0
233 0.09000000357627869 0.0 -0.5099999904632568 0.0 0.3100000023841858 0.0 0.09000000357627869 -0.27000001072883606 0.09000000357627869 0.09000000357627869 0.09000000357627869 0.5099999904632568 -0.5099999904632568 0.0 0.0 0.09000000357627869 0.09000000357627869 0.0 0.09000000357627869 -0.18000000715255737 0.09000000357627869 0.09000000357627869 -0.18000000715255737 0.09000000357627869 0.09000000357627869 0.5099999904632568 -0.5099999904632568 -0.4699999988079071 0.3100000023841858 0.0 0.09000000357627869 0.05000000074505806 0.09000000357627869 0.09000000357627869 -0.6600000262260437 0.4300000071525574 0.5099999904632568 -0.5099999904632568 -0.28999999165534973 0.0 0.09000000357627869 0.09000000357627869 0.0 0.09000000357627869 -0.18000000715255737 0.09000000357627869 0.09000000357627869 -0.18000000715255737 0.09000000357627869 0.09000000357627869 0.0 -0.5099999904632568 0.0 0.3100000023841858 0.0 0.09000000357627869 -0.27000001072883606 0.09000000357627869 0.09000000357627869 0.09000000357627869 0.5099999904632568 -0.5099999904632568 0.0 0.3100000023841858 0.0 0.09000000357627869 -0.27000001072883606 0.09000000357627869 0.09000000357627869 0.09000000357627869 0.5099999904632568 -0.5099999904632568 -0.4699999988079071 0.3100000023841858 0.07000000029802322 0.09000000357627869 -0.27000001072883606 0.09000000357627869 0.09000000357627869 0.3100000023841858
234 0.09000000357627869 0.09000000357627869 0.5099999904632568 -0.5099999904632568 0.0 0.0 0.09000000357627869 0.09000000357627869 0.0 0.09000000357627869 -0.18000000715255737 0.09000000357627869 0.09000000357627869 -0.18000000715255737 0.09000000357627869 0.09000000357627869 0.5099999904632568 -0.5099999904632568 -0.4699999988079071 0.3100000023841858 0.0 0.09000000357627869 0.05000000074505806 0.09000000357627869 0.09000000357627869 -0.6600000262260437 0.4300000071525574 0.5099999904632568 -0.5099999904632568 -0.4699999988079071 0.3100000023841858 0.07000000029802322 0.09000000357627869 -0.27000001072883606 0.09000000357627869 0.09000000357627869 0.09000000357627869 0.5099999904632568 -0.5099999904632568 0.0 0.3100000023841858 0.0 0.09000000357627869 -0.27000001072883606 0.09000000357627869 0.09000000357627869 0.09000000357627869 0.5099999904632568 -0.5099999904632568 0.0 0.3100000023841858 0.0 0.09000000357627869 -0.27000001072883606 0.09000000357627869 0.09000000357627869 0.09000000357627869 0.5099999904632568 -0.5099999904632568 -0.4699999988079071 0.3100000023841858 0.07000000029802322 0.09000000357627869 -0.27000001072883606 0.09000000357627869 0.09000000357627869 0.09000000357627869 0.5099999904632568 -0.5099999904632568 -0.4699999988079071 0.3100000023841858 0.0 0.09000000357627869 0.05000000074505806 0.09000000357627869 0.09000000357627869 -0.6600000262260437 0.4300000071525574 0.5099999904632568 -0.5099999904632568 -0.4699999988079071 0.3100000023841858 0.09000000357627869
235 0.0 0.09000000357627869 -0.18000000715255737 0.09000000357627869 0.5099999904632568 -0.5099999904632568 -0.4699999988079071 0.3100000023841858 0.0 0.09000000357627869 0.05000000074505806 0.09000000357627869 0.09000000357627869 -0.6600000262260437 0.4300000071525574 0.5099999904632568 -0.5099999904632568 -0.4699999988079071 0.3100000023841858 0.07000000029802322 0.09000000357627869 -0.27000001072883606 0.09000000357627869 0.09000000357627869 0.09000000357627869 0.5099999904632568 -0.5099999904632568 -0.28999999165534973 0.0 0.09000000357627869 0.09000000357627869 0.0 0.09000000357627869 -0.18000000715255737 0.09000000357627869 0.09000000357627869 -0.18000000715255737 0.09000000357627869 0.09000000357627869 0.0 -0.5099999904632568 0.0 0.3100000023841858 0.0 0.09000000357627869 -0.27000001072883606 0.09000000357627869 0.09000000357627869 0.09000000357627869 0.5099999904632568 -0.5099999904632568 -0.4699999988079071 0.3100000023841858 0.07000000029802322 0.09000000357627869 -0.27000001072883606 0.09000000357627869 0.09000000357627869 0.09000000357627869 0.5099999904632568 -0.5099999904632568 -0.4699999988079071 0.3100000023841858 0.0 0.09000000357627869 0.05000000074505806 0.09000000357627869 0.09000000357627869 -0.6600000262260437 0.4300000071525574 0.5099999904632568 -0.5099999904632568
236 0.5099999904632568 -0.5099999904632568 -0.4699999988079071 0.3100000023841858 0.07000000029802322 0.09000000357627869 -0.27000001072883606 0.09000000357627869 0.09000000357627869 0.09000000357627869 0.5099999904632568 -0.5099999904632568 -0.28999999165534973 0.0 0.09000000357627869 0.09000000357627869 0.0 0.09000000357627869 -0.18000000715255737 0.09000000357627869 0.09000000357627869 -0.18000000715255737 0.09000000357627869 0.09000000357627869 0.0 -0.5099999904632568 0.0 0.3100000023841858 0.0 0.09000000357627869 -0.27000001072883606 0.09000000357627869 0.09000000357627869 0.09000000357627869 0.5099999904632568 -0.5099999904632568 -0.4699999988079071 0.3100000023841858 0.07000000029802322 0.09000000357627869 -0.27000001072883606 0.09000000357627869 0.09000000357627869 0.09000000357627869 0.5099999904632568 -0.5099999904632568 -0.4699999988079071 0.3100000023841858 0.0 0.09000000357627869 0.05000000074505806 0.09000000357627869 0.09000000357627869 -0.6600000262260437 0.4300000071525574 0.5099999904632568 -0.5099999904632568 -0.4699999988079071 0.3100000023841858 0.07000000029802322 0.09000000357627869 -0.27000001072883606 0.09000000357627869 0.09000000357627869 0.09000000357627869 0.5099999904632568 -0.5099999904632568 0.0 0.3100000023841858 0.09000000357627869 0.09000000357627869
237 0.07000000029802322 0.09000000357627869 -0.27000001072883606 0.09000000357627869 0.09000000357627869 0.09000000357627869 0.5099999904632568 -0.5099999904632568 -0.28999999165534973 0.0 0.09000000357627869 0.09000000357627869 0.0 0.09000000357627869 -0.18000000715255737 0.09000000357627869 0.09000000357627869 -0.18000000715255737 0.09000000357627869 0.09000000357627869 0.0 -0.5099999904632568 0.0 0.3100000023841858 0.0 0.09000000357627869 -0.27000001072883606 0.09000000357627869 0.09000000357627869 0.09000000357627869 0.5099999904632568 -0.5099999904632568 0.0 0.3100000023841858 0.0 0.09000000357627869 -0.27000001072883606 0.09000000357627869 0.09000000357627869 0.09000000357627869 0.5099999904632568 -0.5099999904632568 -0.4699999988079071 0.3100000023841858 0.0 0.09000000357627869 0.05000000074505806 0.09000000357627869 0.09000000357627869 -0.6600000262260437 0.4300000071525574 0.5099999904632568 -0.5099999904632568 -0.4699999988079071 0.3100000023841858 0.07000000029802322 0.09000000357627869 -0.27000001072883606 0.09000000357627869 0.09000000357627869 0.09000000357627869 0.5099999904632568 -0.5099999904632568 0.0 0.3100000023841858 0.0 0.09000000357627869 0.14000000059604645 -0.6600000262260437 -0.27000001072883606 0.09000000357627869 0.09000000357627869 0.09000000357627869 0.5099999904632568 0.0 0.3100000023841858 0.0 0.0 0.0 0.09000000357627869 0.019999999552965164 0.09000000357627869 -0.18000000715255737 0.09000000357627869 0.09000000357627869 -0.18000000715255737 0.09000000357627869 0.09000000357627869
238 0.5099999904632568 -0.5099999904632568 -0.28999999165534973 0.0 0.09000000357627869 0.09000000357627869 0.0 0.09000000357627869 -0.18000000715255737 0.09000000357627869 0.09000000357627869 -0.18000000715255737 0.09000000357627869 0.09000000357627869 0.0 -0.5099999904632568 0.0 0.3100000023841858 0.0 0.09000000357627869 -0.27000001072883606 0.09000000357627869 0.09000000357627869 0.09000000357627869 0.5099999904632568 -0.5099999904632568 0.0 0.3100000023841858 0.0 0.09000000357627869 -0.27000001072883606 0.09000000357627869 0.09000000357627869 0.09000000357627869 0.5099999904632568 -0.5099999904632568 -0.4699999988079071 0.3100000023841858 0.07000000029802322 0.09000000357627869 -0.27000001072883606 0.09000000357627869 0.09000000357627869 0.09000000357627869 0.5099999904632568 -0.5099999904632568 -0.4699999988079071 0.3100000023841858 0.07000000029802322 0.09000000357627869 -0.27000001072883606 0.09000000357627869 0.09000000357627869 0.09000000357627869 0.5099999904632568 -0.5099999904632568 0.0 0.3100000023841858 0.0 0.09000000357627869 0.14000000059604645 0.09000000357627869 -0.6600000262260437 0.4300000071525574 -0.27000001072883606 0.09000000357627869 0.09000000357627869 0.09000000357627869 0.5099999904632568 -0.5099999904632568 0.0 0.3100000023841858 0.0 0.09000000357627869 0.05000000074505806 0.09000000357627869 0.09000000357627869 -0.6600000262260437 0.4300000071525574 0.0 -0.5099999904632568 0.0 0.0 0.09000000357627869 0.09000000357627869 0.019999999552965164 0.09000000357627869 -0.18000000715255737 0.09000000357627869 0.09000000357627869 -0.18000000715255737 0.09000000357627869 0.09000000357627869 0.0 -0.4699999988079071 0.3100000023841858
239 0.09000000357627869 0.0 0.3100000023841858 0.0 0.09000000357627869 -0.27000001072883606 0.09000000357627869 0.09000000357627869 0.09000000357627869 0.5099999904632568 -0.5099999904632568 -0.4699999988079071 0.3100000023841858 0.07000000029802322 0.09000000357627869 -0.27000001072883606 0.09000000357627869 0.09000000357627869 0.09000000357627869 0.5099999904632568 -0.5099999904632568 -0.4699999988079071 0.3100000023841858 0.0 0.09000000357627869 0.05000000074505806 0.09000000357627869 0.09000000357627869 -0.6600000262260437 0.4300000071525574 0.5099999904632568 -0.5099999904632568 0.0 0.3100000023841858 0.0 0.09000000357627869 0.14000000059604645 0.09000000357627869 -0.6600000262260437 0.4300000071525574 -0.27000001072883606 0.09000000357627869 0.09000000357627869 0.09000000357627869 0.5099999904632568 -0.5099999904632568 0.0 0.3100000023841858 0.0 0.09000000357627869 0.05000000074505806 0.09000000357627869 0.09000000357627869 -0.6600000262260437 0.4300000071525574 0.0 -0.5099999904632568 0.0 0.0 0.09000000357627869 0.09000000357627869 0.019999999552965164 0.09000000357627869 -0.18000000715255737 0.09000000357627869 0.09000000357627869 -0.18000000715255737 0.09000000357627869 0.09000000357627869 0.0 -0.5099999904632568 -0.4699999988079071 0.3100000023841858 0.0 0.09000000357627869 0.05000000074505806 0.09000000357627869 0.09000000357627869 -0.6600000262260437 0.4300000071525574 0.5099999904632568 -0.5099999904632568 0.0 0.0 0.09000000357627869 0.09000000357627869 0.0 0.09000000357627869 -0.18000000715255737 0.09000000357627869 -0.18000000715255737 0.3100000023841858
24 -0.4699999988079071 0.3100000023841858 0.0 0.09000000357627869 0.0 0.09000000357627869 -0.6600000262260437 0.4300000071525574 -0.27000001072883606 0.09000000357627869 0.09000000357627869 0.09000000357627869 0.0 -0.5099999904632568 0.0 0.3100000023841858 0.0 0.09000000357627869 -0.18000000715255737 0.09000000357627869 0.09000000357627869 0.0 0.09000000357627869 0.09000000357627869 -0.18000000715255737 0.09000000357627869 0.20999999344348907 0.05000000074505806 0.05000000074505806 -0.30000001192092896 0.33000001311302185 0.33000001311302185 0.0 -0.5099999904632568 0.0 0.3100000023841858 0.0 0.0 0.0 0.09000000357627869 0.0 0.0 0.0 0.0 0.0 0.11999999731779099 0.0 -0.5400000214576721 0.4300000071525574 -0.11999999731779099 0.11999999731779099 0.0 0.11999999731779099 0.0 -0.5099999904632568 0.0 0.0 0.0 0.09000000357627869 -0.18000000715255737 0.0 0.09000000357627869 0.0 0.09000000357627869 -0.27000001072883606 0.09000000357627869 0.09000000357627869 0.0 -0.27000001072883606 0.09000000357627869 0.0 0.09000000357627869 0.0 -0.5099999904632568 0.0 0.3100000023841858 0.0 0.0 0.0 0.0 0.0 -0.2800000011920929 0.09000000357627869 0.09000000357627869 0.6200000047683716 -0.7599999904632568 -0.7599999904632568 0.0 -0.5099999904632568 0.0 0.0 0.0 0.09000000357627869 0.0 0.0 0.0 0.0 0.0 0.0 -0.11999999731779099 0.0 0.0 0.11999999731779099 0.0 0.0 0.0 0.0 0.0 0.0 0.0 0.0 0.0 0.0 0.0 0.0 0.0 0.09000000357627869 0.0 0.0 0.0 0.0 0.0 0.0 0.0 0.0 0.0 0.0 0.0 0.0 0.0 0.0 0.09000000357627869 0.0 0.0 -0.27000001072883606 0.09000000357627869 0.0 0.09000000357627869 -0.27000001072883606 0.09000000357627869 0.09000000357627869 0.09000000357627869 0.0 0.0 0.0 0.0 0.0 0.0 0.0 0.0 0.0 0.0 0.0 0.0 0.0 0.09000000357627869 0.0 0.0 0.0 0.0 0.0 0.0 0.0 0.09000000357627869 0.0 0.0 0.0 0.0 0.0 0.0 0.0 0.0 0.10999999940395355 -0.5400000214576721 0.4300000071525574 0.0 0.0 0.0 0.11999999731779099 0.0 0.0 0.0 0.0 0.0 0.0 0.0 0.0 0.0 0.0 0.0 0.0 0.0 0.0 0.09000000357627869 0.0 0.0 0.0 0.0 0.0 0.0 0.0 0.0 0.0 0.0 0.0 0.0 0.09000000357627869 0.0 0.0 0.09000000357627869 0.550000011920929 -0.550000011920929 -0.6200000047683716 0.3199999928474426 0.30000001192092896 0.0 0.0 0.0 0.3100000023841858 0.0 0.0 0.0 0.0 0.09000000357627869 0.0 0.0 -0.550000011920929 0.0 -0.5099999904632568 0.0 0.0 0.0 0.09000000357627869 0.0 0.0 0.0 0.0 -0.18000000715255737 0.09000000357627869 0.09000000357627869 0.0 0.0 0.0 0.0 0.0 0.0 0.0 0.0 0.0 -0.05000000074505806 0.0 0.0 0.0 0.0 0.0 0.0 0.0 0.0 0.0 0.0 0.0 0.0 0.0 0.11999999731779099 0.0 0.11999999731779099 0.0 0.0 0.0 0.0 0.0 0.0 0.0 -0.5099999904632568 0.0 0.0 0.0 0.0 0.0 0.0 0.0 -0.23000000417232513 0.1599999964237213 0.0 0.0 0.0 0.0 0.0 0.0 0.0 0.0 0.09000000357627869 0.0 0.0 0.0 0.0 0.0 0.0 0.0 0.0 0.0 0.0 0.0 0.11999999731779099 0.0 0.0 0.0 0.11999999731779099 0.0 0.0 0.0 0.0 -0.09000000357627869 0.0 0.0 0.0 0.0 0.0 0.0 0.09000000357627869 0.6200000047683716 -0.7599999904632568 0.0 0.09000000357627869 0.0 0.09000000357627869 0.09000000357627869 -0.18000000715255737 0.09000000357627869 0.550000011920929 -0.550000011920929 -0.6200000047683716 0.3199999928474426 0.0 0.0 0.0 0.0 0.0 0.0 0.0 0.0 0.0 0.09000000357627869 0.5099999904632568 -0.5099999904632568 -0.4699999988079071 0.0 0.07000000029802322 0.09000000357627869 -0.18000000715255737 0.09000000357627869 0.09000000357627869 -0.2800000011920929 0.09000000357627869 0.09000000357627869 0.6200000047683716 -0.7599999904632568 -0.7599999904632568 0.0 0.0 0.0 0.0 0.0 0.0 0.0 0.0 0.0 0.0 0.0 0.0 0.0 0.4399999976158142 -0.5099999904632568 0.4399999976158142 0.3199999928474426 0.18000000715255737 0.5099999904632568 0.0 0.0 0.0 0.0 0.0 0.0 0.0 0.09000000357627869 -0.23000000417232513 0.0 0.0 -0.4699999988079071 0.0 0.07000000029802322 0.09000000357627869 0.0 0.09000000357627869 0.0 0.0 0.09000000357627869 0.09000000357627869 0.20000000298023224 0.09000000357627869 0.0 -0.5099999904632568 0.0 0.0 0.0 0.09000000357627869 0.0 0.0 0.0 -0.18000000715255737 0.09000000357627869 0.09000000357627869 0.0 0.09000000357627869 0.09000000357627869 0.20999999344348907 0.05000000074505806 0.05000000074505806 -0.30000001192092896 0.33000001311302185 0.33000001311302185 0.33000001311302185 0.0 0.0 0.0 0.0 0.0 0.0 0.0 0.0 0.0 0.0 0.0 0.0 0.0 0.09000000357627869 0.0 0.0 0.0 0.0 0.0 0.0 0.0 0.0 -0.18000000715255737 0.09000000357627869 0.09000000357627869 0.550000011920929 0.0 -0.6200000047683716 0.30000001192092896 0.0 0.0 -0.4699999988079071 0.0 0.0 0.09000000357627869 0.0 0.09000000357627869 0.09000000357627869 -0.2800000011920929 0.09000000357627869 0.09000000357627869 0.6200000047683716 -0.7599999904632568 -0.7599999904632568 0.0 0.0 0.0 0.0 0.0 0.09000000357627869 0.0 0.0 0.0 -0.23000000417232513 0.0 0.0 0.0 0.0 0.0 0.0 0.09000000357627869 0.0 0.0 0.09000000357627869 0.0 0.0 0.0 0.0 0.0 0.0 0.0 0.0 0.0 0.0 0.0 0.0 0.0 0.30000001192092896 0.0 0.09000000357627869 0.0 -0.5099999904632568 0.0 0.0 0.0 0.0 0.0 0.09000000357627869 -0.18000000715255737 0.09000000357627869 -0.18000000715255737 0.09000000357627869 0.0
240 0.5099999904632568 -0.5099999904632568 -0.4699999988079071 0.07000000029802322 0.09000000357627869 -0.27000001072883606 0.09000000357627869 0.09000000357627869 0.09000000357627869 0.5099999904632568 -0.5099999904632568 -0.4699999988079071 0.3100000023841858 0.0 0.09000000357627869 0.05000000074505806 0.09000000357627869 0.09000000357627869 -0.6600000262260437 0.4300000071525574 0.5099999904632568 -0.5099999904632568 -0.4699999988079071 0.3100000023841858 0.07000000029802322 0.09000000357627869 -0.27000001072883606 0.09000000357627869 0.09000000357627869 0.09000000357627869 0.5099999904632568 -0.5099999904632568 0.0 0.3100000023841858 0.0 0.09000000357627869 0.05000000074505806 0.09000000357627869 0.09000000357627869 -0.6600000262260437 0.4300000071525574 0.0 -0.5099999904632568 0.0 0.0 0.09000000357627869 0.09000000357627869 0.019999999552965164 0.09000000357627869 -0.18000000715255737 0.09000000357627869 0.09000000357627869 -0.18000000715255737 0.09000000357627869 0.09000000357627869 0.0 -0.5099999904632568 -0.4699999988079071 0.3100000023841858 0.0 0.09000000357627869 0.05000000074505806 0.09000000357627869 0.09000000357627869 0.5099999904632568 0.09000000357627869
241 0.09000000357627869 0.5099999904632568 -0.5099999904632568 -0.4699999988079071 0.3100000023841858 0.0 0.09000000357627869 0.05000000074505806 0.09000000357627869 0.09000000357627869 -0.6600000262260437 0.4300000071525574 0.5099999904632568 -0.5099999904632568 -0.4699999988079071 0.3100000023841858 0.07000000029802322 0.09000000357627869 -0.27000001072883606 0.09000000357627869 0.09000000357627869 0.09000000357627869 0.5099999904632568 -0.5099999904632568 0.0 0.3100000023841858 0.0 0.09000000357627869 0.14000000059604645 0.09000000357627869 -0.6600000262260437 0.4300000071525574 -0.27000001072883606 0.09000000357627869 0.09000000357627869 0.09000000357627869 0.5099999904632568 -0.5099999904632568 0.0 0.0 0.09000000357627869 0.09000000357627869 0.019999999552965164 0.09000000357627869 -0.18000000715255737 0.09000000357627869 0.09000000357627869 -0.18000000715255737 0.09000000357627869 0.09000000357627869 0.0 -0.5099999904632568 -0.4699999988079071 0.3100000023841858 0.0 0.09000000357627869 0.05000000074505806 0.09000000357627869 0.09000000357627869 -0.6600000262260437 0.4300000071525574 0.5099999904632568 -0.5099999904632568 0.0 0.0 0.09000000357627869 0.09000000357627869 0.0 0.09000000357627869 -0.18000000715255737 0.09000000357627869 0.09000000357627869 -0.18000000715255737 0.09000000357627869 0.09000000357627869 0.0 -0.5099999904632568 -0.4699999988079071 0.3100000023841858
242 0.07000000029802322 0.09000000357627869 -0.27000001072883606 0.09000000357627869 0.09000000357627869 0.5099999904632568 -0.5099999904632568 -0.4699999988079071 0.3100000023841858 0.0 0.09000000357627869 0.05000000074505806 0.09000000357627869 0.09000000357627869 -0.6600000262260437 0.4300000071525574 0.5099999904632568 -0.5099999904632568 -0.4699999988079071 0.3100000023841858 0.07000000029802322 0.09000000357627869 -0.27000001072883606 0.09000000357627869 0.09000000357627869 0.09000000357627869 0.5099999904632568 -0.5099999904632568 0.0 0.3100000023841858 0.0 0.09000000357627869 0.14000000059604645 0.09000000357627869 -0.6600000262260437 0.4300000071525574 -0.27000001072883606 0.09000000357627869 0.09000000357627869 0.09000000357627869 0.5099999904632568 -0.5099999904632568 0.0 0.3100000023841858 0.0 0.09000000357627869 0.05000000074505806 0.09000000357627869 0.09000000357627869 -0.6600000262260437 0.4300000071525574 0.0 -0.5099999904632568 -0.4699999988079071 0.3100000023841858 0.0 0.09000000357627869 0.05000000074505806 0.09000000357627869 0.09000000357627869 -0.6600000262260437 0.4300000071525574 0.5099999904632568 -0.5099999904632568 0.0 0.0 0.09000000357627869 0.09000000357627869 0.0 0.09000000357627869 -0.18000000715255737 0.09000000357627869 0.09000000357627869 -0.18000000715255737 0.09000000357627869 0.09000000357627869 0.0 -0.5099999904632568 -0.4699999988079071 0.3100000023841858 0.07000000029802322 0.09000000357627869 -0.27000001072883606 0.09000000357627869 0.09000000357627869 0.09000000357627869 0.5099999904632568 -0.5099999904632568
243 0.5099999904632568 -0.5099999904632568 -0.4699999988079071 0.3100000023841858 0.07000000029802322 0.09000000357627869 -0.27000001072883606 0.09000000357627869 0.09000000357627869 0.09000000357627869 0.5099999904632568 -0.5099999904632568 0.0 0.3100000023841858 0.0 0.09000000357627869 0.14000000059604645 0.09000000357627869 -0.6600000262260437 0.4300000071525574 0.5099999904632568 -0.5099999904632568 0.0 0.3100000023841858 0.0 0.09000000357627869 0.05000000074505806 0.09000000357627869 0.09000000357627869 -0.6600000262260437 0.4300000071525574 0.0 -0.5099999904632568 0.0 0.0 0.09000000357627869 0.09000000357627869 0.019999999552965164 0.09000000357627869 -0.18000000715255737 0.09000000357627869 0.09000000357627869 -0.18000000715255737 0.09000000357627869 0.09000000357627869 0.0 -0.5099999904632568 0.0 0.0 0.09000000357627869 0.09000000357627869 0.0 0.09000000357627869 -0.18000000715255737 0.09000000357627869 0.09000000357627869 -0.18000000715255737 0.09000000357627869 0.09000000357627869 0.0 -0.5099999904632568 -0.4699999988079071 0.3100000023841858 0.07000000029802322 0.09000000357627869 -0.27000001072883606 0.09000000357627869 0.09000000357627869 0.09000000357627869 0.5099999904632568 -0.5099999904632568 -0.28999999165534973 0.0 0.09000000357627869 0.09000000357627869 0.0 0.09000000357627869 -0.18000000715255737 0.09000000357627869 0.09000000357627869 -0.18000000715255737 0.09000000357627869 0.09000000357627869 0.5099999904632568 -0.5099999904632568 -0.4699999988079071 0.3100000023841858 0.07000000029802322 0.09000000357627869 0.05000000074505806 -0.6600000262260437 0.4300000071525574
244 -0.27000001072883606 0.09000000357627869 0.09000000357627869 0.09000000357627869 0.5099999904632568 -0.5099999904632568 0.5099999904632568 -0.5099999904632568 0.0 0.3100000023841858 0.0 0.09000000357627869 0.05000000074505806 0.09000000357627869 0.09000000357627869 -0.6600000262260437 0.4300000071525574 0.0 -0.5099999904632568 0.0 0.0 0.09000000357627869 0.09000000357627869 0.019999999552965164 0.09000000357627869 -0.18000000715255737 0.09000000357627869 0.09000000357627869 -0.18000000715255737 0.09000000357627869 0.09000000357627869 0.0 -0.5099999904632568 -0.4699999988079071 0.3100000023841858 0.0 0.09000000357627869 0.05000000074505806 0.09000000357627869 0.09000000357627869 -0.6600000262260437 0.4300000071525574 0.5099999904632568 -0.5099999904632568 -0.4699999988079071 0.3100000023841858 0.07000000029802322 0.09000000357627869 -0.27000001072883606 0.09000000357627869 0.09000000357627869 0.09000000357627869 0.5099999904632568 -0.5099999904632568 -0.28999999165534973 0.0 0.09000000357627869 0.09000000357627869 0.0 0.09000000357627869 -0.18000000715255737 0.09000000357627869 0.09000000357627869 -0.18000000715255737 0.09000000357627869 0.09000000357627869 0.5099999904632568 -0.5099999904632568 -0.4699999988079071 0.3100000023841858 0.07000000029802322 0.09000000357627869 0.05000000074505806 0.09000000357627869 0.09000000357627869 -0.6600000262260437 0.4300000071525574 0.5099999904632568 -0.5099999904632568 -0.4699999988079071 0.3100000023841858 0.0 0.09000000357627869 0.05000000074505806 0.09000000357627869 0.5099999904632568 -0.5099999904632568 -0.4699999988079071 0.3100000023841858 0.09000000357627869 -0.27000001072883606 0.09000000357627869 0.5099999904632568 -0.5099999904632568 0.09000000357627869
245 0.09000000357627869 0.0 -0.5099999904632568 0.0 0.0 0.019999999552965164 0.09000000357627869 -0.18000000715255737 0.09000000357627869 0.09000000357627869 -0.18000000715255737 0.09000000357627869 0.09000000357627869 0.0 -0.5099999904632568 -0.4699999988079071 0.3100000023841858 0.0 0.09000000357627869 0.05000000074505806 0.09000000357627869 0.09000000357627869 -0.6600000262260437 0.4300000071525574 0.5099999904632568 -0.5099999904632568 0.0 0.0 0.09000000357627869 0.09000000357627869 0.0 0.09000000357627869 -0.18000000715255737 0.09000000357627869 0.09000000357627869 -0.18000000715255737 0.09000000357627869 0.09000000357627869 0.0 -0.5099999904632568 -0.28999999165534973 0.0 0.09000000357627869 0.09000000357627869 0.0 0.09000000357627869 -0.18000000715255737 0.09000000357627869 0.09000000357627869 -0.18000000715255737 0.09000000357627869 0.09000000357627869 0.5099999904632568 -0.5099999904632568 -0.4699999988079071 0.3100000023841858 0.07000000029802322 0.09000000357627869 0.05000000074505806 0.09000000357627869 0.09000000357627869 -0.6600000262260437 0.4300000071525574 0.5099999904632568 -0.5099999904632568 -0.4699999988079071 0.3100000023841858 0.0 0.09000000357627869 0.05000000074505806 0.09000000357627869 0.09000000357627869 -0.6600000262260437 0.4300000071525574 0.5099999904632568 -0.5099999904632568 -0.4699999988079071 0.3100000023841858 0.09000000357627869 0.09000000357627869 0.0 0.09000000357627869 -0.27000001072883606 0.09000000357627869 0.09000000357627869 0.09000000357627869 0.5099999904632568 -0.5099999904632568
246 -0.4699999988079071 0.3100000023841858 0.0 0.09000000357627869 0.05000000074505806 0.09000000357627869 -0.6600000262260437 0.4300000071525574 0.5099999904632568 -0.5099999904632568 0.0 0.0 0.09000000357627869 0.09000000357627869 0.0 0.09000000357627869 -0.18000000715255737 0.09000000357627869 0.09000000357627869 -0.18000000715255737 0.09000000357627869 0.09000000357627869 0.0 -0.5099999904632568 -0.4699999988079071 0.3100000023841858 0.07000000029802322 0.09000000357627869 -0.27000001072883606 0.09000000357627869 0.09000000357627869 0.09000000357627869 0.5099999904632568 -0.5099999904632568 -0.4699999988079071 0.3100000023841858 0.07000000029802322 0.09000000357627869 0.05000000074505806 0.09000000357627869 0.09000000357627869 -0.6600000262260437 0.4300000071525574 0.5099999904632568 -0.5099999904632568 -0.4699999988079071 0.3100000023841858 0.0 0.09000000357627869 0.05000000074505806 0.09000000357627869 0.09000000357627869 -0.6600000262260437 0.4300000071525574 0.5099999904632568 -0.5099999904632568 -0.4699999988079071 0.3100000023841858 -0.019999999552965164 0.09000000357627869 0.09000000357627869 0.5099999904632568 -0.5099999904632568 -0.4699999988079071 0.3100000023841858 -0.4699999988079071 0.3100000023841858 -0.019999999552965164 0.09000000357627869 0.5099999904632568 -0.5099999904632568 -0.4699999988079071 0.3100000023841858 0.0 0.09000000357627869 0.0 0.09000000357627869 -0.6600000262260437 0.4300000071525574 -0.27000001072883606 0.09000000357627869 0.09000000357627869 0.09000000357627869 0.5099999904632568 -0.5099999904632568 -0.4699999988079071 0.3100000023841858 0.0 0.09000000357627869 -0.6600000262260437 0.0 -0.5099999904632568 0.0 0.0 0.0 0.09000000357627869 -0.27000001072883606 0.09000000357627869 0.09000000357627869 0.09000000357627869 0.5099999904632568 -0.5099999904632568
247 0.0 0.09000000357627869 -0.6600000262260437 0.4300000071525574 0.5099999904632568 -0.5099999904632568 0.0 0.0 0.09000000357627869 0.09000000357627869 0.0 0.09000000357627869 -0.18000000715255737 0.09000000357627869 0.09000000357627869 -0.18000000715255737 0.09000000357627869 0.09000000357627869 0.0 -0.5099999904632568 -0.4699999988079071 0.3100000023841858 0.07000000029802322 0.09000000357627869 -0.27000001072883606 0.09000000357627869 0.09000000357627869 0.09000000357627869 0.5099999904632568 -0.5099999904632568 -0.28999999165534973 0.0 0.09000000357627869 0.09000000357627869 0.0 0.09000000357627869 -0.18000000715255737 0.09000000357627869 0.09000000357627869 -0.18000000715255737 0.09000000357627869 0.09000000357627869 0.5099999904632568 -0.5099999904632568 -0.4699999988079071 0.3100000023841858 0.0 0.09000000357627869 0.05000000074505806 0.09000000357627869 0.09000000357627869 -0.6600000262260437 0.4300000071525574 0.5099999904632568 -0.5099999904632568 -0.4699999988079071 0.3100000023841858 -0.019999999552965164 0.09000000357627869 0.09000000357627869 0.5099999904632568 -0.5099999904632568 -0.4699999988079071 0.3100000023841858 0.07000000029802322 0.09000000357627869 -0.18000000715255737 0.09000000357627869 0.09000000357627869 0.550000011920929 -0.550000011920929 0.5099999904632568 -0.5099999904632568 -0.4699999988079071 0.3100000023841858 -0.019999999552965164 0.09000000357627869 0.09000000357627869 0.5099999904632568 -0.5099999904632568 -0.4699999988079071 0.3100000023841858 0.0 0.09000000357627869 0.0 0.09000000357627869 -0.6600000262260437 0.4300000071525574 -0.27000001072883606 0.09000000357627869 0.09000000357627869 0.09000000357627869 0.5099999904632568 -0.5099999904632568 -0.4699999988079071 0.3100000023841858 0.0 0.09000000357627869 0.05000000074505806 0.09000000357627869 0.09000000357627869 -0.6600000262260437 0.4300000071525574 0.5099999904632568 -0.5099999904632568 0.0 0.0 0.0 0.09000000357627869 0.0 0.09000000357627869 -0.6600000262260437 0.5099999904632568 -0.5099999904632568 0.0 0.3100000023841858 0.0 0.09000000357627869 -0.27000001072883606 0.09000000357627869 0.0 0.09000000357627869 0.0 -0.5099999904632568 0.0 0.0 0.0 0.09000000357627869 -0.27000001072883606 0.09000000357627869 0.09000000357627869 0.09000000357627869 0.5099999904632568 -0.5099999904632568 -0.4699999988079071 0.3100000023841858 0.0 0.09000000357627869 0.05000000074505806 0.09000000357627869 0.09000000357627869 -0.6600000262260437 0.4300000071525574 0.5099999904632568 -0.5099999904632568 -0.28999999165534973 0.0 0.09000000357627869 0.09000000357627869 0.0 0.09000000357627869 -0.18000000715255737 0.09000000357627869 -0.18000000715255737 0.09000000357627869 0.09000000357627869 0.3100000023841858
248 0.0 0.09000000357627869 -0.18000000715255737 0.09000000357627869 0.09000000357627869 -0.18000000715255737 0.09000000357627869 0.09000000357627869 0.0 -0.5099999904632568 -0.4699999988079071 0.3100000023841858 0.07000000029802322 0.09000000357627869 -0.27000001072883606 0.09000000357627869 0.09000000357627869 0.09000000357627869 0.5099999904632568 -0.5099999904632568 -0.28999999165534973 0.0 0.09000000357627869 0.09000000357627869 0.0 0.09000000357627869 -0.18000000715255737 0.09000000357627869 0.09000000357627869 -0.18000000715255737 0.09000000357627869 0.09000000357627869 0.5099999904632568 -0.5099999904632568 -0.4699999988079071 0.3100000023841858 0.07000000029802322 0.09000000357627869 0.05000000074505806 0.09000000357627869 0.09000000357627869 -0.6600000262260437 0.4300000071525574 0.5099999904632568 -0.5099999904632568 -0.4699999988079071 0.3100000023841858 -0.019999999552965164 0.09000000357627869 0.09000000357627869 0.5099999904632568 -0.5099999904632568 -0.4699999988079071 0.3100000023841858 0.07000000029802322 0.09000000357627869 -0.18000000715255737 0.09000000357627869 0.09000000357627869 0.550000011920929 -0.550000011920929 -0.6200000047683716 0.3199999928474426 0.30000001192092896 0.5099999904632568 -0.5099999904632568 -0.4699999988079071 0.3100000023841858 -0.019999999552965164 0.09000000357627869 0.09000000357627869 0.5099999904632568 -0.5099999904632568 -0.4699999988079071 0.3100000023841858 0.0 0.09000000357627869 0.0 0.09000000357627869 -0.6600000262260437 0.4300000071525574 -0.27000001072883606 0.09000000357627869 0.09000000357627869 0.09000000357627869 0.5099999904632568 -0.5099999904632568 -0.4699999988079071 0.3100000023841858 0.0 0.09000000357627869 0.05000000074505806 0.09000000357627869 0.09000000357627869 -0.6600000262260437 0.4300000071525574 0.5099999904632568 -0.5099999904632568 0.0 0.0 0.0 0.09000000357627869 0.0 0.09000000357627869 -0.6600000262260437 0.4300000071525574 0.5099999904632568 -0.5099999904632568 0.0 0.3100000023841858 0.0 0.09000000357627869 -0.27000001072883606 0.09000000357627869 0.0 0.09000000357627869 0.0 -0.5099999904632568 0.0 0.0 0.0 0.09000000357627869 -0.27000001072883606 0.09000000357627869 0.09000000357627869 0.09000000357627869 0.5099999904632568 -0.5099999904632568 -0.4699999988079071 0.3100000023841858
249 0.09000000357627869 0.07000000029802322 0.09000000357627869 0.5099999904632568 -0.28999999165534973 0.0 0.09000000357627869 0.0 0.09000000357627869 -0.18000000715255737 0.09000000357627869 0.09000000357627869 -0.18000000715255737 0.09000000357627869 0.09000000357627869 0.5099999904632568 -0.5099999904632568 -0.4699999988079071 0.3100000023841858 0.07000000029802322 0.09000000357627869 0.05000000074505806 0.09000000357627869 0.09000000357627869 -0.6600000262260437 0.4300000071525574 0.5099999904632568 -0.5099999904632568 -0.4699999988079071 0.3100000023841858 0.0 0.09000000357627869 0.05000000074505806 0.09000000357627869 0.09000000357627869 -0.6600000262260437 0.4300000071525574 0.5099999904632568 -0.5099999904632568 -0.4699999988079071 0.3100000023841858 0.07000000029802322 0.09000000357627869 -0.18000000715255737 0.09000000357627869 0.09000000357627869 0.550000011920929 -0.550000011920929 -0.6200000047683716 0.3199999928474426 0.30000001192092896 0.5099999904632568 -0.5099999904632568 -0.4699999988079071 0.3100000023841858 -0.019999999552965164 0.09000000357627869 0.09000000357627869 0.5099999904632568 -0.5099999904632568 -0.4699999988079071 0.3100000023841858 0.0 0.09000000357627869 0.0 0.09000000357627869 -0.6600000262260437 0.4300000071525574 -0.27000001072883606 0.09000000357627869 0.09000000357627869 0.09000000357627869 0.5099999904632568 -0.5099999904632568 -0.4699999988079071 0.3100000023841858 0.0 0.09000000357627869 0.05000000074505806 0.09000000357627869 0.09000000357627869 -0.6600000262260437 0.4300000071525574 0.5099999904632568 -0.5099999904632568 0.0 0.0 0.0 0.09000000357627869 0.0 0.09000000357627869 -0.6600000262260437 0.4300000071525574 -0.27000001072883606 0.09000000357627869 0.09000000357627869 0.09000000357627869 0.5099999904632568 -0.5099999904632568 0.0 0.3100000023841858 0.0 0.09000000357627869 -0.27000001072883606 0.09000000357627869 0.0 0.09000000357627869 0.0 -0.5099999904632568 0.0 0.0 0.0 0.09000000357627869 -0.27000001072883606 0.09000000357627869 0.09000000357627869 0.09000000357627869 0.5099999904632568 -0.5099999904632568 -0.4699999988079071 0.3100000023841858 0.0 0.09000000357627869 0.05000000074505806 0.09000000357627869 -0.6600000262260437 0.5099999904632568 -0.5099999904632568 -0.28999999165534973 0.09000000357627869 0.0 0.09000000357627869 0.0 0.3100000023841858 0.0 -0.6600000262260437 0.4300000071525574 -0.27000001072883606 0.09000000357627869 0.0 0.09000000357627869 -0.6200000047683716 0.3199999928474426 0.30000001192092896
25 0.09000000357627869 0.5099999904632568 -0.5099999904632568 -0.4699999988079071 0.3100000023841858 0.0 0.09000000357627869 0.0 0.09000000357627869 -0.6600000262260437 0.4300000071525574 -0.27000001072883606 0.09000000357627869 0.09000000357627869 0.09000000357627869 0.0 -0.5099999904632568 0.0 0.3100000023841858 0.0 0.09000000357627869 -0.18000000715255737 0.09000000357627869 0.09000000357627869 0.0 0.09000000357627869 0.09000000357627869 -0.18000000715255737 0.09000000357627869 0.09000000357627869 0.20999999344348907 0.05000000074505806 0.05000000074505806 -0.30000001192092896 0.33000001311302185 0.33000001311302185 0.33000001311302185 0.0 -0.5099999904632568 0.0 0.3100000023841858 0.0 0.0 0.0 0.09000000357627869 0.0 0.0 0.0 0.0 0.0 0.11999999731779099 0.0 -0.5400000214576721 0.4300000071525574 -0.11999999731779099 0.11999999731779099 0.0 0.11999999731779099 0.0 -0.5099999904632568 0.0 0.0 0.0 0.09000000357627869 -0.18000000715255737 0.0 0.09000000357627869 0.0 0.09000000357627869 -0.27000001072883606 0.09000000357627869 0.09000000357627869 0.0 -0.27000001072883606 0.0 0.09000000357627869 0.0 -0.5099999904632568 0.0 0.0 0.0 0.09000000357627869 0.0 0.0 0.0 0.0 0.09000000357627869 0.09000000357627869 0.0 0.0 0.09000000357627869 0.0 0.5099999904632568 0.0 0.0 0.0 0.0 0.09000000357627869 0.0 0.0 0.0 0.0 0.0 0.0 -0.11999999731779099 0.0 0.0 0.11999999731779099 0.0 0.0 0.0 0.0 0.0 0.0 0.0 0.0 0.0 0.0 0.0 0.0 0.0 0.0 0.0 0.09000000357627869 0.0 0.0 0.09000000357627869 -0.699999988079071 0.4399999976158142 0.6399999856948853 -0.800000011920929 0.46000000834465027 -0.800000011920929 0.46000000834465027 0.46000000834465027 0.0 0.0 0.0 0.0 0.0 0.0 0.0 0.0 0.0 0.0 0.0 0.0 0.0 0.0 0.0 0.0 0.0 0.0 0.0 0.0 0.0 0.0 0.0 0.09000000357627869 0.0 0.0 -0.27000001072883606 0.09000000357627869 0.0 0.09000000357627869 -0.27000001072883606 0.09000000357627869 0.09000000357627869 0.09000000357627869 0.0 0.0 0.0 0.0 0.0 0.0 0.0 0.0 0.0 0.0 0.0 0.0 0.0 0.09000000357627869 0.0 0.0 0.0 0.0 0.0 0.0 0.0 0.09000000357627869 0.0 0.0 0.0 0.0 0.0 0.0 0.0 0.0 0.10999999940395355 -0.5400000214576721 0.4300000071525574 0.0 0.0 0.0 0.11999999731779099 0.0 0.0 0.0 0.0 0.0 0.0 0.0 0.0 0.0 0.0 0.0 0.0 0.0 0.0 0.09000000357627869 0.0 0.0 0.0 0.0 0.0 0.0 0.0 0.0 0.0 0.0 0.0 0.0 0.09000000357627869 0.0 0.0 0.09000000357627869 0.550000011920929 -0.550000011920929 -0.6200000047683716 0.0 0.0 0.0 0.3100000023841858 0.0 0.0 0.0 0.0 0.0 0.0 0.0 0.0 0.0 0.0 0.11999999731779099 0.0 0.0 0.0 0.0 0.0 0.0 0.0 0.0 0.0 0.0 0.0 0.0 0.0 0.0 -0.23000000417232513 0.1599999964237213 0.0 0.0 0.0 0.0 0.0 0.0 -0.18000000715255737 0.09000000357627869 0.0 0.0 0.0 0.0 0.0 0.0 0.0 0.0 0.0 0.0 0.0 0.0 0.0 -0.18000000715255737 0.09000000357627869 0.09000000357627869 0.0 0.05000000074505806 -0.30000001192092896 0.33000001311302185 0.33000001311302185 0.33000001311302185 0.0 0.0 0.0 0.09000000357627869 0.0 0.0 0.0 0.0 -0.699999988079071 0.4399999976158142 0.6399999856948853 -0.800000011920929 0.0 0.0 0.11999999731779099 0.0 0.09000000357627869 -0.09000000357627869 0.0 0.0 0.0 0.0 0.0 0.0 0.0 0.0 0.0 0.0 0.0 0.09000000357627869 0.09000000357627869 0.0 0.0 0.09000000357627869 0.6200000047683716 -0.7599999904632568 -0.7599999904632568 0.09000000357627869 0.0 0.09000000357627869 0.0 0.09000000357627869 0.09000000357627869 -0.18000000715255737 0.09000000357627869 0.09000000357627869 0.550000011920929 -0.550000011920929 -0.6200000047683716 0.3199999928474426 0.30000001192092896 0.0 0.0 0.0 0.0 0.0 0.0 0.07000000029802322 -0.18000000715255737 0.09000000357627869 -0.2800000011920929 0.09000000357627869 0.09000000357627869 -0.7599999904632568 0.0 0.0 0.0 0.0 0.0 0.0 0.0 0.0 0.0 0.0 0.0 0.0 0.0 0.4399999976158142 -0.5099999904632568 0.4399999976158142 0.3199999928474426 0.18000000715255737 0.5099999904632568 0.0 0.0 0.0 0.0 0.0 0.0 0.0 0.09000000357627869 0.0 0.0 0.0 -0.18000000715255737 0.09000000357627869 0.09000000357627869 0.0 0.09000000357627869 0.09000000357627869 0.20999999344348907 0.05000000074505806 0.05000000074505806 -0.30000001192092896 0.33000001311302185 0.33000001311302185 0.33000001311302185 0.0 0.0 0.0 0.0 0.0 0.0 0.0 0.0 0.0 0.0 0.0 0.0 0.09000000357627869 0.0 0.0 0.0 0.0 0.0 0.0 0.0 0.0 -0.23000000417232513 0.0
250 0.5099999904632568 -0.5099999904632568 -0.4699999988079071 0.3100000023841858 0.07000000029802322 0.09000000357627869 0.05000000074505806 0.09000000357627869 0.09000000357627869 -0.6600000262260437 0.5099999904632568 -0.5099999904632568 -0.4699999988079071 0.3100000023841858 0.0 0.09000000357627869 0.05000000074505806 0.09000000357627869 0.09000000357627869 -0.6600000262260437 0.4300000071525574 0.5099999904632568 -0.5099999904632568 -0.4699999988079071 0.3100000023841858 -0.019999999552965164 0.09000000357627869 0.09000000357627869 0.5099999904632568 -0.5099999904632568 -0.4699999988079071 0.3100000023841858 -0.019999999552965164 0.09000000357627869 0.09000000357627869 0.5099999904632568 -0.5099999904632568 -0.4699999988079071 0.3100000023841858 0.0 0.09000000357627869 0.0 0.09000000357627869 -0.6600000262260437 0.4300000071525574 -0.27000001072883606 0.09000000357627869 0.09000000357627869 0.09000000357627869 0.5099999904632568 -0.5099999904632568 -0.4699999988079071 0.3100000023841858 0.0 0.09000000357627869 0.05000000074505806 0.09000000357627869 0.09000000357627869 -0.6600000262260437 0.4300000071525574 0.5099999904632568 -0.5099999904632568 0.0 0.0 0.0 0.09000000357627869 0.0 0.09000000357627869 -0.6600000262260437 0.4300000071525574 -0.27000001072883606 0.09000000357627869 0.09000000357627869 0.09000000357627869 0.5099999904632568 -0.5099999904632568 0.0 0.3100000023841858 0.0 0.09000000357627869 -0.27000001072883606 0.09000000357627869 0.0 0.09000000357627869 0.0 -0.5099999904632568 0.0 0.0 0.0 0.09000000357627869 -0.27000001072883606 0.09000000357627869 0.09000000357627869 0.09000000357627869 0.5099999904632568 -0.5099999904632568 -0.4699999988079071 0.3100000023841858 -0.6600000262260437 0.4300000071525574 0.3199999928474426 0.30000001192092896 -0.7599999904632568 -0.7599999904632568
251 -0.18000000715255737 0.09000000357627869 0.09000000357627869 0.5099999904632568 -0.5099999904632568 -0.4699999988079071 0.3100000023841858 0.07000000029802322 0.09000000357627869 0.05000000074505806 0.09000000357627869 0.09000000357627869 -0.6600000262260437 0.4300000071525574 0.5099999904632568 -0.5099999904632568 -0.4699999988079071 0.3100000023841858 0.0 0.09000000357627869 0.05000000074505806 0.09000000357627869 0.09000000357627869 -0.6600000262260437 0.4300000071525574 0.5099999904632568 -0.5099999904632568 -0.4699999988079071 0.3100000023841858 -0.019999999552965164 0.09000000357627869 0.09000000357627869 0.5099999904632568 -0.5099999904632568 -0.4699999988079071 0.3100000023841858 0.07000000029802322 0.09000000357627869 -0.18000000715255737 0.09000000357627869 0.09000000357627869 0.550000011920929 -0.550000011920929 -0.6200000047683716 0.3199999928474426 0.30000001192092896 0.5099999904632568 -0.5099999904632568 -0.4699999988079071 0.3100000023841858 0.0 0.09000000357627869 0.0 0.09000000357627869 -0.6600000262260437 0.4300000071525574 -0.27000001072883606 0.09000000357627869 0.09000000357627869 0.09000000357627869 0.5099999904632568 -0.5099999904632568 -0.4699999988079071 0.3100000023841858 0.0 0.09000000357627869 0.05000000074505806 0.09000000357627869 0.09000000357627869 -0.6600000262260437 0.4300000071525574 0.5099999904632568 -0.5099999904632568 0.0 0.0 0.0 0.09000000357627869 0.0 0.09000000357627869 -0.6600000262260437 0.4300000071525574 -0.27000001072883606 0.09000000357627869 0.09000000357627869 0.09000000357627869 0.5099999904632568 -0.5099999904632568 0.0 0.3100000023841858 0.0 0.09000000357627869 -0.27000001072883606 0.09000000357627869 0.0 0.09000000357627869 0.0 -0.5099999904632568 0.0 0.0 0.0 0.09000000357627869 -0.27000001072883606 0.09000000357627869 0.09000000357627869 0.09000000357627869 0.5099999904632568 -0.5099999904632568 -0.4699999988079071 0.3100000023841858 0.0 -0.6600000262260437 -0.5099999904632568 -0.7599999904632568 -0.7599999904632568 -0.30000001192092896 0.33000001311302185 0.33000001311302185 0.33000001311302185
252 0.09000000357627869 -0.28999999165534973 0.0 0.09000000357627869 0.09000000357627869 0.0 0.09000000357627869 -0.18000000715255737 0.09000000357627869 0.09000000357627869 -0.18000000715255737 0.09000000357627869 0.09000000357627869 0.5099999904632568 -0.5099999904632568 -0.4699999988079071 0.3100000023841858 0.07000000029802322 0.09000000357627869 0.05000000074505806 0.09000000357627869 0.09000000357627869 -0.6600000262260437 0.4300000071525574 0.5099999904632568 -0.5099999904632568 -0.4699999988079071 0.3100000023841858 0.0 0.09000000357627869 0.05000000074505806 0.09000000357627869 0.09000000357627869 -0.6600000262260437 0.4300000071525574 0.5099999904632568 -0.5099999904632568 -0.4699999988079071 0.3100000023841858 -0.019999999552965164 0.09000000357627869 0.09000000357627869 0.5099999904632568 -0.5099999904632568 -0.4699999988079071 0.3100000023841858 0.07000000029802322 0.09000000357627869 -0.18000000715255737 0.09000000357627869 0.09000000357627869 0.550000011920929 -0.550000011920929 -0.6200000047683716 0.3199999928474426 0.30000001192092896 0.5099999904632568 -0.5099999904632568 -0.4699999988079071 0.3100000023841858 -0.019999999552965164 0.09000000357627869 0.09000000357627869 0.5099999904632568 -0.5099999904632568 -0.4699999988079071 0.3100000023841858 0.0 0.09000000357627869 0.05000000074505806 0.09000000357627869 0.09000000357627869 -0.6600000262260437 0.4300000071525574 0.5099999904632568 -0.5099999904632568 0.0 0.0 0.0 0.09000000357627869 0.0 0.09000000357627869 -0.6600000262260437 0.4300000071525574 -0.27000001072883606 0.09000000357627869 0.09000000357627869 0.09000000357627869 0.5099999904632568 -0.5099999904632568 0.0 0.3100000023841858 0.0 0.09000000357627869 -0.27000001072883606 0.09000000357627869 0.0 0.09000000357627869 0.0 -0.5099999904632568 0.0 0.0 0.0 0.09000000357627869 -0.27000001072883606 0.09000000357627869 0.09000000357627869 0.09000000357627869 0.5099999904632568 -0.5099999904632568 -0.4699999988079071 0.3100000023841858 0.0 0.09000000357627869 -0.6600000262260437 -0.30000001192092896 0.33000001311302185 0.33000001311302185 0.33000001311302185
253 0.0 0.09000000357627869 -0.18000000715255737 0.09000000357627869 0.09000000357627869 0.5099999904632568 -0.4699999988079071 0.3100000023841858 0.07000000029802322 0.09000000357627869 0.05000000074505806 0.09000000357627869 0.09000000357627869 -0.6600000262260437 0.4300000071525574 0.5099999904632568 -0.5099999904632568 -0.4699999988079071 0.3100000023841858 0.0 0.09000000357627869 0.05000000074505806 0.09000000357627869 0.09000000357627869 -0.6600000262260437 0.4300000071525574 0.5099999904632568 -0.5099999904632568 -0.4699999988079071 0.3100000023841858 -0.019999999552965164 0.09000000357627869 0.09000000357627869 0.5099999904632568 -0.5099999904632568 -0.4699999988079071 0.3100000023841858 0.07000000029802322 0.09000000357627869 -0.18000000715255737 0.09000000357627869 0.09000000357627869 0.550000011920929 -0.550000011920929 -0.6200000047683716 0.30000001192092896 0.5099999904632568 -0.5099999904632568 -0.4699999988079071 0.3100000023841858 -0.019999999552965164 0.09000000357627869 0.09000000357627869 0.5099999904632568 -0.5099999904632568 -0.4699999988079071 0.3100000023841858 0.0 0.09000000357627869 0.0 0.09000000357627869 -0.6600000262260437 0.4300000071525574 -0.27000001072883606 0.09000000357627869 0.09000000357627869 0.09000000357627869 0.5099999904632568 -0.5099999904632568 0.0 0.0 0.0 0.09000000357627869 0.0 0.09000000357627869 -0.6600000262260437 0.4300000071525574 -0.27000001072883606 0.09000000357627869 0.09000000357627869 0.09000000357627869 0.5099999904632568 -0.5099999904632568 0.0 0.3100000023841858 0.0 0.09000000357627869 -0.27000001072883606 0.09000000357627869 0.0 0.09000000357627869 0.0 -0.5099999904632568 0.0 0.0 0.0 0.09000000357627869 -0.27000001072883606 0.09000000357627869 0.09000000357627869 0.09000000357627869 0.5099999904632568 -0.5099999904632568 -0.4699999988079071 0.3100000023841858 0.0 0.09000000357627869 0.05000000074505806 0.09000000357627869 0.09000000357627869 -0.6600000262260437 0.4300000071525574 0.5099999904632568 -0.5099999904632568 -0.28999999165534973 0.0 0.09000000357627869 0.09000000357627869 0.0 0.09000000357627869 0.5099999904632568 0.0 0.3100000023841858 0.0 0.0 0.09000000357627869 -0.6600000262260437 0.4300000071525574 -0.27000001072883606 0.09000000357627869 0.09000000357627869 0.0 0.09000000357627869 0.6200000047683716 -0.7599999904632568 -0.7599999904632568 0.0 0.09000000357627869 -0.18000000715255737 0.09000000357627869 0.09000000357627869 0.20999999344348907 0.05000000074505806 0.05000000074505806 -0.30000001192092896 0.33000001311302185 0.33000001311302185 0.33000001311302185
254 0.07000000029802322 0.05000000074505806 0.09000000357627869 0.09000000357627869 0.5099999904632568 -0.5099999904632568 -0.4699999988079071 0.3100000023841858 0.0 0.09000000357627869 0.05000000074505806 0.09000000357627869 0.09000000357627869 -0.6600000262260437 0.4300000071525574 0.5099999904632568 -0.5099999904632568 -0.4699999988079071 0.3100000023841858 -0.019999999552965164 0.09000000357627869 0.09000000357627869 0.5099999904632568 -0.5099999904632568 -0.4699999988079071 0.3100000023841858 0.07000000029802322 0.09000000357627869 -0.18000000715255737 0.09000000357627869 0.09000000357627869 0.550000011920929 -0.550000011920929 -0.6200000047683716 0.3199999928474426 0.30000001192092896 0.5099999904632568 -0.5099999904632568 -0.4699999988079071 0.3100000023841858 -0.019999999552965164 0.09000000357627869 0.09000000357627869 0.5099999904632568 -0.5099999904632568 -0.4699999988079071 0.3100000023841858 0.0 0.09000000357627869 0.0 0.09000000357627869 -0.6600000262260437 0.4300000071525574 -0.27000001072883606 0.09000000357627869 0.09000000357627869 0.09000000357627869 0.5099999904632568 -0.5099999904632568 -0.4699999988079071 0.3100000023841858 0.0 0.09000000357627869 0.05000000074505806 0.09000000357627869 0.09000000357627869 -0.6600000262260437 0.4300000071525574 0.5099999904632568 -0.5099999904632568 0.0 0.3100000023841858 0.0 0.09000000357627869 -0.27000001072883606 0.09000000357627869 0.0 0.09000000357627869 0.0 -0.5099999904632568 0.0 0.0 0.0 0.09000000357627869 -0.27000001072883606 0.09000000357627869 0.09000000357627869 0.09000000357627869 0.5099999904632568 -0.5099999904632568 -0.4699999988079071 0.3100000023841858 0.0 0.09000000357627869 0.05000000074505806 0.09000000357627869 0.09000000357627869 -0.6600000262260437 0.4300000071525574 0.5099999904632568 -0.5099999904632568 -0.28999999165534973 0.0 0.09000000357627869 0.09000000357627869 0.0 0.09000000357627869 0.5099999904632568 -0.5099999904632568 0.0 0.3100000023841858 0.0 0.09000000357627869 0.0 0.09000000357627869 -0.6600000262260437 0.4300000071525574 -0.27000001072883606 0.09000000357627869 0.09000000357627869 0.0 0.5099999904632568 -0.5099999904632568 -0.4699999988079071 0.3100000023841858 0.09000000357627869 0.09000000357627869 0.30000001192092896 0.09000000357627869 -0.6200000047683716 0.3199999928474426 0.30000001192092896 0.6200000047683716 -0.7599999904632568 -0.7599999904632568 0.0 0.3100000023841858 0.0 0.09000000357627869 -0.18000000715255737 0.09000000357627869 0.09000000357627869 -0.2800000011920929 0.09000000357627869 0.09000000357627869 0.6200000047683716 -0.7599999904632568 -0.7599999904632568 0.0 -0.5099999904632568 -0.4699999988079071 0.0 0.0 0.09000000357627869 0.09000000357627869 0.0 0.09000000357627869 0.09000000357627869 0.0 0.09000000357627869 -0.18000000715255737 0.09000000357627869 0.09000000357627869 0.20999999344348907 0.05000000074505806 0.05000000074505806 -0.30000001192092896 0.33000001311302185 0.33000001311302185 0.33000001311302185
255 0.5099999904632568 -0.5099999904632568 -0.4699999988079071 0.3100000023841858 0.07000000029802322 0.09000000357627869 0.05000000074505806 0.09000000357627869 0.09000000357627869 -0.6600000262260437 0.4300000071525574 0.5099999904632568 -0.5099999904632568 -0.4699999988079071 0.3100000023841858 0.0 0.09000000357627869 0.05000000074505806 0.09000000357627869 0.09000000357627869 -0.6600000262260437 0.4300000071525574 0.5099999904632568 -0.5099999904632568 -0.4699999988079071 0.3100000023841858 -0.019999999552965164 0.09000000357627869 0.09000000357627869 0.5099999904632568 -0.5099999904632568 -0.4699999988079071 0.3100000023841858 0.07000000029802322 0.09000000357627869 -0.18000000715255737 0.09000000357627869 0.09000000357627869 0.550000011920929 -0.550000011920929 -0.6200000047683716 0.3199999928474426 0.30000001192092896 0.5099999904632568 -0.5099999904632568 -0.4699999988079071 0.3100000023841858 -0.019999999552965164 0.09000000357627869 0.09000000357627869 0.5099999904632568 -0.5099999904632568 -0.4699999988079071 0.3100000023841858 0.0 0.09000000357627869 0.0 0.09000000357627869 -0.6600000262260437 0.4300000071525574 -0.27000001072883606 0.09000000357627869 0.09000000357627869 0.09000000357627869 0.5099999904632568 -0.5099999904632568 -0.4699999988079071 0.3100000023841858 0.0 0.09000000357627869 0.05000000074505806 0.09000000357627869 0.09000000357627869 -0.6600000262260437 0.4300000071525574 0.5099999904632568 -0.5099999904632568 0.0 0.0 0.0 0.09000000357627869 0.0 0.09000000357627869 -0.6600000262260437 0.4300000071525574 -0.27000001072883606 0.09000000357627869 0.09000000357627869 0.09000000357627869 0.5099999904632568 -0.5099999904632568 0.0 0.0 0.0 0.09000000357627869 -0.27000001072883606 0.09000000357627869 0.09000000357627869 0.09000000357627869 0.5099999904632568 -0.5099999904632568 -0.4699999988079071 0.3100000023841858 0.0 0.09000000357627869 0.05000000074505806 0.09000000357627869 0.09000000357627869 -0.6600000262260437 0.4300000071525574 0.5099999904632568 -0.5099999904632568 -0.28999999165534973 0.0 0.09000000357627869 0.09000000357627869 0.0 0.09000000357627869 -0.18000000715255737 0.09000000357627869 0.09000000357627869 -0.18000000715255737 0.09000000357627869 0.09000000357627869 0.5099999904632568 -0.5099999904632568 0.0 0.3100000023841858 0.0 0.09000000357627869 0.0 0.09000000357627869 -0.6600000262260437 0.4300000071525574 -0.27000001072883606 0.09000000357627869 0.09000000357627869 0.0 0.5099999904632568 -0.5099999904632568 -0.4699999988079071 0.3100000023841858 0.0 0.09000000357627869 -0.18000000715255737 0.09000000357627869 -0.18000000715255737 0.09000000357627869 0.09000000357627869 0.550000011920929 -0.550000011920929 -0.6200000047683716 0.3199999928474426 0.30000001192092896 0.09000000357627869 0.6200000047683716 -0.7599999904632568 -0.7599999904632568
256 -0.18000000715255737 0.09000000357627869 -0.18000000715255737 0.09000000357627869 0.09000000357627869 0.0 -0.5099999904632568 -0.4699999988079071 0.07000000029802322 0.09000000357627869 -0.27000001072883606 0.09000000357627869 0.09000000357627869 0.5099999904632568 -0.28999999165534973 0.0 0.09000000357627869 0.0 0.09000000357627869 -0.18000000715255737 0.09000000357627869 0.09000000357627869 -0.18000000715255737 0.09000000357627869 0.5099999904632568 -0.5099999904632568 -0.4699999988079071 0.3100000023841858 0.07000000029802322 0.09000000357627869 0.05000000074505806 0.09000000357627869 0.09000000357627869 -0.6600000262260437 0.4300000071525574 0.5099999904632568 -0.5099999904632568 -0.4699999988079071 0.3100000023841858 0.0 0.09000000357627869 0.05000000074505806 0.09000000357627869 0.09000000357627869 -0.6600000262260437 0.4300000071525574 0.5099999904632568 -0.5099999904632568 -0.4699999988079071 0.3100000023841858 -0.019999999552965164 0.09000000357627869 0.09000000357627869 0.5099999904632568 -0.5099999904632568 -0.4699999988079071 0.3100000023841858 0.07000000029802322 0.09000000357627869 -0.18000000715255737 0.09000000357627869 0.09000000357627869 0.550000011920929 0.5099999904632568 -0.5099999904632568 -0.4699999988079071 0.3100000023841858 -0.019999999552965164 0.09000000357627869 0.09000000357627869 0.5099999904632568 -0.5099999904632568 -0.4699999988079071 0.3100000023841858 0.0 0.09000000357627869 0.0 0.09000000357627869 -0.6600000262260437 0.4300000071525574 -0.27000001072883606 0.09000000357627869 0.09000000357627869 0.09000000357627869 0.5099999904632568 -0.5099999904632568 -0.4699999988079071 0.3100000023841858 0.0 0.09000000357627869 0.05000000074505806 0.09000000357627869 0.09000000357627869 -0.6600000262260437 0.4300000071525574 0.5099999904632568 -0.5099999904632568 0.0 0.0 0.0 0.09000000357627869 0.0 0.09000000357627869 -0.6600000262260437 0.4300000071525574 -0.27000001072883606 0.09000000357627869 0.09000000357627869 0.09000000357627869 0.5099999904632568 -0.5099999904632568 0.0 0.3100000023841858 0.0 0.09000000357627869 -0.27000001072883606 0.09000000357627869 0.0 0.09000000357627869 0.0 -0.5099999904632568 -0.4699999988079071 0.3100000023841858 0.0 0.09000000357627869 0.05000000074505806 0.09000000357627869 0.09000000357627869 -0.6600000262260437 0.4300000071525574 0.5099999904632568 -0.5099999904632568 -0.28999999165534973 0.0 0.09000000357627869 0.09000000357627869 0.0 0.09000000357627869 -0.18000000715255737 0.09000000357627869 0.09000000357627869 -0.18000000715255737 0.09000000357627869 0.09000000357627869 0.5099999904632568 -0.5099999904632568 0.0 0.3100000023841858 0.0 0.09000000357627869 0.0 0.09000000357627869 -0.6600000262260437 0.4300000071525574 -0.27000001072883606 0.09000000357627869 0.09000000357627869 0.0 0.5099999904632568 -0.5099999904632568 -0.4699999988079071 0.3100000023841858 -0.18000000715255737 0.09000000357627869 0.09000000357627869 -0.6200000047683716 0.30000001192092896
257 0.09000000357627869 0.09000000357627869 0.09000000357627869 -0.18000000715255737 0.09000000357627869 0.09000000357627869 0.550000011920929 -0.550000011920929 -0.6200000047683716 0.3199999928474426 0.30000001192092896 -0.4699999988079071 0.3100000023841858 0.07000000029802322 0.09000000357627869 0.05000000074505806 0.09000000357627869 0.09000000357627869 -0.6600000262260437 0.4300000071525574 0.5099999904632568 -0.5099999904632568 -0.4699999988079071 0.3100000023841858 0.0 0.09000000357627869 0.5099999904632568 -0.4699999988079071 0.3100000023841858 -0.019999999552965164 0.09000000357627869 0.09000000357627869 0.5099999904632568 -0.5099999904632568 -0.4699999988079071 0.3100000023841858 0.07000000029802322 0.09000000357627869 0.5099999904632568 -0.5099999904632568 -0.4699999988079071 -0.019999999552965164 0.09000000357627869 0.5099999904632568 -0.5099999904632568 -0.4699999988079071 0.0 0.09000000357627869 0.5099999904632568 -0.5099999904632568 -0.4699999988079071 0.3100000023841858 0.0 0.09000000357627869 0.05000000074505806 0.09000000357627869 0.09000000357627869 -0.6600000262260437 0.4300000071525574 0.5099999904632568 -0.5099999904632568 0.0 0.0 0.0 0.09000000357627869 0.0 0.09000000357627869 -0.6600000262260437 0.4300000071525574 -0.27000001072883606 0.09000000357627869 0.09000000357627869 0.09000000357627869 0.5099999904632568 -0.5099999904632568 0.0 0.3100000023841858 0.0 0.09000000357627869 -0.27000001072883606 0.09000000357627869 0.0 0.09000000357627869 0.0 -0.5099999904632568 0.0 0.0 0.0 0.09000000357627869 -0.27000001072883606 0.09000000357627869 0.09000000357627869 0.09000000357627869 0.5099999904632568 -0.5099999904632568 -0.28999999165534973 0.0 0.09000000357627869 0.09000000357627869 0.0 0.09000000357627869 -0.18000000715255737 0.09000000357627869 0.09000000357627869 -0.18000000715255737 0.09000000357627869 0.09000000357627869 0.5099999904632568 -0.5099999904632568 0.0 0.3100000023841858 0.0 0.09000000357627869 0.0 0.09000000357627869 -0.6600000262260437 0.4300000071525574 -0.27000001072883606 0.09000000357627869 0.09000000357627869 0.0 0.5099999904632568 -0.5099999904632568 -0.4699999988079071 0.3100000023841858 0.0 0.09000000357627869 -0.18000000715255737 0.09000000357627869 0.09000000357627869 -0.18000000715255737 0.09000000357627869 0.09000000357627869 0.550000011920929 -0.550000011920929 -0.6200000047683716 0.3199999928474426 0.30000001192092896 0.5099999904632568 -0.5099999904632568 0.0 0.0 0.09000000357627869 0.09000000357627869 0.0 0.09000000357627869 0.09000000357627869 0.09000000357627869 0.09000000357627869
258 -0.18000000715255737 0.09000000357627869 0.09000000357627869 -0.18000000715255737 0.09000000357627869 0.09000000357627869 -0.18000000715255737 0.09000000357627869 0.09000000357627869 0.550000011920929 -0.550000011920929 -0.6200000047683716 0.3199999928474426 0.30000001192092896 0.09000000357627869 0.3100000023841858 0.07000000029802322 0.09000000357627869 0.05000000074505806 0.09000000357627869 0.09000000357627869 -0.6600000262260437 0.4300000071525574 -0.5099999904632568 0.3100000023841858 -0.019999999552965164 0.09000000357627869 0.5099999904632568 -0.5099999904632568 0.0 0.09000000357627869 0.5099999904632568 -0.5099999904632568 0.0 0.3100000023841858 0.0 0.09000000357627869 -0.27000001072883606 0.09000000357627869 0.0 0.09000000357627869 0.0 -0.5099999904632568 0.0 0.0 0.0 0.09000000357627869 -0.27000001072883606 0.09000000357627869 0.09000000357627869 0.09000000357627869 0.5099999904632568 -0.5099999904632568 -0.4699999988079071 0.3100000023841858 0.0 0.09000000357627869 0.05000000074505806 0.09000000357627869 0.09000000357627869 -0.6600000262260437 0.4300000071525574 0.5099999904632568 -0.5099999904632568 0.0 0.3100000023841858 0.0 0.09000000357627869 0.0 0.09000000357627869 -0.6600000262260437 0.4300000071525574 -0.27000001072883606 0.09000000357627869 0.09000000357627869 0.0 0.5099999904632568 -0.5099999904632568 -0.4699999988079071 0.3100000023841858 0.0 0.09000000357627869 -0.18000000715255737 0.09000000357627869 0.09000000357627869 -0.18000000715255737 0.09000000357627869 0.09000000357627869 0.550000011920929 -0.550000011920929 -0.6200000047683716 0.3199999928474426 0.30000001192092896 0.5099999904632568 -0.5099999904632568 0.0 0.0 0.09000000357627869 0.09000000357627869 0.0 0.09000000357627869 0.0 0.09000000357627869 0.0 -0.18000000715255737 0.09000000357627869 0.09000000357627869 0.5099999904632568 -0.5099999904632568 0.0 0.3100000023841858 0.0 0.09000000357627869 0.0 0.09000000357627869 -0.18000000715255737 0.09000000357627869 0.09000000357627869 -0.27000001072883606 0.09000000357627869 0.09000000357627869 0.09000000357627869 0.09000000357627869 0.0 0.09000000357627869 -0.27000001072883606 0.09000000357627869 0.09000000357627869 0.09000000357627869
259 0.09000000357627869 0.09000000357627869 -0.18000000715255737 0.09000000357627869 0.09000000357627869 0.550000011920929 -0.550000011920929 -0.6200000047683716 0.3199999928474426 0.30000001192092896 0.09000000357627869 0.3100000023841858 -0.019999999552965164 0.09000000357627869 0.5099999904632568 -0.5099999904632568 0.09000000357627869 0.09000000357627869 -0.5099999904632568 0.0 0.09000000357627869 0.05000000074505806 0.09000000357627869 0.5099999904632568 -0.5099999904632568 0.0 0.0 0.0 0.09000000357627869 0.0 0.09000000357627869 -0.6600000262260437 0.4300000071525574 -0.27000001072883606 0.09000000357627869 0.09000000357627869 0.09000000357627869 0.5099999904632568 -0.5099999904632568 0.0 0.3100000023841858 0.0 0.09000000357627869 -0.27000001072883606 0.09000000357627869 0.0 0.09000000357627869 0.0 -0.5099999904632568 0.0 0.0 0.0 0.09000000357627869 -0.27000001072883606 0.09000000357627869 0.09000000357627869 0.09000000357627869 0.5099999904632568 -0.5099999904632568 -0.4699999988079071 0.3100000023841858 0.0 0.09000000357627869 0.05000000074505806 0.09000000357627869 0.09000000357627869 -0.6600000262260437 0.4300000071525574 0.5099999904632568 -0.5099999904632568 -0.28999999165534973 0.0 0.09000000357627869 0.09000000357627869 0.0 0.09000000357627869 -0.18000000715255737 0.09000000357627869 0.09000000357627869 -0.18000000715255737 0.09000000357627869 0.09000000357627869 0.5099999904632568 -0.5099999904632568 -0.4699999988079071 0.3100000023841858 0.0 0.09000000357627869 -0.18000000715255737 0.09000000357627869 0.09000000357627869 -0.18000000715255737 0.09000000357627869 0.09000000357627869 0.550000011920929 -0.550000011920929 -0.6200000047683716 0.3199999928474426 0.30000001192092896 0.5099999904632568 -0.5099999904632568 0.0 0.0 0.09000000357627869 0.09000000357627869 0.0 0.09000000357627869 0.0 0.09000000357627869 0.0 -0.18000000715255737 0.09000000357627869 0.09000000357627869 0.5099999904632568 -0.5099999904632568 0.0 0.3100000023841858 0.0 0.09000000357627869 0.0 0.09000000357627869 -0.27000001072883606 0.09000000357627869 0.09000000357627869 -0.18000000715255737 0.09000000357627869 0.09000000357627869 -0.27000001072883606 0.09000000357627869 0.09000000357627869 0.09000000357627869 0.0 -0.5099999904632568 0.0 0.3100000023841858 0.0 0.09000000357627869 0.0 0.0 0.0 0.0 0.0 -0.18000000715255737 0.09000000357627869 0.09000000357627869 0.0 0.09000000357627869 -0.27000001072883606 0.09000000357627869 0.09000000357627869 0.09000000357627869 -0.27000001072883606 0.09000000357627869 0.09000000357627869 0.0 0.0 -0.4699999988079071 0.0 0.0 0.09000000357627869 0.05000000074505806 0.09000000357627869 0.09000000357627869 -0.6600000262260437 0.4300000071525574 -0.6200000047683716 0.3199999928474426 0.0 0.09000000357627869 -0.6600000262260437 0.4300000071525574 0.6200000047683716 -0.7599999904632568 -0.7599999904632568
26 0.09000000357627869 0.05000000074505806 0.0 0.3100000023841858 0.0 0.0 0.0 0.09000000357627869 0.0 0.0 0.0 0.0 0.0 0.11999999731779099 0.0 -0.5400000214576721 0.4300000071525574 -0.11999999731779099 0.11999999731779099 0.0 0.11999999731779099 0.0 -0.5099999904632568 0.0 0.0 0.0 0.09000000357627869 -0.18000000715255737 0.0 0.09000000357627869 0.0 -0.5099999904632568 0.0 0.0 0.0 0.09000000357627869 0.0 0.0 0.0 0.0 0.09000000357627869 0.09000000357627869 0.0 0.0 0.09000000357627869 0.0 0.5099999904632568 0.0 0.0 0.3100000023841858 0.0 0.0 0.0 0.0 0.0 -0.2800000011920929 0.09000000357627869 0.09000000357627869 0.6200000047683716 -0.7599999904632568 -0.7599999904632568 0.0 -0.5099999904632568 0.0 0.0 0.0 0.0 0.0 0.0 0.0 0.0 0.0 0.09000000357627869 0.0 0.0 0.09000000357627869 -0.699999988079071 0.4399999976158142 0.6399999856948853 -0.800000011920929 0.46000000834465027 0.46000000834465027 -0.800000011920929 0.46000000834465027 0.46000000834465027 0.0 0.0 0.0 0.0 0.0 0.0 0.0 0.0 0.0 0.0 0.0 0.0 0.0 0.0 0.0 0.0 0.0 0.0 0.0 0.0 0.0 0.0 0.0 0.0 0.09000000357627869 0.0 0.0 0.0 0.0 0.0 0.0 0.0 0.0 0.0 0.0 0.0 0.0 0.0 0.0 0.0 0.0 0.0 0.0 0.0 0.0 0.0 0.0 0.0 0.0 0.09000000357627869 0.0 0.0 -0.27000001072883606 0.09000000357627869 0.0 0.09000000357627869 -0.27000001072883606 0.09000000357627869 0.09000000357627869 0.09000000357627869 0.0 0.0 0.0 0.0 0.0 0.0 0.0 0.0 0.0 0.0 0.0 0.0 0.0 0.09000000357627869 0.0 0.0 0.0 0.0 0.0 0.0 0.0 0.09000000357627869 0.0 0.0 0.0 0.0 0.0 0.0 0.0 0.0 0.10999999940395355 -0.5400000214576721 0.0 0.0 0.0 0.11999999731779099 0.0 0.0 0.0 0.0 0.0 0.0 0.0 0.0 0.0 0.0 0.0 0.0 0.0 0.0 0.09000000357627869 0.0 0.0 0.0 0.0 0.0 0.0 0.0 0.0 0.0 0.0 0.0 0.0 0.0 0.0 0.0 0.0 0.0 0.0 0.0 0.0 0.0 0.0 0.0 0.0 0.11999999731779099 0.0 0.11999999731779099 0.0 0.0 0.0 0.0 0.0 0.0 0.0 -0.5099999904632568 0.0 0.0 0.0 0.0 0.0 0.0 0.0 0.0 0.0 0.0 0.0 0.0 0.0 -0.18000000715255737 0.09000000357627869 0.0 0.0 0.0 0.0 0.0 0.0 0.0 0.0 0.0 0.0 0.0 0.0 0.0 0.0 0.0 0.0 0.0 0.0 0.0 0.0 0.0 0.0 -0.18000000715255737 0.09000000357627869 0.0 0.0 0.0 0.0 0.0 0.0 0.0 0.0 0.0 0.09000000357627869 0.0 0.09000000357627869 0.09000000357627869 0.0 0.09000000357627869 0.0 0.0 0.0 0.0 -0.699999988079071 0.4399999976158142 0.6399999856948853 -0.800000011920929 0.46000000834465027 0.0 -0.800000011920929 0.46000000834465027 0.46000000834465027 0.0 0.0 0.0 0.0 0.0 0.0 0.0 0.0 0.0 0.0 0.0 0.0 0.0 0.0 0.0 0.0 0.0 0.11999999731779099 0.0 0.0 0.0 0.11999999731779099 0.0 -0.5099999904632568 0.0 0.0 0.0 0.09000000357627869 0.0 0.0 0.0 0.0 0.09000000357627869 0.0 -0.5099999904632568 0.0 0.0 -0.18000000715255737 0.09000000357627869 0.09000000357627869 0.0 0.0 0.09000000357627869 -0.800000011920929 0.46000000834465027 0.46000000834465027 0.0 0.0 0.0 0.0 0.0 0.0 0.0 0.0 0.0 0.0 0.09000000357627869 0.0 0.0 0.0 0.0 0.0 0.0 0.0 0.09000000357627869 0.0 0.0 0.0 0.0 0.0 0.11999999731779099 0.0 -0.5400000214576721 0.4300000071525574 0.0 0.11999999731779099 0.0 0.0 0.0 0.0 0.0 0.0 0.0 0.0 0.0 0.0 0.0 0.0 0.0 0.0 0.0 0.0 0.0 0.0 0.0 0.0 0.0 0.0 0.0 0.0 0.0 0.0 0.0 0.0 0.0 0.0 0.09000000357627869 0.0 0.09000000357627869 0.0 0.0 0.0 0.0 0.0 0.0 -0.5099999904632568 0.0 0.0 0.0 0.0 -0.18000000715255737 0.0 0.09000000357627869 0.0 0.0 0.0 -0.11999999731779099 0.11999999731779099 -0.11999999731779099 0.11999999731779099 0.0 0.0 0.0 0.0 0.5099999904632568 0.0 0.0 0.0 0.0 0.0 -0.18000000715255737 0.09000000357627869 0.0 -0.029999999329447746 0.0 0.0 0.0 0.0 0.23999999463558197 0.10999999940395355 -0.25 0.17000000178813934 -0.20000000298023224 0.14000000059604645 0.5099999904632568 0.0 0.0 0.0 0.0 0.0 0.0 0.09000000357627869 0.09000000357627869 0.0 0.0 0.0 -0.09000000357627869 0.0 0.0 0.0 0.0 0.0 -0.5099999904632568 0.0 0.0 0.0 0.09000000357627869 0.0 0.0 0.09000000357627869 0.0 0.09000000357627869 0.0 0.550000011920929 -0.550000011920929 -0.6200000047683716 0.0 0.0 0.5099999904632568 -0.5099999904632568 0.0 0.0 0.0 0.0 0.0 0.09000000357627869 0.09000000357627869 0.0 0.0 0.09000000357627869 0.6200000047683716 -0.7599999904632568 -0.7599999904632568 0.0 -0.5099999904632568 -0.28999999165534973 0.0 0.09000000357627869 0.09000000357627869 0.0 -0.18000000715255737 0.09000000357627869 0.09000000357627869 0.0 0.0 0.0 0.09000000357627869 0.0 -0.5099999904632568 0.0 0.0 0.5099999904632568 -0.5099999904632568 0.0 0.0 0.0 0.0 0.09000000357627869 0.0 0.09000000357627869 0.09000000357627869 -0.18000000715255737 0.09000000357627869 0.09000000357627869 0.550000011920929 -0.550000011920929 -0.6200000047683716 0.3199999928474426 0.30000001192092896 0.0 0.0 0.0 0.0 0.0 0.0 -0.2800000011920929 0.09000000357627869 0.0 0.0 -0.7599999904632568 -0.7599999904632568 0.0 0.0 0.0 0.3100000023841858 0.0 0.09000000357627869 0.5099999904632568 -0.5099999904632568 -0.4699999988079071 0.0 0.07000000029802322 0.09000000357627869 -0.18000000715255737 0.09000000357627869 0.09000000357627869 -0.2800000011920929 0.09000000357627869 0.09000000357627869 0.6200000047683716 -0.7599999904632568 0.0 0.0 0.0 0.0 0.0 0.0 0.0 0.0 0.0 0.0 0.0 0.0 0.0 0.4399999976158142 -0.5099999904632568 0.4399999976158142 0.3199999928474426 0.18000000715255737 0.5099999904632568 0.0 0.0 0.0 0.0 0.0 0.0 0.0 0.09000000357627869 -0.23000000417232513 0.1599999964237213 0.0 0.0 -0.4699999988079071 0.0 0.07000000029802322 0.09000000357627869 0.0 0.0 -0.5099999904632568 0.0 0.0 0.0 0.09000000357627869 0.0 0.0 0.0 -0.18000000715255737 0.09000000357627869 0.09000000357627869 0.0 0.09000000357627869 0.09000000357627869 0.20999999344348907 0.05000000074505806 0.05000000074505806 -0.30000001192092896 0.33000001311302185 0.33000001311302185 0.33000001311302185 0.0 0.0 0.0 0.0 0.0 0.0 0.0 0.0 0.0 0.0 0.0 0.0 0.0 0.09000000357627869 0.0 0.0 0.0 0.0 0.0 0.0 0.0 0.0 -0.18000000715255737 0.09000000357627869 0.550000011920929 0.0 -0.6200000047683716 0.3199999928474426 0.0 -0.4699999988079071 0.0 0.09000000357627869 0.0 0.0 0.0 0.0 0.0 0.0 -0.23000000417232513 0.0 0.0 0.0 0.0 0.0 0.0 0.0 0.0 0.0 0.0 0.0 0.0 0.0 0.0 0.0 0.0
260 0.3199999928474426 0.30000001192092896 0.33000001311302185 0.33000001311302185 -0.019999999552965164 0.09000000357627869 0.09000000357627869 0.5099999904632568 0.09000000357627869 0.5099999904632568 -0.5099999904632568 0.0 0.3100000023841858 0.0 0.09000000357627869 -0.27000001072883606 0.09000000357627869 0.0 0.09000000357627869 0.0 -0.5099999904632568 0.0 0.0 0.0 0.09000000357627869 0.5099999904632568 -0.5099999904632568 -0.4699999988079071 0.3100000023841858 0.0 0.09000000357627869 0.05000000074505806 0.09000000357627869 0.09000000357627869 -0.6600000262260437 0.4300000071525574 0.5099999904632568 -0.5099999904632568 -0.28999999165534973 0.0 0.09000000357627869 0.09000000357627869 0.0 0.09000000357627869 -0.18000000715255737 0.09000000357627869 0.09000000357627869 -0.18000000715255737 0.09000000357627869 0.09000000357627869 0.5099999904632568 -0.5099999904632568 0.0 0.3100000023841858 0.0 0.09000000357627869 0.0 0.09000000357627869 -0.6600000262260437 0.4300000071525574 -0.27000001072883606 0.09000000357627869 0.09000000357627869 0.0 0.5099999904632568 -0.5099999904632568 0.0 0.0 0.09000000357627869 0.09000000357627869 0.0 0.09000000357627869 0.0 0.09000000357627869 0.0 -0.18000000715255737 0.09000000357627869 0.09000000357627869 0.5099999904632568 -0.5099999904632568 0.0 0.3100000023841858 0.0 0.09000000357627869 0.0 0.09000000357627869 -0.27000001072883606 0.09000000357627869 0.09000000357627869 0.09000000357627869 -0.18000000715255737 0.09000000357627869 0.09000000357627869 -0.27000001072883606 0.09000000357627869 0.09000000357627869 0.09000000357627869 0.0 -0.5099999904632568 0.0 0.3100000023841858 0.0 0.09000000357627869 -0.18000000715255737 0.09000000357627869 0.09000000357627869 -0.18000000715255737 0.09000000357627869 0.09000000357627869 0.0 0.0 0.0 0.0 0.0 0.0 -0.18000000715255737 0.09000000357627869 0.09000000357627869 0.0 0.09000000357627869 -0.27000001072883606 0.09000000357627869 0.09000000357627869 0.09000000357627869 -0.27000001072883606 0.09000000357627869 0.09000000357627869 0.09000000357627869 0.0 0.0 -0.4699999988079071 0.0 0.0 0.09000000357627869 0.05000000074505806 0.09000000357627869 0.09000000357627869 -0.6600000262260437 0.4300000071525574 0.5099999904632568 -0.4699999988079071 0.3100000023841858 -0.6200000047683716 0.3199999928474426 0.0
261 0.30000001192092896 0.05000000074505806 -0.30000001192092896 0.33000001311302185 0.33000001311302185 0.33000001311302185 -0.699999988079071 0.4399999976158142 0.6399999856948853 -0.800000011920929 0.46000000834465027 0.46000000834465027 0.0 0.0 0.46000000834465027 -0.5099999904632568 0.09000000357627869 0.09000000357627869 0.09000000357627869 0.09000000357627869 -0.6600000262260437 0.4300000071525574 0.5099999904632568 -0.5099999904632568 -0.28999999165534973 0.0 0.0 0.09000000357627869 -0.18000000715255737 0.09000000357627869 0.09000000357627869 -0.18000000715255737 0.09000000357627869 0.5099999904632568 -0.5099999904632568 0.0 0.3100000023841858 0.0 0.09000000357627869 0.0 0.09000000357627869 -0.6600000262260437 0.4300000071525574 -0.27000001072883606 0.09000000357627869 0.09000000357627869 0.0 0.5099999904632568 -0.5099999904632568 -0.4699999988079071 0.3100000023841858 0.0 0.09000000357627869 -0.18000000715255737 0.09000000357627869 0.09000000357627869 -0.18000000715255737 0.09000000357627869 0.09000000357627869 0.550000011920929 -0.550000011920929 -0.6200000047683716 0.3199999928474426 0.30000001192092896 0.5099999904632568 -0.5099999904632568 0.0 0.3100000023841858 0.0 0.09000000357627869 0.0 0.09000000357627869 -0.27000001072883606 0.09000000357627869 0.09000000357627869 0.09000000357627869 -0.18000000715255737 0.09000000357627869 0.09000000357627869 -0.27000001072883606 0.09000000357627869 0.09000000357627869 0.09000000357627869 0.0 -0.5099999904632568 0.0 0.3100000023841858 0.0 0.09000000357627869 -0.18000000715255737 0.09000000357627869 0.09000000357627869 -0.18000000715255737 0.09000000357627869 0.09000000357627869 0.550000011920929 -0.550000011920929 -0.6200000047683716 0.3199999928474426 0.30000001192092896 0.0 0.0 0.0 0.0 0.0 0.0 -0.18000000715255737 0.09000000357627869 0.09000000357627869 0.0 0.09000000357627869 -0.27000001072883606 0.09000000357627869 0.09000000357627869 0.09000000357627869 -0.27000001072883606 0.09000000357627869 0.09000000357627869 0.09000000357627869 0.0 0.0 -0.4699999988079071 0.0 0.0 0.09000000357627869 0.05000000074505806 0.09000000357627869 0.09000000357627869 -0.6600000262260437 0.4300000071525574 0.5099999904632568 -0.5099999904632568 -0.4699999988079071 0.3100000023841858 0.07000000029802322 0.09000000357627869 -0.2800000011920929 0.09000000357627869 0.0 0.6200000047683716 -0.7599999904632568 -0.7599999904632568 0.0 0.0 0.0 0.0 0.0 0.0 0.0 0.0 0.0 0.0 0.09000000357627869 -0.27000001072883606 0.09000000357627869 0.09000000357627869 0.09000000357627869 -0.27000001072883606 0.09000000357627869 0.09000000357627869 0.0 0.0 0.0 0.0 0.0 0.09000000357627869 -0.18000000715255737 0.09000000357627869 0.09000000357627869 0.0 0.09000000357627869 0.0 0.550000011920929 -0.550000011920929 -0.6200000047683716 0.3199999928474426 0.0 0.5099999904632568 -0.4699999988079071 0.0 0.05000000074505806 0.09000000357627869 0.09000000357627869 -0.4699999988079071 0.3100000023841858 0.0 0.09000000357627869 0.05000000074505806 0.09000000357627869 0.09000000357627869 -0.6600000262260437 0.4300000071525574 0.5099999904632568 -0.5099999904632568
262 -0.7599999904632568 0.09000000357627869 0.20999999344348907 0.05000000074505806 -0.30000001192092896 0.33000001311302185 0.33000001311302185 0.33000001311302185 0.0 0.0 0.09000000357627869 -0.18000000715255737 0.09000000357627869 0.09000000357627869 0.20999999344348907 0.05000000074505806 0.05000000074505806 -0.30000001192092896 0.33000001311302185 0.33000001311302185 0.33000001311302185 0.09000000357627869 0.0 0.0 0.09000000357627869 0.0 0.09000000357627869 -0.699999988079071 0.4399999976158142 0.6399999856948853 -0.800000011920929 0.46000000834465027 0.46000000834465027 0.0 0.0 0.46000000834465027 0.5099999904632568 -0.5099999904632568 -0.28999999165534973 0.0 0.09000000357627869 0.09000000357627869 0.0 0.09000000357627869 -0.18000000715255737 0.09000000357627869 0.09000000357627869 -0.18000000715255737 0.09000000357627869 0.09000000357627869 0.5099999904632568 -0.5099999904632568 0.0 0.3100000023841858 0.0 0.09000000357627869 0.0 0.09000000357627869 -0.6600000262260437 0.4300000071525574 -0.27000001072883606 0.09000000357627869 0.0 0.5099999904632568 -0.5099999904632568 -0.4699999988079071 0.3100000023841858 0.0 0.09000000357627869 -0.18000000715255737 0.09000000357627869 0.09000000357627869 -0.18000000715255737 0.09000000357627869 0.09000000357627869 0.550000011920929 -0.550000011920929 -0.6200000047683716 0.3199999928474426 0.30000001192092896 0.5099999904632568 -0.5099999904632568 0.0 0.0 0.09000000357627869 0.09000000357627869 0.0 0.09000000357627869 0.0 0.09000000357627869 0.0 -0.18000000715255737 0.09000000357627869 0.09000000357627869 0.5099999904632568 -0.5099999904632568 0.0 0.3100000023841858 0.0 0.09000000357627869 -0.18000000715255737 0.09000000357627869 0.09000000357627869 -0.18000000715255737 0.09000000357627869 0.09000000357627869 0.550000011920929 -0.550000011920929 -0.6200000047683716 0.3199999928474426 0.30000001192092896 0.0 0.0 0.0 0.0 0.0 0.0 -0.18000000715255737 0.09000000357627869 0.09000000357627869 0.0 0.09000000357627869 -0.27000001072883606 0.09000000357627869 0.09000000357627869 0.09000000357627869 -0.27000001072883606 0.09000000357627869 0.09000000357627869 0.09000000357627869 0.0 0.0 -0.4699999988079071 0.0 0.0 0.09000000357627869 0.05000000074505806 0.09000000357627869 0.09000000357627869 -0.6600000262260437 0.4300000071525574 0.5099999904632568 -0.5099999904632568 -0.4699999988079071 0.3100000023841858 0.07000000029802322 0.09000000357627869 -0.2800000011920929 0.09000000357627869 0.0 0.6200000047683716 -0.7599999904632568 -0.7599999904632568 0.0 0.0 0.0 0.0 0.0 0.0 0.0 0.0 0.0 0.0 0.09000000357627869 -0.27000001072883606 0.09000000357627869 0.09000000357627869 0.09000000357627869 -0.27000001072883606 0.09000000357627869 0.09000000357627869 0.09000000357627869 0.0 0.0 0.0 0.0 0.0 -0.18000000715255737 0.09000000357627869 0.0 0.09000000357627869 0.0 0.550000011920929 -0.550000011920929 -0.6200000047683716 0.3199999928474426 0.0 0.0 0.09000000357627869
263 0.0 0.0 0.09000000357627869 -0.18000000715255737 0.09000000357627869 0.09000000357627869 0.20999999344348907 0.05000000074505806 0.05000000074505806 -0.30000001192092896 0.33000001311302185 0.33000001311302185 0.33000001311302185 -0.5099999904632568 0.09000000357627869 0.09000000357627869 0.09000000357627869 0.09000000357627869 -0.5099999904632568 0.5099999904632568 -0.5099999904632568 -0.4699999988079071 0.3100000023841858 0.0 0.09000000357627869 0.0 0.0 0.09000000357627869 -0.6600000262260437 0.4300000071525574 0.5099999904632568 -0.5099999904632568 0.09000000357627869 0.0 0.09000000357627869 0.09000000357627869 -0.699999988079071 0.4399999976158142 0.6399999856948853 -0.800000011920929 0.46000000834465027 0.46000000834465027 0.0 0.0 0.46000000834465027 0.5099999904632568 -0.5099999904632568 -0.4699999988079071 0.3100000023841858 0.0 0.09000000357627869 -0.18000000715255737 0.09000000357627869 0.09000000357627869 -0.18000000715255737 0.09000000357627869 0.09000000357627869 0.550000011920929 -0.550000011920929 -0.6200000047683716 0.3199999928474426 0.5099999904632568 -0.5099999904632568 0.0 0.0 0.09000000357627869 0.09000000357627869 0.0 0.09000000357627869 0.0 0.09000000357627869 0.0 -0.18000000715255737 0.09000000357627869 0.09000000357627869 0.5099999904632568 -0.5099999904632568 0.0 0.3100000023841858 0.0 0.09000000357627869 0.0 0.09000000357627869 -0.27000001072883606 0.09000000357627869 0.09000000357627869 0.09000000357627869 -0.18000000715255737 0.09000000357627869 0.09000000357627869 -0.27000001072883606 0.09000000357627869 0.09000000357627869 0.09000000357627869 0.0 -0.5099999904632568 0.0 0.0 0.0 0.0 -0.18000000715255737 0.09000000357627869 0.09000000357627869 0.0 0.09000000357627869 -0.27000001072883606 0.09000000357627869 0.09000000357627869 0.09000000357627869 -0.27000001072883606 0.09000000357627869 0.09000000357627869 0.09000000357627869 0.0 0.0 -0.4699999988079071 0.0 0.0 0.09000000357627869 0.05000000074505806 0.09000000357627869 0.09000000357627869 -0.6600000262260437 0.4300000071525574 0.5099999904632568 -0.5099999904632568 -0.4699999988079071 0.3100000023841858 0.07000000029802322 0.09000000357627869 -0.2800000011920929 0.09000000357627869 0.0 0.6200000047683716 -0.7599999904632568 -0.7599999904632568 0.0 0.0 0.0 0.0 0.0 0.0 0.0 0.0 0.0 0.0 0.09000000357627869 -0.27000001072883606 0.09000000357627869 0.09000000357627869 0.09000000357627869 -0.27000001072883606 0.09000000357627869 0.09000000357627869 0.09000000357627869 0.0 0.0 0.0 0.0 0.0 0.09000000357627869 -0.18000000715255737 0.09000000357627869 0.09000000357627869 0.0 0.09000000357627869 0.0 0.550000011920929 -0.550000011920929 -0.6200000047683716 0.3199999928474426 0.0 0.5099999904632568 -0.5099999904632568 -0.4699999988079071 0.0 0.07000000029802322 0.09000000357627869 0.05000000074505806 0.09000000357627869 0.09000000357627869 -0.6600000262260437 0.4300000071525574 0.5099999904632568 0.0 -0.4699999988079071 0.0 0.0 0.09000000357627869 0.0 0.09000000357627869 -0.27000001072883606 0.09000000357627869 0.09000000357627869 0.09000000357627869 -0.18000000715255737 0.09000000357627869 0.09000000357627869 -0.27000001072883606 0.09000000357627869 0.09000000357627869 0.09000000357627869 0.0 0.0 0.0 0.0 -0.18000000715255737 0.09000000357627869 0.0 0.0 -0.27000001072883606 0.0 0.09000000357627869 0.09000000357627869 0.0 0.09000000357627869
264 0.09000000357627869 0.6200000047683716 -0.7599999904632568 -0.18000000715255737 0.09000000357627869 0.09000000357627869 0.0 0.09000000357627869 0.09000000357627869 0.20999999344348907 0.05000000074505806 -0.30000001192092896 0.33000001311302185 0.33000001311302185 0.33000001311302185 0.09000000357627869 -0.27000001072883606 0.09000000357627869 0.09000000357627869 0.0 0.09000000357627869 0.09000000357627869 -0.18000000715255737 0.09000000357627869 0.09000000357627869 -0.18000000715255737 0.09000000357627869 0.09000000357627869 0.550000011920929 -0.6200000047683716 0.3199999928474426 0.30000001192092896 0.0 0.0 -0.27000001072883606 0.09000000357627869 0.09000000357627869 0.09000000357627869 0.0 0.09000000357627869 0.0 0.0 0.0 0.0 0.0 0.0 -0.18000000715255737 0.09000000357627869 0.09000000357627869 0.0 0.0 0.09000000357627869 -0.18000000715255737 0.09000000357627869 0.09000000357627869 0.20999999344348907 0.05000000074505806 0.05000000074505806 -0.30000001192092896 0.33000001311302185 0.33000001311302185 0.33000001311302185 0.0 0.0 0.0 0.0 0.0 -0.5099999904632568 0.0 0.0 0.09000000357627869 0.09000000357627869 -0.5099999904632568 0.5099999904632568 -0.5099999904632568 -0.4699999988079071 0.3100000023841858 0.0 0.09000000357627869 0.0 0.0 0.09000000357627869 -0.6600000262260437 0.4300000071525574 0.5099999904632568 -0.5099999904632568 -0.4699999988079071 0.3100000023841858 0.0 0.09000000357627869 0.0 -0.5099999904632568 0.0 0.3100000023841858 0.0 0.0 0.0 0.09000000357627869 0.0 0.0 0.09000000357627869 0.09000000357627869 0.0 0.09000000357627869 0.09000000357627869 -0.699999988079071 0.4399999976158142 0.6399999856948853 -0.800000011920929 0.46000000834465027 0.46000000834465027 0.0 0.0 0.46000000834465027 0.0 -0.11999999731779099 0.11999999731779099 -0.11999999731779099 0.11999999731779099 0.0 0.11999999731779099 0.09000000357627869 0.09000000357627869 0.5099999904632568 -0.5099999904632568 0.0 0.3100000023841858 0.0 0.09000000357627869 0.0 0.09000000357627869 -0.6600000262260437 -0.27000001072883606 0.09000000357627869 0.09000000357627869 0.5099999904632568 -0.5099999904632568 -0.4699999988079071 0.3100000023841858 0.0 0.09000000357627869 -0.18000000715255737 0.09000000357627869 0.09000000357627869 -0.18000000715255737 0.09000000357627869 0.09000000357627869 0.550000011920929 -0.550000011920929 0.5099999904632568 -0.5099999904632568 0.0 0.0 0.09000000357627869 0.09000000357627869 0.0 0.09000000357627869 0.0 0.09000000357627869 0.0 -0.18000000715255737 0.09000000357627869 0.09000000357627869 0.5099999904632568 -0.5099999904632568 0.0 0.3100000023841858 0.0 0.09000000357627869 0.0 0.09000000357627869 -0.27000001072883606 0.09000000357627869 0.09000000357627869 0.09000000357627869 -0.18000000715255737 0.09000000357627869 0.09000000357627869 -0.27000001072883606 0.09000000357627869 0.09000000357627869 0.09000000357627869 0.0 -0.5099999904632568 0.0 0.3100000023841858 0.0 0.09000000357627869 -0.18000000715255737 0.09000000357627869 0.09000000357627869 -0.18000000715255737 0.09000000357627869 0.09000000357627869 0.550000011920929 -0.550000011920929 -0.6200000047683716 0.3199999928474426 0.30000001192092896 0.0 0.0 -0.4699999988079071 0.0 0.0 0.09000000357627869 0.05000000074505806 0.09000000357627869 0.09000000357627869 -0.6600000262260437 0.4300000071525574 0.5099999904632568 -0.5099999904632568 -0.4699999988079071 0.3100000023841858 0.07000000029802322 0.09000000357627869 -0.2800000011920929 0.09000000357627869 0.0 0.6200000047683716 -0.7599999904632568 -0.7599999904632568 0.0 0.0 0.0 0.0 0.0 0.0 0.0 0.0 0.0 0.0 0.09000000357627869 -0.27000001072883606 0.09000000357627869 0.09000000357627869 0.09000000357627869 -0.27000001072883606 0.09000000357627869 0.09000000357627869 0.09000000357627869 0.0 0.0 0.0 0.0 0.0 0.09000000357627869 -0.18000000715255737 0.09000000357627869 0.09000000357627869 0.0 0.09000000357627869 0.0 0.550000011920929 -0.550000011920929 -0.6200000047683716 0.3199999928474426 0.0 0.5099999904632568 -0.5099999904632568 -0.4699999988079071 0.0 0.07000000029802322 0.09000000357627869 0.05000000074505806 0.09000000357627869 0.09000000357627869 -0.6600000262260437 0.4300000071525574 0.5099999904632568 0.0 -0.4699999988079071 0.0 0.0 0.09000000357627869 0.0 0.09000000357627869 -0.27000001072883606 0.09000000357627869 0.09000000357627869 -0.18000000715255737 0.09000000357627869 0.09000000357627869 -0.27000001072883606 0.09000000357627869 0.09000000357627869 0.09000000357627869 0.0 0.0 0.0 0.0 0.0 0.09000000357627869 -0.18000000715255737 0.09000000357627869 0.09000000357627869 0.0 0.0 -0.27000001072883606 0.0 0.09000000357627869 0.09000000357627869 -0.27000001072883606 0.09000000357627869 0.09000000357627869 0.09000000357627869 0.0 -0.4699999988079071 0.0 0.0 0.0 0.09000000357627869 0.0 0.0 0.09000000357627869 -0.5099999904632568 0.3100000023841858 -0.4699999988079071 0.3100000023841858 0.0 0.09000000357627869 0.05000000074505806 0.09000000357627869 0.09000000357627869 -0.6600000262260437 0.4300000071525574
265 0.05000000074505806 -0.30000001192092896 0.33000001311302185 0.33000001311302185 0.0 0.0 0.09000000357627869 -0.6600000262260437 0.4300000071525574 0.0 0.09000000357627869 0.09000000357627869 -0.699999988079071 0.4399999976158142 0.6399999856948853 -0.800000011920929 0.46000000834465027 0.46000000834465027 0.0 0.0 0.46000000834465027 0.0 0.09000000357627869 0.0 0.09000000357627869 -0.6600000262260437 0.4300000071525574 0.5099999904632568 -0.5099999904632568 -0.4699999988079071 0.3100000023841858 0.0 0.09000000357627869 -0.18000000715255737 0.09000000357627869 0.09000000357627869 -0.18000000715255737 0.09000000357627869 0.550000011920929 -0.550000011920929 -0.6200000047683716 0.3199999928474426 0.5099999904632568 -0.5099999904632568 0.0 0.0 0.09000000357627869 0.09000000357627869 0.0 0.09000000357627869 0.0 0.09000000357627869 0.0 -0.18000000715255737 0.09000000357627869 0.09000000357627869 0.5099999904632568 -0.5099999904632568 0.0 0.3100000023841858 0.0 0.09000000357627869 0.0 0.09000000357627869 -0.27000001072883606 0.09000000357627869 0.09000000357627869 0.09000000357627869 -0.18000000715255737 0.09000000357627869 0.09000000357627869 -0.27000001072883606 0.09000000357627869 0.09000000357627869 0.09000000357627869 0.0 -0.5099999904632568 0.0 0.3100000023841858 0.0 0.09000000357627869 -0.18000000715255737 0.09000000357627869 0.09000000357627869 -0.18000000715255737 0.09000000357627869 0.09000000357627869 0.550000011920929 -0.550000011920929 -0.6200000047683716 0.3199999928474426 0.30000001192092896 0.0 0.0 0.0 0.0 0.0 0.0 -0.18000000715255737 0.09000000357627869 0.09000000357627869 0.0 0.09000000357627869 -0.27000001072883606 0.09000000357627869 0.09000000357627869 0.09000000357627869 -0.27000001072883606 0.09000000357627869 0.09000000357627869 0.09000000357627869 0.0 0.0 -0.4699999988079071 0.3100000023841858 0.07000000029802322 0.09000000357627869 -0.2800000011920929 0.09000000357627869 0.0 0.6200000047683716 -0.7599999904632568 -0.7599999904632568 0.0 0.0 0.0 0.0 0.0 0.0 0.0 0.0 0.0 0.0 0.09000000357627869 -0.27000001072883606 0.09000000357627869 0.09000000357627869 0.09000000357627869 -0.27000001072883606 0.09000000357627869 0.09000000357627869 0.09000000357627869 0.0 0.0 0.0 0.0 0.0 0.09000000357627869 -0.18000000715255737 0.09000000357627869 0.09000000357627869 0.0 0.09000000357627869 0.0 0.550000011920929 -0.550000011920929 -0.6200000047683716 0.3199999928474426 0.0 0.5099999904632568 -0.5099999904632568 -0.4699999988079071 0.0 0.07000000029802322 0.09000000357627869 0.05000000074505806 0.09000000357627869 0.09000000357627869 -0.6600000262260437 0.4300000071525574 0.5099999904632568 0.0 -0.4699999988079071 0.0 0.0 0.09000000357627869 0.0 0.09000000357627869 -0.27000001072883606 0.09000000357627869 0.09000000357627869 0.09000000357627869 -0.18000000715255737 0.09000000357627869 0.09000000357627869 -0.27000001072883606 0.09000000357627869 0.09000000357627869 0.09000000357627869 0.0 0.0 0.0 0.0 0.0 0.09000000357627869 -0.18000000715255737 0.09000000357627869 0.09000000357627869 0.0 0.0 -0.27000001072883606 0.0 0.09000000357627869 0.09000000357627869 -0.27000001072883606 0.09000000357627869 0.0 0.0 -0.4699999988079071 0.0 0.0 0.0 0.0 0.09000000357627869 0.0 0.0 0.0 0.0 0.0 0.0 0.09000000357627869 -0.6600000262260437 0.4300000071525574 -0.27000001072883606 0.09000000357627869 0.09000000357627869 -0.5099999904632568 0.0 -0.5099999904632568 0.0 0.0 0.09000000357627869 0.0 0.09000000357627869 -0.18000000715255737 0.09000000357627869 0.09000000357627869 -0.18000000715255737 0.09000000357627869 0.09000000357627869 0.5099999904632568 -0.5099999904632568 -0.4699999988079071 0.3100000023841858 -0.019999999552965164 0.09000000357627869 0.09000000357627869 0.5099999904632568 -0.5099999904632568 -0.4699999988079071 0.3100000023841858 0.0 0.09000000357627869 0.0 0.5099999904632568 -0.5099999904632568 -0.4699999988079071 0.3100000023841858 0.0 0.09000000357627869 0.05000000074505806 0.09000000357627869 0.09000000357627869 -0.6600000262260437 0.4300000071525574 0.5099999904632568 -0.5099999904632568 -0.4699999988079071 0.3100000023841858 0.09000000357627869
266 0.33000001311302185 0.09000000357627869 -0.4699999988079071 0.3100000023841858 0.0 0.09000000357627869 0.0 0.0 0.09000000357627869 -0.6600000262260437 0.4300000071525574 0.5099999904632568 -0.5099999904632568 -0.699999988079071 0.4399999976158142 0.6399999856948853 -0.800000011920929 0.46000000834465027 0.46000000834465027 0.0 0.0 0.46000000834465027 0.09000000357627869 0.5099999904632568 -0.5099999904632568 0.0 0.0 0.09000000357627869 0.09000000357627869 0.0 0.09000000357627869 0.0 0.09000000357627869 0.0 -0.18000000715255737 0.09000000357627869 0.09000000357627869 0.5099999904632568 -0.5099999904632568 0.0 0.3100000023841858 0.0 0.09000000357627869 0.0 0.09000000357627869 -0.27000001072883606 0.09000000357627869 0.09000000357627869 0.09000000357627869 -0.18000000715255737 0.09000000357627869 0.0 -0.5099999904632568 0.0 0.3100000023841858 0.0 0.09000000357627869 -0.18000000715255737 0.09000000357627869 0.09000000357627869 -0.18000000715255737 0.09000000357627869 0.09000000357627869 0.550000011920929 -0.550000011920929 -0.6200000047683716 0.3199999928474426 0.30000001192092896 0.0 0.0 0.0 0.0 0.0 0.0 -0.18000000715255737 0.09000000357627869 0.09000000357627869 0.0 0.09000000357627869 -0.27000001072883606 0.09000000357627869 0.09000000357627869 0.09000000357627869 -0.27000001072883606 0.09000000357627869 0.09000000357627869 0.09000000357627869 0.0 0.0 -0.4699999988079071 0.0 0.0 0.09000000357627869 0.05000000074505806 0.09000000357627869 0.09000000357627869 -0.6600000262260437 0.4300000071525574 0.5099999904632568 -0.5099999904632568 0.0 0.0 0.0 0.0 0.0 0.0 0.0 0.0 0.09000000357627869 -0.27000001072883606 0.09000000357627869 0.09000000357627869 0.09000000357627869 -0.27000001072883606 0.09000000357627869 0.09000000357627869 0.09000000357627869 0.0 0.0 0.0 0.0 0.0 0.09000000357627869 -0.18000000715255737 0.09000000357627869 0.09000000357627869 0.0 0.09000000357627869 0.0 0.550000011920929 -0.550000011920929 -0.6200000047683716 0.3199999928474426 0.0 0.5099999904632568 -0.5099999904632568 -0.4699999988079071 0.0 0.07000000029802322 0.09000000357627869 0.05000000074505806 0.09000000357627869 0.09000000357627869 -0.6600000262260437 0.4300000071525574 0.5099999904632568 0.0 -0.4699999988079071 0.0 0.0 0.09000000357627869 0.0 0.09000000357627869 -0.27000001072883606 0.09000000357627869 0.09000000357627869 0.09000000357627869 -0.18000000715255737 0.09000000357627869 0.09000000357627869 -0.27000001072883606 0.09000000357627869 0.09000000357627869 0.09000000357627869 0.0 0.0 0.0 0.0 0.0 0.09000000357627869 -0.18000000715255737 0.09000000357627869 0.09000000357627869 0.0 0.0 -0.27000001072883606 0.0 0.09000000357627869 0.09000000357627869 -0.27000001072883606 0.09000000357627869 0.09000000357627869 0.09000000357627869 0.0 0.0 -0.4699999988079071 0.0 0.0 0.0 0.0 0.09000000357627869 0.0 0.0 0.0 -0.5099999904632568 0.0 0.0 0.0 0.09000000357627869 0.0 0.09000000357627869 -0.6600000262260437 0.4300000071525574 -0.27000001072883606 0.09000000357627869 0.09000000357627869 0.09000000357627869 0.5099999904632568 0.0 0.0 -0.18000000715255737 0.09000000357627869 0.0 0.09000000357627869 0.09000000357627869 0.09000000357627869 0.09000000357627869 0.0 -0.5099999904632568 0.0 0.0 0.09000000357627869 0.0 0.09000000357627869 -0.18000000715255737 0.09000000357627869 0.09000000357627869 -0.18000000715255737 0.09000000357627869 0.5099999904632568 -0.5099999904632568 -0.4699999988079071 -0.019999999552965164 0.09000000357627869 0.3100000023841858 0.3100000023841858 0.05000000074505806 0.09000000357627869 0.09000000357627869 -0.6600000262260437 0.4300000071525574
267 0.0 0.0 -0.18000000715255737 0.09000000357627869 0.09000000357627869 0.0 0.0 0.09000000357627869 -0.18000000715255737 0.09000000357627869 0.09000000357627869 0.20999999344348907 0.05000000074505806 0.05000000074505806 -0.30000001192092896 0.33000001311302185 0.33000001311302185 0.33000001311302185 0.0 0.0 0.0 0.0 0.0 0.0 -0.18000000715255737 0.0 0.0 0.0 0.0 0.0 -0.5099999904632568 0.0 0.0 0.0 0.09000000357627869 -0.18000000715255737 0.09000000357627869 0.09000000357627869 -0.18000000715255737 0.09000000357627869 0.0 -0.18000000715255737 0.09000000357627869 0.5099999904632568 -0.5099999904632568 -0.4699999988079071 0.0 0.0 0.09000000357627869 -0.27000001072883606 0.09000000357627869 0.09000000357627869 0.5099999904632568 -0.5099999904632568 -0.4699999988079071 0.3100000023841858 -0.019999999552965164 0.09000000357627869 0.09000000357627869 0.5099999904632568 -0.5099999904632568 -0.4699999988079071 0.3100000023841858 0.0 0.09000000357627869 0.0 0.0 0.09000000357627869 -0.6600000262260437 0.4300000071525574 0.5099999904632568 -0.5099999904632568 -0.4699999988079071 0.3100000023841858 0.0 0.09000000357627869 0.0 0.09000000357627869 0.09000000357627869 0.0 -0.5099999904632568 0.0 0.3100000023841858 0.0 0.0 0.0 0.09000000357627869 0.0 0.0 0.09000000357627869 0.09000000357627869 0.0 0.09000000357627869 0.09000000357627869 -0.699999988079071 0.4399999976158142 0.6399999856948853 -0.800000011920929 0.46000000834465027 0.46000000834465027 0.0 0.0 0.46000000834465027 0.0 0.0 0.09000000357627869 0.0 0.09000000357627869 0.0 0.09000000357627869 0.0 -0.18000000715255737 0.09000000357627869 0.09000000357627869 0.5099999904632568 -0.5099999904632568 0.0 0.3100000023841858 0.0 0.09000000357627869 0.0 0.09000000357627869 -0.27000001072883606 0.09000000357627869 0.09000000357627869 0.09000000357627869 -0.18000000715255737 0.09000000357627869 0.09000000357627869 -0.27000001072883606 0.09000000357627869 0.09000000357627869 0.0 -0.5099999904632568 0.0 0.3100000023841858 0.0 0.09000000357627869 -0.18000000715255737 0.09000000357627869 0.09000000357627869 -0.18000000715255737 0.09000000357627869 0.09000000357627869 0.550000011920929 -0.550000011920929 -0.6200000047683716 0.3199999928474426 0.30000001192092896 0.0 0.0 0.0 0.0 0.0 0.0 -0.18000000715255737 0.09000000357627869 0.09000000357627869 0.0 0.09000000357627869 -0.27000001072883606 0.09000000357627869 0.09000000357627869 0.09000000357627869 -0.27000001072883606 0.09000000357627869 0.09000000357627869 0.09000000357627869 0.0 0.0 -0.4699999988079071 0.0 0.0 0.09000000357627869 0.05000000074505806 0.09000000357627869 0.09000000357627869 -0.6600000262260437 0.4300000071525574 0.5099999904632568 -0.5099999904632568 -0.4699999988079071 0.3100000023841858 0.07000000029802322 0.09000000357627869 -0.2800000011920929 0.09000000357627869 0.0 0.6200000047683716 -0.7599999904632568 -0.7599999904632568 0.0 0.0 0.0 0.0 0.0 0.09000000357627869 -0.18000000715255737 0.09000000357627869 0.09000000357627869 0.0 0.09000000357627869 0.0 0.550000011920929 -0.550000011920929 -0.6200000047683716 0.3199999928474426 0.0 0.5099999904632568 -0.5099999904632568 -0.4699999988079071 0.0 0.07000000029802322 0.09000000357627869 0.05000000074505806 0.09000000357627869 0.09000000357627869 -0.6600000262260437 0.4300000071525574 0.5099999904632568 0.0 -0.4699999988079071 0.0 0.0 0.09000000357627869 0.0 0.09000000357627869 -0.27000001072883606 0.09000000357627869 0.09000000357627869 0.09000000357627869 -0.18000000715255737 0.09000000357627869 0.09000000357627869 -0.27000001072883606 0.09000000357627869 0.09000000357627869 0.09000000357627869 0.0 0.0 0.0 0.0 0.0 0.09000000357627869 -0.18000000715255737 0.09000000357627869 0.09000000357627869 0.0 0.0 -0.27000001072883606 0.0 0.09000000357627869 0.09000000357627869 -0.27000001072883606 0.09000000357627869 0.09000000357627869 0.09000000357627869 0.0 0.0 -0.4699999988079071 0.0 0.0 0.0 0.0 0.09000000357627869 0.0 0.0 0.0 -0.5099999904632568 0.0 0.0 0.0 0.09000000357627869 0.0 0.09000000357627869 -0.6600000262260437 0.4300000071525574 -0.27000001072883606 0.09000000357627869 0.09000000357627869 0.5099999904632568 -0.5099999904632568 0.0 0.0 0.0 0.09000000357627869 -0.18000000715255737 0.09000000357627869 0.09000000357627869 0.0 0.09000000357627869 0.09000000357627869 -0.09000000357627869 0.5099999904632568 -0.4699999988079071 0.0 0.07000000029802322 -0.18000000715255737 0.09000000357627869 0.09000000357627869 0.30000001192092896 0.5099999904632568 -0.4699999988079071 0.0 0.0 0.0 0.09000000357627869 0.0 0.09000000357627869 0.09000000357627869 0.09000000357627869 -0.27000001072883606 0.09000000357627869 0.09000000357627869 0.0 0.5099999904632568 -0.5099999904632568 0.0 -0.27000001072883606 0.09000000357627869 0.09000000357627869 0.09000000357627869 -0.5099999904632568 -0.5099999904632568 0.0 0.0 0.09000000357627869 -0.18000000715255737 0.09000000357627869 0.09000000357627869 0.5099999904632568 -0.5099999904632568 0.3100000023841858 0.09000000357627869
268 0.09000000357627869 0.0 0.0 -0.27000001072883606 0.09000000357627869 0.0 0.09000000357627869 0.0 0.09000000357627869 0.09000000357627869 0.09000000357627869 0.0 0.09000000357627869 0.0 0.09000000357627869 -0.6600000262260437 0.4300000071525574 -0.5099999904632568 -0.27000001072883606 0.09000000357627869 0.0 0.09000000357627869 0.09000000357627869 0.09000000357627869 0.0 0.09000000357627869 -0.18000000715255737 0.09000000357627869 0.20999999344348907 0.05000000074505806 0.05000000074505806 -0.30000001192092896 0.33000001311302185 0.33000001311302185 0.33000001311302185 0.09000000357627869 0.5099999904632568 -0.5099999904632568 -0.4699999988079071 0.3100000023841858 0.0 0.09000000357627869 0.0 0.0 0.09000000357627869 -0.6600000262260437 0.4300000071525574 0.5099999904632568 -0.5099999904632568 -0.4699999988079071 0.3100000023841858 0.0 0.09000000357627869 0.0 -0.5099999904632568 0.0 0.3100000023841858 0.0 0.0 0.0 0.09000000357627869 0.0 0.0 0.09000000357627869 0.09000000357627869 0.0 0.09000000357627869 0.09000000357627869 -0.699999988079071 0.4399999976158142 0.6399999856948853 -0.800000011920929 0.46000000834465027 0.46000000834465027 0.0 0.0 0.46000000834465027 -0.5099999904632568 -0.11999999731779099 0.11999999731779099 -0.11999999731779099 0.11999999731779099 0.0 0.11999999731779099 0.09000000357627869 0.09000000357627869 0.5099999904632568 -0.5099999904632568 0.5099999904632568 -0.5099999904632568 0.0 0.0 0.09000000357627869 0.09000000357627869 0.0 0.09000000357627869 0.0 0.09000000357627869 0.0 -0.18000000715255737 0.09000000357627869 0.09000000357627869 0.5099999904632568 -0.5099999904632568 0.0 0.3100000023841858 0.0 0.09000000357627869 0.0 0.09000000357627869 0.09000000357627869 0.0 -0.5099999904632568 0.0 0.3100000023841858 0.0 0.09000000357627869 -0.18000000715255737 0.09000000357627869 0.09000000357627869 -0.18000000715255737 0.09000000357627869 0.09000000357627869 0.550000011920929 -0.6200000047683716 0.30000001192092896 0.0 0.0 0.0 0.0 0.0 0.0 -0.18000000715255737 0.09000000357627869 0.09000000357627869 0.0 0.09000000357627869 -0.27000001072883606 0.09000000357627869 0.09000000357627869 0.09000000357627869 -0.27000001072883606 0.09000000357627869 0.09000000357627869 0.09000000357627869 0.0 0.0 -0.4699999988079071 0.0 0.0 0.09000000357627869 0.05000000074505806 0.09000000357627869 0.09000000357627869 -0.6600000262260437 0.4300000071525574 0.5099999904632568 -0.5099999904632568 -0.4699999988079071 0.3100000023841858 0.07000000029802322 0.09000000357627869 -0.2800000011920929 0.09000000357627869 0.0 0.6200000047683716 -0.7599999904632568 -0.7599999904632568 0.0 0.0 0.0 0.0 0.0 0.0 0.0 0.0 0.0 0.0 0.09000000357627869 -0.27000001072883606 0.09000000357627869 0.09000000357627869 0.09000000357627869 -0.27000001072883606 0.09000000357627869 0.09000000357627869 0.09000000357627869 0.0 0.0 -0.4699999988079071 0.0 0.07000000029802322 0.09000000357627869 0.05000000074505806 0.09000000357627869 0.09000000357627869 -0.6600000262260437 0.4300000071525574 0.5099999904632568 0.0 -0.4699999988079071 0.0 0.0 0.09000000357627869 0.0 0.09000000357627869 -0.27000001072883606 0.09000000357627869 0.09000000357627869 0.09000000357627869 -0.18000000715255737 0.09000000357627869 0.09000000357627869 -0.27000001072883606 0.09000000357627869 0.09000000357627869 0.09000000357627869 0.0 0.0 0.0 0.0 0.0 0.09000000357627869 -0.18000000715255737 0.09000000357627869 0.09000000357627869 0.0 0.0 -0.27000001072883606 0.0 0.09000000357627869 0.09000000357627869 -0.27000001072883606 0.09000000357627869 0.09000000357627869 0.09000000357627869 0.0 0.0 -0.4699999988079071 0.0 0.0 0.0 0.0 0.09000000357627869 0.0 0.0 0.0 -0.5099999904632568 0.0 0.0 0.0 0.09000000357627869 0.0 0.09000000357627869 -0.6600000262260437 0.4300000071525574 -0.27000001072883606 0.09000000357627869 0.09000000357627869 0.09000000357627869 0.5099999904632568 -0.5099999904632568 0.0 0.0 0.0 0.09000000357627869 -0.18000000715255737 0.09000000357627869 0.09000000357627869 0.0 0.09000000357627869 0.09000000357627869 0.5099999904632568 -0.4699999988079071 0.0 0.07000000029802322 0.09000000357627869 -0.18000000715255737 0.09000000357627869 0.09000000357627869 0.30000001192092896 0.5099999904632568 -0.5099999904632568 -0.4699999988079071 0.0 0.0 0.09000000357627869 0.0 0.09000000357627869 0.0 0.09000000357627869 0.09000000357627869 0.09000000357627869 -0.27000001072883606 0.09000000357627869 0.09000000357627869 0.0 0.5099999904632568 -0.5099999904632568 0.0 0.0 0.09000000357627869 0.0 0.09000000357627869 0.5099999904632568 -0.5099999904632568 0.0 0.0 0.0 0.09000000357627869 -0.27000001072883606 0.09000000357627869 0.09000000357627869 0.09000000357627869 0.5099999904632568 -0.5099999904632568 -0.4699999988079071 0.3100000023841858 -0.019999999552965164 0.09000000357627869 0.09000000357627869 0.0 -0.5099999904632568 0.0 0.0 0.09000000357627869 0.09000000357627869 0.0 0.09000000357627869 -0.18000000715255737 0.09000000357627869 0.09000000357627869 -0.18000000715255737 0.09000000357627869 0.09000000357627869 0.5099999904632568 -0.5099999904632568 -0.4699999988079071 0.3100000023841858 -0.019999999552965164 0.09000000357627869 0.09000000357627869 0.5099999904632568 -0.5099999904632568 -0.4699999988079071 0.3100000023841858 0.0 0.09000000357627869 0.0 0.5099999904632568 -0.5099999904632568 -0.4699999988079071 0.3100000023841858 0.0 0.09000000357627869 0.05000000074505806 0.09000000357627869 0.09000000357627869 -0.6600000262260437 0.4300000071525574 0.5099999904632568 -0.5099999904632568 -0.4699999988079071 0.3100000023841858 0.0 0.09000000357627869 0.0 0.09000000357627869 0.0 -0.4699999988079071 0.0 0.09000000357627869 0.09000000357627869 -0.550000011920929 0.0 0.0 0.0 0.0 0.09000000357627869 -0.27000001072883606 0.09000000357627869 0.09000000357627869 0.09000000357627869 -0.27000001072883606 0.09000000357627869 0.09000000357627869 0.09000000357627869 0.0 0.09000000357627869
269 0.3100000023841858 0.0 0.09000000357627869 0.0 0.0 0.09000000357627869 -0.6600000262260437 0.4300000071525574 0.5099999904632568 -0.5099999904632568 -0.699999988079071 0.4399999976158142 0.6399999856948853 -0.800000011920929 0.46000000834465027 0.46000000834465027 0.0 0.0 0.46000000834465027 0.0 0.09000000357627869 0.0 -0.18000000715255737 0.09000000357627869 0.09000000357627869 -0.5099999904632568 -0.5099999904632568 0.0 0.3100000023841858 0.0 0.09000000357627869 -0.18000000715255737 0.09000000357627869 0.09000000357627869 -0.18000000715255737 0.09000000357627869 0.30000001192092896 0.0 0.0 0.0 0.0 0.0 0.0 -0.18000000715255737 0.09000000357627869 0.09000000357627869 0.0 0.09000000357627869 -0.27000001072883606 0.09000000357627869 -0.27000001072883606 0.09000000357627869 0.09000000357627869 0.0 0.0 -0.4699999988079071 0.0 0.0 0.09000000357627869 0.05000000074505806 0.09000000357627869 0.09000000357627869 -0.6600000262260437 0.4300000071525574 0.5099999904632568 -0.5099999904632568 -0.4699999988079071 0.3100000023841858 0.07000000029802322 0.09000000357627869 -0.2800000011920929 0.09000000357627869 0.0 0.6200000047683716 -0.7599999904632568 -0.7599999904632568 0.0 0.0 0.0 0.0 0.0 0.0 0.0 0.0 0.0 0.0 0.09000000357627869 -0.27000001072883606 0.09000000357627869 0.09000000357627869 0.09000000357627869 -0.27000001072883606 0.09000000357627869 0.09000000357627869 0.09000000357627869 0.0 0.0 0.0 0.0 0.0 0.09000000357627869 -0.18000000715255737 0.09000000357627869 0.09000000357627869 0.0 0.09000000357627869 0.0 0.550000011920929 -0.550000011920929 -0.6200000047683716 0.3199999928474426 0.0 0.5099999904632568 -0.5099999904632568 -0.4699999988079071 0.0 0.0 0.09000000357627869 0.0 0.09000000357627869 -0.27000001072883606 0.09000000357627869 0.09000000357627869 0.09000000357627869 -0.18000000715255737 0.09000000357627869 0.09000000357627869 -0.27000001072883606 0.09000000357627869 0.09000000357627869 0.09000000357627869 0.0 0.0 0.0 0.0 0.0 0.09000000357627869 -0.18000000715255737 0.09000000357627869 0.09000000357627869 0.0 0.0 -0.27000001072883606 0.0 0.09000000357627869 0.09000000357627869 -0.27000001072883606 0.09000000357627869 0.09000000357627869 0.09000000357627869 0.0 0.0 -0.4699999988079071 0.0 0.0 0.0 0.0 0.09000000357627869 0.0 0.0 0.0 -0.5099999904632568 0.0 0.0 0.0 0.09000000357627869 0.0 0.09000000357627869 -0.6600000262260437 0.4300000071525574 -0.27000001072883606 0.09000000357627869 0.09000000357627869 0.09000000357627869 0.5099999904632568 -0.5099999904632568 0.0 0.0 0.0 0.09000000357627869 -0.18000000715255737 0.09000000357627869 0.09000000357627869 0.0 0.09000000357627869 0.09000000357627869 -0.09000000357627869 -0.2199999988079071 0.09000000357627869 0.09000000357627869 0.5099999904632568 -0.5099999904632568 -0.4699999988079071 0.0 0.07000000029802322 0.09000000357627869 -0.18000000715255737 0.09000000357627869 0.09000000357627869 0.5099999904632568 -0.4699999988079071 0.0 0.0 0.09000000357627869 0.0 0.09000000357627869 0.0 0.09000000357627869 0.09000000357627869 0.09000000357627869 -0.27000001072883606 0.09000000357627869 0.09000000357627869 0.0 0.5099999904632568 -0.5099999904632568 0.0 0.0 0.09000000357627869 0.5099999904632568 0.0 0.0 0.0 0.09000000357627869 -0.27000001072883606 0.09000000357627869 0.09000000357627869 0.09000000357627869 0.5099999904632568 -0.5099999904632568 -0.4699999988079071 0.3100000023841858 -0.019999999552965164 0.09000000357627869 0.09000000357627869 0.0 -0.5099999904632568 0.0 0.0 0.09000000357627869 0.09000000357627869 0.0 0.09000000357627869 -0.18000000715255737 0.09000000357627869 0.09000000357627869 -0.18000000715255737 0.09000000357627869 0.09000000357627869 0.5099999904632568 -0.5099999904632568 -0.4699999988079071 0.3100000023841858 -0.019999999552965164 0.09000000357627869 0.09000000357627869 0.5099999904632568 -0.5099999904632568 -0.4699999988079071 0.3100000023841858 0.0 0.09000000357627869 0.0 0.5099999904632568 -0.5099999904632568 -0.4699999988079071 0.3100000023841858 0.0 0.09000000357627869 0.05000000074505806 0.09000000357627869 0.09000000357627869 -0.6600000262260437 0.4300000071525574 -0.550000011920929
27 0.11999999731779099 0.11999999731779099 0.0 0.09000000357627869 0.0 0.0 0.0 0.0 0.09000000357627869 0.09000000357627869 0.5099999904632568 0.0 0.0 0.3100000023841858 0.0 0.0 0.0 0.0 0.0 -0.2800000011920929 0.09000000357627869 0.09000000357627869 0.6200000047683716 -0.7599999904632568 -0.7599999904632568 0.0 -0.5099999904632568 0.0 0.0 0.0 0.09000000357627869 0.0 0.0 0.0 0.0 0.0 0.0 -0.11999999731779099 0.0 0.0 0.11999999731779099 0.0 0.0 0.0 0.0 0.0 0.0 0.0 0.0 0.0 0.0 0.0 0.0 0.0 0.0 0.0 0.0 0.0 0.0 0.0 0.0 0.0 0.0 0.0 0.0 0.0 0.0 0.0 0.0 0.0 0.0 -0.5099999904632568 0.0 0.5099999904632568 0.0 0.0 0.3100000023841858 0.0 0.0 0.0 0.09000000357627869 0.0 -0.18000000715255737 0.09000000357627869 0.09000000357627869 -0.18000000715255737 0.09000000357627869 0.09000000357627869 0.20999999344348907 0.05000000074505806 0.05000000074505806 -0.30000001192092896 0.33000001311302185 0.33000001311302185 0.33000001311302185 0.0 0.0 0.0 0.0 0.0 0.0 0.0 0.0 0.0 0.0 0.0 0.0 0.0 0.0 0.0 0.09000000357627869 0.0 0.0 -0.27000001072883606 0.09000000357627869 0.0 0.09000000357627869 -0.27000001072883606 0.09000000357627869 0.09000000357627869 0.09000000357627869 0.0 0.0 0.0 0.0 0.0 0.0 0.0 0.0 0.0 0.0 0.0 0.0 0.0 0.09000000357627869 0.0 0.0 0.0 0.0 0.0 0.0 0.0 0.09000000357627869 0.0 0.0 0.0 0.0 0.0 0.0 0.0 0.0 0.0 0.0 0.0 0.0 0.09000000357627869 0.0 0.0 0.0 0.0 0.0 0.0 0.0 -0.18000000715255737 0.09000000357627869 0.0 0.0 0.0 0.0 0.0 0.0 0.0 0.0 0.0 0.0 0.0 0.0 0.0 0.0 0.0 0.0 0.0 0.0 0.0 0.0 0.0 0.0 0.0 -0.18000000715255737 0.09000000357627869 0.05000000074505806 0.0 0.0 0.0 0.0 0.0 0.0 0.0 0.0 0.0 0.0 0.0 0.09000000357627869 0.0 0.09000000357627869 0.09000000357627869 0.0 0.09000000357627869 0.0 0.0 0.0 0.0 -0.699999988079071 0.4399999976158142 0.6399999856948853 -0.800000011920929 0.46000000834465027 0.0 -0.800000011920929 0.46000000834465027 0.46000000834465027 0.5099999904632568 -0.5099999904632568 0.0 0.0 0.0 0.0 0.0 0.11999999731779099 0.0 0.11999999731779099 0.0 0.0 -0.18000000715255737 0.09000000357627869 0.09000000357627869 0.0 0.0 0.09000000357627869 0.20000000298023224 0.09000000357627869 0.09000000357627869 -0.699999988079071 0.6399999856948853 -0.800000011920929 0.46000000834465027 0.46000000834465027 -0.800000011920929 0.46000000834465027 0.0 0.0 0.0 0.0 0.0 0.0 0.0 0.0 0.09000000357627869 0.0 0.0 0.0 0.4300000071525574 0.0 0.11999999731779099 0.0 0.0 0.0 0.0 0.0 -0.18000000715255737 0.0 0.09000000357627869 0.0 0.0 0.0 -0.11999999731779099 0.11999999731779099 0.0 0.5099999904632568 0.0 0.0 0.0 0.0 0.0 -0.18000000715255737 0.09000000357627869 0.0 -0.029999999329447746 0.0 0.0 0.0 0.0 0.23999999463558197 0.10999999940395355 -0.25 0.17000000178813934 -0.20000000298023224 0.14000000059604645 -0.27000001072883606 0.0 -0.14000000059604645 0.14000000059604645 0.5099999904632568 0.0 0.0 0.0 0.0 0.0 0.0 0.09000000357627869 0.09000000357627869 0.0 0.0 0.0 -0.09000000357627869 0.0 0.0 0.0 0.0 0.0 -0.5099999904632568 0.0 0.0 0.0 0.09000000357627869 0.0 0.0 0.09000000357627869 0.0 0.09000000357627869 0.0 0.550000011920929 -0.550000011920929 -0.6200000047683716 0.0 0.0 0.5099999904632568 -0.5099999904632568 0.0 0.0 0.0 0.0 0.0 0.09000000357627869 0.09000000357627869 0.0 0.0 0.09000000357627869 0.6200000047683716 -0.7599999904632568 -0.7599999904632568 0.0 -0.5099999904632568 -0.28999999165534973 0.0 0.09000000357627869 0.09000000357627869 0.0 0.09000000357627869 -0.18000000715255737 0.09000000357627869 0.09000000357627869 -0.18000000715255737 0.09000000357627869 0.09000000357627869 0.0 -0.5099999904632568 0.0 0.0 0.0 0.09000000357627869 0.0 0.09000000357627869 0.0 -0.18000000715255737 0.09000000357627869 0.09000000357627869 -0.18000000715255737 0.09000000357627869 0.20999999344348907 0.05000000074505806 0.33000001311302185 0.0 -0.5099999904632568 0.0 0.0 0.0 0.09000000357627869 0.0 0.0 0.0 0.09000000357627869 0.0 0.09000000357627869 0.09000000357627869 -0.18000000715255737 0.09000000357627869 0.09000000357627869 0.550000011920929 -0.550000011920929 -0.6200000047683716 0.3199999928474426 0.0 0.0 0.0 0.0 0.0 0.0 -0.2800000011920929 0.09000000357627869 0.0 0.0 -0.7599999904632568 -0.7599999904632568 0.0 0.0 0.0 0.0 0.0 0.0 0.0 0.0 0.0 0.0 0.0 0.0 0.0 0.4399999976158142 -0.5099999904632568 0.4399999976158142 0.3199999928474426 0.18000000715255737 0.5099999904632568 0.0 0.0 0.09000000357627869 0.0 0.0
270 0.5099999904632568 -0.4699999988079071 0.3100000023841858 -0.019999999552965164 0.09000000357627869 0.09000000357627869 0.5099999904632568 -0.5099999904632568 -0.4699999988079071 0.3100000023841858 0.0 0.09000000357627869 0.0 0.0 0.09000000357627869 -0.6600000262260437 0.4300000071525574 0.5099999904632568 -0.5099999904632568 -0.4699999988079071 0.3100000023841858 0.0 0.09000000357627869 0.09000000357627869 -0.699999988079071 0.4399999976158142 0.6399999856948853 -0.800000011920929 0.46000000834465027 0.0 0.0 0.46000000834465027 -0.5099999904632568 0.0 0.3100000023841858 0.0 0.09000000357627869 -0.18000000715255737 0.09000000357627869 0.09000000357627869 -0.18000000715255737 0.09000000357627869 0.09000000357627869 0.550000011920929 -0.550000011920929 -0.6200000047683716 0.3199999928474426 0.30000001192092896 0.0 0.0 0.0 0.0 0.0 0.0 -0.18000000715255737 0.09000000357627869 0.09000000357627869 0.09000000357627869 0.0 0.0 -0.4699999988079071 0.0 0.0 0.09000000357627869 0.05000000074505806 0.09000000357627869 0.09000000357627869 -0.6600000262260437 0.4300000071525574 0.5099999904632568 -0.5099999904632568 -0.4699999988079071 0.3100000023841858 0.07000000029802322 0.09000000357627869 -0.2800000011920929 0.09000000357627869 0.0 0.6200000047683716 -0.7599999904632568 -0.7599999904632568 0.0 0.0 0.0 0.0 0.0 0.0 0.0 0.0 0.0 0.0 0.09000000357627869 -0.27000001072883606 0.09000000357627869 0.09000000357627869 0.09000000357627869 -0.27000001072883606 0.09000000357627869 0.09000000357627869 0.09000000357627869 0.0 0.0 0.0 0.0 0.0 0.09000000357627869 -0.18000000715255737 0.09000000357627869 0.09000000357627869 0.0 0.09000000357627869 0.0 0.550000011920929 -0.550000011920929 -0.6200000047683716 0.3199999928474426 0.0 0.5099999904632568 -0.5099999904632568 -0.4699999988079071 0.0 0.07000000029802322 0.09000000357627869 0.05000000074505806 0.09000000357627869 0.09000000357627869 -0.6600000262260437 0.4300000071525574 0.5099999904632568 0.0 0.0 0.0 0.0 0.09000000357627869 -0.18000000715255737 0.09000000357627869 0.09000000357627869 0.0 0.0 -0.27000001072883606 0.0 0.09000000357627869 0.09000000357627869 -0.27000001072883606 0.09000000357627869 0.09000000357627869 0.09000000357627869 0.0 0.0 -0.4699999988079071 0.0 0.0 0.0 0.0 0.09000000357627869 0.0 0.0 0.0 -0.5099999904632568 0.0 0.0 0.0 0.09000000357627869 0.0 0.09000000357627869 -0.6600000262260437 0.4300000071525574 -0.27000001072883606 0.09000000357627869 0.09000000357627869 0.09000000357627869 0.5099999904632568 -0.5099999904632568 0.0 0.0 0.0 0.09000000357627869 -0.18000000715255737 0.09000000357627869 0.09000000357627869 0.0 0.09000000357627869 0.09000000357627869 -0.09000000357627869 -0.2199999988079071 0.09000000357627869 0.09000000357627869 0.09000000357627869 0.5099999904632568 -0.5099999904632568 -0.4699999988079071 0.0 0.07000000029802322 0.09000000357627869 -0.18000000715255737 0.09000000357627869 0.09000000357627869 0.550000011920929 -0.550000011920929 -0.6200000047683716 0.3199999928474426 0.30000001192092896 0.5099999904632568 -0.5099999904632568 -0.4699999988079071 0.0 0.0 0.09000000357627869 0.0 0.09000000357627869 0.0 0.09000000357627869 0.09000000357627869 0.09000000357627869 -0.27000001072883606 0.09000000357627869 0.09000000357627869 0.0 0.5099999904632568 -0.5099999904632568 0.0 0.0 0.09000000357627869 0.5099999904632568 0.0 0.0 0.0 -0.27000001072883606 0.09000000357627869 0.09000000357627869 0.09000000357627869 0.5099999904632568 -0.5099999904632568 -0.4699999988079071 -0.019999999552965164 0.09000000357627869 0.0 -0.5099999904632568 0.0 0.0 0.09000000357627869 0.09000000357627869 0.0 0.09000000357627869 -0.18000000715255737 0.09000000357627869 0.09000000357627869 -0.18000000715255737 0.09000000357627869 0.09000000357627869 0.5099999904632568 -0.5099999904632568 -0.4699999988079071 0.3100000023841858 -0.019999999552965164 0.09000000357627869 -0.4699999988079071 0.3100000023841858 0.09000000357627869
271 0.3100000023841858 0.0 -0.18000000715255737 0.09000000357627869 0.09000000357627869 0.0 0.0 -0.27000001072883606 0.09000000357627869 0.0 0.09000000357627869 0.0 0.09000000357627869 0.09000000357627869 0.09000000357627869 0.5099999904632568 -0.5099999904632568 0.09000000357627869 0.09000000357627869 -0.27000001072883606 0.09000000357627869 0.0 0.09000000357627869 0.0 0.09000000357627869 0.0 0.0 0.0 0.0 0.0 -0.18000000715255737 0.09000000357627869 0.0 0.0 0.09000000357627869 -0.18000000715255737 0.09000000357627869 0.20999999344348907 0.05000000074505806 0.05000000074505806 -0.30000001192092896 0.33000001311302185 0.33000001311302185 0.0 0.0 0.0 0.0 0.0 -0.18000000715255737 0.0 0.0 0.0 -0.11999999731779099 0.11999999731779099 0.0 0.0 0.0 0.0 -0.5099999904632568 0.0 0.09000000357627869 0.5099999904632568 -0.5099999904632568 -0.4699999988079071 0.0 0.09000000357627869 0.5099999904632568 -0.5099999904632568 -0.4699999988079071 0.3100000023841858 -0.019999999552965164 0.09000000357627869 0.09000000357627869 0.5099999904632568 -0.5099999904632568 -0.4699999988079071 0.3100000023841858 0.0 0.09000000357627869 0.0 0.0 0.09000000357627869 -0.6600000262260437 0.4300000071525574 0.5099999904632568 -0.5099999904632568 -0.4699999988079071 0.3100000023841858 0.0 0.09000000357627869 0.0 0.09000000357627869 0.09000000357627869 0.0 0.0 0.09000000357627869 -0.18000000715255737 0.09000000357627869 0.09000000357627869 0.0 0.05000000074505806 0.0 -0.30000001192092896 0.33000001311302185 0.33000001311302185 0.33000001311302185 0.0 -0.5099999904632568 0.0 0.3100000023841858 0.0 0.0 0.0 0.09000000357627869 0.0 0.0 0.09000000357627869 0.09000000357627869 0.0 0.09000000357627869 0.09000000357627869 -0.699999988079071 0.4399999976158142 0.6399999856948853 -0.800000011920929 0.46000000834465027 0.46000000834465027 0.0 0.0 0.46000000834465027 0.0 -0.5099999904632568 0.0 0.0 0.0 0.09000000357627869 0.0 -0.27000001072883606 0.09000000357627869 0.09000000357627869 -0.11999999731779099 0.11999999731779099 0.0 0.11999999731779099 0.0 0.11999999731779099 0.09000000357627869 0.0 0.0 0.0 0.0 0.0 0.0 -0.18000000715255737 0.09000000357627869 0.09000000357627869 0.0 0.09000000357627869 -0.27000001072883606 0.09000000357627869 0.09000000357627869 -0.27000001072883606 0.09000000357627869 0.09000000357627869 0.09000000357627869 0.0 0.0 -0.4699999988079071 0.0 0.0 0.09000000357627869 0.05000000074505806 0.09000000357627869 0.09000000357627869 0.5099999904632568 -0.5099999904632568 -0.4699999988079071 0.3100000023841858 0.07000000029802322 0.09000000357627869 -0.2800000011920929 0.09000000357627869 0.0 0.6200000047683716 -0.7599999904632568 -0.7599999904632568 0.0 0.0 0.0 0.0 0.0 0.0 0.0 0.0 0.0 0.0 0.09000000357627869 -0.27000001072883606 0.09000000357627869 0.09000000357627869 0.09000000357627869 -0.27000001072883606 0.09000000357627869 0.09000000357627869 0.09000000357627869 0.0 0.0 0.0 0.0 0.0 0.09000000357627869 -0.18000000715255737 0.09000000357627869 0.09000000357627869 0.0 0.09000000357627869 0.0 0.550000011920929 -0.550000011920929 -0.6200000047683716 0.3199999928474426 0.0 0.5099999904632568 -0.5099999904632568 -0.4699999988079071 0.0 0.07000000029802322 0.09000000357627869 0.05000000074505806 0.09000000357627869 0.09000000357627869 -0.6600000262260437 0.4300000071525574 0.5099999904632568 0.0 -0.4699999988079071 0.0 0.0 0.09000000357627869 0.0 0.09000000357627869 -0.27000001072883606 0.09000000357627869 0.09000000357627869 0.09000000357627869 -0.18000000715255737 0.09000000357627869 0.09000000357627869 -0.27000001072883606 0.09000000357627869 0.09000000357627869 0.09000000357627869 0.0 0.0 -0.4699999988079071 0.0 0.0 0.0 0.0 0.09000000357627869 0.0 0.0 0.0 -0.5099999904632568 0.0 0.0 0.0 0.09000000357627869 0.0 0.09000000357627869 -0.6600000262260437 0.4300000071525574 -0.27000001072883606 0.09000000357627869 0.09000000357627869 0.09000000357627869 0.5099999904632568 -0.5099999904632568 0.0 0.0 0.0 0.09000000357627869 -0.18000000715255737 0.09000000357627869 0.09000000357627869 0.0 0.09000000357627869 0.09000000357627869 -0.09000000357627869 -0.2199999988079071 0.09000000357627869 0.09000000357627869 0.09000000357627869 0.5099999904632568 -0.5099999904632568 -0.4699999988079071 0.0 0.07000000029802322 0.09000000357627869 -0.18000000715255737 0.09000000357627869 0.09000000357627869 0.550000011920929 -0.550000011920929 -0.6200000047683716 0.3199999928474426 0.30000001192092896 0.5099999904632568 -0.5099999904632568 -0.4699999988079071 0.0 0.0 0.09000000357627869 0.0 0.09000000357627869 0.0 0.09000000357627869 0.09000000357627869 0.09000000357627869 -0.27000001072883606 0.09000000357627869 0.09000000357627869 0.0 0.5099999904632568 -0.5099999904632568 0.0 0.0 0.09000000357627869 0.09000000357627869 0.0 0.09000000357627869 -0.18000000715255737 0.09000000357627869 0.09000000357627869 -0.18000000715255737 0.09000000357627869 0.09000000357627869 0.5099999904632568 -0.5099999904632568 0.0 0.0 0.0 0.09000000357627869 -0.27000001072883606 0.09000000357627869 0.09000000357627869 0.09000000357627869 0.5099999904632568 -0.5099999904632568 -0.4699999988079071 0.3100000023841858 -0.019999999552965164 0.09000000357627869 0.09000000357627869 0.0 -0.5099999904632568 0.0 0.0 0.09000000357627869 0.09000000357627869 0.0 0.09000000357627869 -0.18000000715255737 0.09000000357627869 0.09000000357627869 -0.18000000715255737 0.09000000357627869 0.09000000357627869 0.5099999904632568 -0.5099999904632568 -0.4699999988079071 0.3100000023841858 0.3100000023841858 0.09000000357627869 0.09000000357627869
272 0.0 0.0 -0.27000001072883606 0.09000000357627869 0.09000000357627869 0.0 0.09000000357627869 0.09000000357627869 0.09000000357627869 -0.019999999552965164 0.09000000357627869 0.5099999904632568 -0.5099999904632568 -0.4699999988079071 0.0 0.09000000357627869 0.0 0.09000000357627869 -0.6600000262260437 0.4300000071525574 -0.4699999988079071 0.3100000023841858 0.0 0.09000000357627869 0.0 0.0 0.09000000357627869 -0.6600000262260437 0.4300000071525574 0.5099999904632568 -0.5099999904632568 -0.4699999988079071 0.09000000357627869 -0.699999988079071 0.6399999856948853 -0.800000011920929 0.46000000834465027 0.46000000834465027 0.0 0.0 0.46000000834465027 0.0 0.0 0.0 0.0 -0.4699999988079071 0.0 0.09000000357627869 0.05000000074505806 0.09000000357627869 0.5099999904632568 -0.5099999904632568 -0.4699999988079071 0.3100000023841858 0.07000000029802322 0.09000000357627869 -0.2800000011920929 0.0 0.6200000047683716 -0.7599999904632568 0.0 0.0 0.0 0.0 0.0 0.0 0.0 0.0 0.0 0.0 0.09000000357627869 -0.27000001072883606 0.09000000357627869 -0.27000001072883606 0.09000000357627869 0.09000000357627869 0.0 0.0 0.0 0.0 0.0 0.09000000357627869 -0.18000000715255737 0.09000000357627869 0.09000000357627869 0.0 0.09000000357627869 0.0 0.550000011920929 -0.550000011920929 -0.6200000047683716 0.3199999928474426 0.0 0.5099999904632568 -0.5099999904632568 -0.4699999988079071 0.0 0.07000000029802322 0.09000000357627869 0.05000000074505806 0.09000000357627869 0.09000000357627869 -0.6600000262260437 0.4300000071525574 0.5099999904632568 0.0 -0.4699999988079071 0.0 0.0 0.09000000357627869 0.0 0.09000000357627869 -0.27000001072883606 0.09000000357627869 0.09000000357627869 0.09000000357627869 -0.18000000715255737 0.09000000357627869 0.09000000357627869 -0.27000001072883606 0.09000000357627869 0.09000000357627869 0.09000000357627869 0.0 0.0 0.0 0.0 0.0 0.09000000357627869 -0.18000000715255737 0.09000000357627869 0.09000000357627869 0.0 0.0 -0.27000001072883606 0.0 0.09000000357627869 0.09000000357627869 -0.27000001072883606 0.09000000357627869 0.09000000357627869 0.09000000357627869 0.0 0.0 0.0 0.0 0.0 0.09000000357627869 0.0 0.09000000357627869 -0.6600000262260437 0.4300000071525574 -0.27000001072883606 0.09000000357627869 0.09000000357627869 0.09000000357627869 0.5099999904632568 -0.5099999904632568 0.0 0.0 0.0 0.09000000357627869 -0.18000000715255737 0.09000000357627869 0.09000000357627869 0.0 0.09000000357627869 0.09000000357627869 -0.09000000357627869 -0.2199999988079071 0.09000000357627869 0.09000000357627869 0.09000000357627869 0.5099999904632568 -0.5099999904632568 -0.4699999988079071 0.0 0.07000000029802322 0.09000000357627869 -0.18000000715255737 0.09000000357627869 0.09000000357627869 0.550000011920929 -0.550000011920929 -0.6200000047683716 0.3199999928474426 0.30000001192092896 0.5099999904632568 -0.5099999904632568 -0.4699999988079071 0.0 0.0 0.09000000357627869 0.0 0.09000000357627869 0.0 0.09000000357627869 0.09000000357627869 0.09000000357627869 -0.27000001072883606 0.09000000357627869 0.09000000357627869 0.0 0.5099999904632568 -0.5099999904632568 0.0 0.0 0.09000000357627869 0.09000000357627869 0.0 0.09000000357627869 -0.18000000715255737 0.09000000357627869 0.09000000357627869 -0.18000000715255737 0.09000000357627869 0.09000000357627869 0.5099999904632568 -0.5099999904632568 0.0 0.0 0.0 0.09000000357627869 -0.27000001072883606 0.09000000357627869 0.09000000357627869 0.09000000357627869 0.5099999904632568 -0.5099999904632568 -0.4699999988079071 0.3100000023841858 -0.019999999552965164 0.09000000357627869 0.09000000357627869 0.0 -0.5099999904632568 0.0 0.0 0.09000000357627869 0.09000000357627869 0.0 0.09000000357627869 -0.18000000715255737 0.09000000357627869 0.09000000357627869 -0.18000000715255737 0.09000000357627869 0.09000000357627869 0.5099999904632568 -0.5099999904632568 -0.4699999988079071 0.3100000023841858 -0.019999999552965164 0.09000000357627869 0.09000000357627869 0.5099999904632568 -0.5099999904632568 -0.4699999988079071 0.3100000023841858 0.0 0.09000000357627869 0.0 0.5099999904632568 -0.5099999904632568 -0.4699999988079071 0.3100000023841858 0.0 0.09000000357627869 0.05000000074505806 0.09000000357627869 0.09000000357627869 -0.6600000262260437 0.5099999904632568 0.09000000357627869 0.09000000357627869 0.0 -0.550000011920929 -0.6200000047683716 0.3199999928474426 -0.27000001072883606 0.09000000357627869 0.09000000357627869 0.09000000357627869 0.09000000357627869 0.09000000357627869 0.30000001192092896
273 0.3100000023841858 0.0 0.0 0.09000000357627869 -0.6600000262260437 0.4300000071525574 0.5099999904632568 -0.5099999904632568 -0.4699999988079071 0.07000000029802322 0.09000000357627869 -0.2800000011920929 0.6200000047683716 -0.7599999904632568 -0.7599999904632568 0.0 0.0 0.0 0.0 0.0 0.0 0.0 0.0 0.0 0.09000000357627869 0.09000000357627869 0.0 0.0 0.0 0.0 0.0 0.09000000357627869 -0.18000000715255737 0.09000000357627869 0.09000000357627869 0.0 0.09000000357627869 0.0 0.5099999904632568 -0.5099999904632568 -0.4699999988079071 0.0 0.07000000029802322 0.09000000357627869 0.05000000074505806 0.09000000357627869 0.09000000357627869 -0.6600000262260437 0.4300000071525574 0.5099999904632568 0.0 -0.4699999988079071 0.0 0.0 0.09000000357627869 0.0 0.09000000357627869 -0.27000001072883606 0.09000000357627869 0.09000000357627869 0.09000000357627869 -0.18000000715255737 0.09000000357627869 0.09000000357627869 -0.27000001072883606 0.09000000357627869 0.09000000357627869 0.09000000357627869 0.0 0.0 0.0 0.0 0.0 0.09000000357627869 -0.18000000715255737 0.09000000357627869 0.09000000357627869 0.0 0.0 -0.27000001072883606 0.0 0.09000000357627869 0.09000000357627869 -0.27000001072883606 0.09000000357627869 0.09000000357627869 0.09000000357627869 0.0 0.0 -0.4699999988079071 0.0 0.0 0.0 0.0 0.09000000357627869 0.0 0.0 0.0 -0.5099999904632568 0.0 0.0 0.0 0.09000000357627869 -0.18000000715255737 0.09000000357627869 0.09000000357627869 0.0 0.09000000357627869 0.09000000357627869 -0.09000000357627869 -0.2199999988079071 0.09000000357627869 0.09000000357627869 0.09000000357627869 0.5099999904632568 -0.5099999904632568 -0.4699999988079071 0.0 0.07000000029802322 0.09000000357627869 -0.18000000715255737 0.09000000357627869 0.09000000357627869 0.550000011920929 -0.550000011920929 -0.6200000047683716 0.3199999928474426 0.30000001192092896 0.5099999904632568 -0.5099999904632568 -0.4699999988079071 0.0 0.0 0.09000000357627869 0.0 0.09000000357627869 0.0 0.09000000357627869 0.09000000357627869 0.09000000357627869 -0.27000001072883606 0.09000000357627869 0.09000000357627869 0.0 0.5099999904632568 -0.5099999904632568 0.0 0.0 0.09000000357627869 0.09000000357627869 0.0 0.09000000357627869 -0.18000000715255737 0.09000000357627869 0.09000000357627869 -0.18000000715255737 0.09000000357627869 0.5099999904632568 -0.5099999904632568 0.0 0.0 0.0 0.09000000357627869 -0.27000001072883606 0.09000000357627869 0.09000000357627869 0.09000000357627869 0.5099999904632568 -0.5099999904632568 -0.4699999988079071 0.3100000023841858 -0.019999999552965164 0.09000000357627869 0.09000000357627869 0.0 -0.5099999904632568 0.0 0.0 0.09000000357627869 0.09000000357627869 0.0 0.09000000357627869 -0.18000000715255737 0.09000000357627869 0.09000000357627869 -0.18000000715255737 0.09000000357627869 0.09000000357627869 0.5099999904632568 -0.5099999904632568 -0.4699999988079071 0.3100000023841858 -0.019999999552965164 0.09000000357627869 0.09000000357627869 -0.4699999988079071 0.3100000023841858 0.09000000357627869
274 -0.019999999552965164 0.09000000357627869 0.09000000357627869 0.5099999904632568 -0.4699999988079071 0.3100000023841858 0.0 0.09000000357627869 0.0 0.0 0.09000000357627869 -0.6600000262260437 0.4300000071525574 0.5099999904632568 -0.5099999904632568 -0.4699999988079071 0.3100000023841858 0.0 0.09000000357627869 0.0 0.09000000357627869 0.09000000357627869 0.09000000357627869 -0.019999999552965164 0.09000000357627869 0.09000000357627869 -0.7599999904632568 0.0 0.0 0.0 0.0 0.0 0.0 0.0 -0.27000001072883606 0.09000000357627869 0.09000000357627869 0.09000000357627869 0.0 0.0 0.0 0.0 0.0 0.09000000357627869 -0.18000000715255737 0.09000000357627869 0.09000000357627869 0.09000000357627869 0.5099999904632568 -0.5099999904632568 -0.4699999988079071 0.0 0.07000000029802322 0.09000000357627869 0.05000000074505806 0.09000000357627869 0.09000000357627869 -0.6600000262260437 0.4300000071525574 0.5099999904632568 0.0 -0.4699999988079071 0.0 0.0 0.09000000357627869 0.0 0.09000000357627869 -0.27000001072883606 0.09000000357627869 0.09000000357627869 0.09000000357627869 -0.18000000715255737 0.09000000357627869 0.09000000357627869 -0.27000001072883606 0.09000000357627869 0.09000000357627869 0.09000000357627869 0.0 0.0 0.0 0.0 0.0 0.09000000357627869 -0.18000000715255737 0.09000000357627869 0.09000000357627869 0.0 0.0 -0.27000001072883606 0.0 0.09000000357627869 0.09000000357627869 -0.27000001072883606 0.09000000357627869 0.09000000357627869 0.09000000357627869 0.0 0.0 -0.4699999988079071 0.0 0.0 0.0 0.0 0.09000000357627869 0.0 0.0 0.0 -0.5099999904632568 0.0 0.0 0.0 0.09000000357627869 0.0 0.09000000357627869 -0.6600000262260437 0.4300000071525574 -0.27000001072883606 0.09000000357627869 0.09000000357627869 0.09000000357627869 0.5099999904632568 -0.5099999904632568 -0.4699999988079071 0.0 0.07000000029802322 0.09000000357627869 -0.18000000715255737 0.09000000357627869 0.09000000357627869 0.550000011920929 -0.550000011920929 -0.6200000047683716 0.3199999928474426 0.30000001192092896 0.5099999904632568 -0.5099999904632568 -0.4699999988079071 0.0 0.0 0.09000000357627869 0.0 0.09000000357627869 0.0 0.09000000357627869 0.09000000357627869 0.09000000357627869 -0.27000001072883606 0.09000000357627869 0.09000000357627869 0.0 0.5099999904632568 -0.5099999904632568 0.0 0.0 0.09000000357627869 0.09000000357627869 0.0 0.09000000357627869 -0.18000000715255737 0.09000000357627869 0.09000000357627869 -0.18000000715255737 0.09000000357627869 0.09000000357627869 0.5099999904632568 -0.5099999904632568 0.0 0.0 0.0 0.09000000357627869 -0.27000001072883606 0.09000000357627869 0.09000000357627869 0.09000000357627869 0.5099999904632568 -0.5099999904632568 -0.4699999988079071 0.3100000023841858 -0.019999999552965164 0.09000000357627869 0.0 -0.5099999904632568 0.0 0.0 0.09000000357627869 0.09000000357627869 0.0 0.09000000357627869 -0.18000000715255737 0.09000000357627869 0.09000000357627869 -0.18000000715255737 0.09000000357627869 0.09000000357627869 0.5099999904632568
275 -0.6600000262260437 -0.4699999988079071 0.3100000023841858 0.0 -0.18000000715255737 0.09000000357627869 0.09000000357627869 0.0 0.0 -0.27000001072883606 0.09000000357627869 0.0 0.09000000357627869 0.0 0.09000000357627869 0.09000000357627869 0.09000000357627869 0.0 -0.5099999904632568 0.09000000357627869 0.0 -0.4699999988079071 0.3100000023841858 -0.019999999552965164 0.0 0.09000000357627869 0.5099999904632568 -0.5099999904632568 -0.4699999988079071 0.09000000357627869 -0.019999999552965164 0.09000000357627869 0.09000000357627869 0.5099999904632568 -0.4699999988079071 0.3100000023841858 0.0 0.09000000357627869 0.0 0.0 0.09000000357627869 -0.6600000262260437 0.4300000071525574 0.5099999904632568 -0.5099999904632568 -0.4699999988079071 0.3100000023841858 0.0 0.09000000357627869 0.0 0.09000000357627869 0.09000000357627869 0.0 0.0 0.09000000357627869 -0.18000000715255737 0.09000000357627869 0.09000000357627869 0.0 0.05000000074505806 0.0 -0.30000001192092896 0.33000001311302185 0.33000001311302185 0.33000001311302185 0.0 -0.5099999904632568 0.0 0.3100000023841858 0.0 0.09000000357627869 0.09000000357627869 0.0 -0.5099999904632568 -0.27000001072883606 0.09000000357627869 0.09000000357627869 0.0 0.0 0.0 0.0 0.0 0.09000000357627869 0.09000000357627869 0.5099999904632568 -0.5099999904632568 -0.4699999988079071 0.0 0.07000000029802322 0.09000000357627869 0.5099999904632568 0.0 -0.4699999988079071 0.0 0.0 0.09000000357627869 0.0 0.09000000357627869 -0.27000001072883606 0.09000000357627869 0.09000000357627869 0.09000000357627869 -0.18000000715255737 0.09000000357627869 0.09000000357627869 0.0 0.0 0.0 0.0 0.0 0.09000000357627869 -0.18000000715255737 0.09000000357627869 0.09000000357627869 0.0 0.0 -0.27000001072883606 0.0 0.09000000357627869 0.09000000357627869 -0.27000001072883606 0.09000000357627869 0.09000000357627869 0.09000000357627869 0.0 0.0 -0.4699999988079071 0.0 0.0 0.0 0.0 0.09000000357627869 0.0 0.0 0.0 -0.5099999904632568 0.0 0.0 0.0 0.09000000357627869 0.0 0.09000000357627869 -0.6600000262260437 0.4300000071525574 -0.27000001072883606 0.09000000357627869 0.09000000357627869 0.09000000357627869 0.5099999904632568 -0.5099999904632568 0.0 0.0 0.0 0.09000000357627869 -0.18000000715255737 0.09000000357627869 0.09000000357627869 0.0 0.09000000357627869 0.09000000357627869 -0.09000000357627869 -0.2199999988079071 0.09000000357627869 0.09000000357627869 0.09000000357627869 0.5099999904632568 -0.5099999904632568 -0.4699999988079071 0.0 0.0 0.09000000357627869 0.0 0.09000000357627869 0.0 0.09000000357627869 0.09000000357627869 0.09000000357627869 -0.27000001072883606 0.09000000357627869 0.09000000357627869 0.0 0.5099999904632568 -0.5099999904632568 0.0 0.0 0.09000000357627869 0.09000000357627869 0.0 0.09000000357627869 -0.18000000715255737 0.09000000357627869 0.09000000357627869 -0.18000000715255737 0.09000000357627869 0.09000000357627869 0.5099999904632568 -0.5099999904632568 0.0 0.0 0.0 0.09000000357627869 -0.27000001072883606 0.09000000357627869 0.09000000357627869 0.09000000357627869 0.5099999904632568 -0.5099999904632568 -0.4699999988079071 0.3100000023841858 -0.019999999552965164 0.09000000357627869 0.0 -0.5099999904632568 0.0 0.0 0.09000000357627869 0.0 0.09000000357627869 -0.18000000715255737 0.09000000357627869 0.09000000357627869
276 0.0 0.09000000357627869 -0.6600000262260437 0.0 0.0 -0.4699999988079071 0.3100000023841858 0.0 0.0 -0.18000000715255737 0.09000000357627869 0.09000000357627869 0.0 0.0 -0.27000001072883606 0.09000000357627869 0.0 0.09000000357627869 0.0 0.09000000357627869 0.09000000357627869 0.09000000357627869 0.0 -0.5099999904632568 0.0 0.0 0.0 0.09000000357627869 0.0 0.09000000357627869 0.09000000357627869 0.0 0.09000000357627869 0.0 0.0 -0.5099999904632568 -0.4699999988079071 0.3100000023841858 -0.019999999552965164 0.0 0.09000000357627869 0.5099999904632568 -0.5099999904632568 -0.4699999988079071 0.3100000023841858 0.0 0.09000000357627869 0.0 0.09000000357627869 -0.6600000262260437 0.4300000071525574 -0.27000001072883606 0.09000000357627869 0.09000000357627869 0.0 0.0 -0.5099999904632568 0.0 0.0 0.0 0.09000000357627869 0.09000000357627869 0.0 0.0 0.0 0.3100000023841858 0.0 0.0 0.0 -0.27000001072883606 0.09000000357627869 0.0 0.09000000357627869 0.5099999904632568 -0.4699999988079071 0.3100000023841858 0.0 0.09000000357627869 0.0 0.0 0.09000000357627869 -0.6600000262260437 0.4300000071525574 0.5099999904632568 -0.5099999904632568 -0.4699999988079071 0.3100000023841858 0.0 0.09000000357627869 0.0 0.09000000357627869 0.09000000357627869 0.0 0.0 0.09000000357627869 -0.18000000715255737 0.09000000357627869 0.09000000357627869 0.0 0.0 -0.30000001192092896 0.33000001311302185 0.33000001311302185 0.33000001311302185 0.0 -0.5099999904632568 0.0 0.3100000023841858 0.0 0.0 0.0 0.09000000357627869 0.0 0.0 0.09000000357627869 0.09000000357627869 0.0 0.09000000357627869 0.09000000357627869 -0.699999988079071 0.4399999976158142 0.6399999856948853 -0.800000011920929 0.46000000834465027 0.46000000834465027 0.0 0.0 0.46000000834465027 0.0 -0.5099999904632568 -0.27000001072883606 0.09000000357627869 0.09000000357627869 0.11999999731779099 0.11999999731779099 0.0 0.11999999731779099 0.0 0.0 0.0 0.0 0.0 0.0 0.0 0.0 0.0 0.0 0.0 0.09000000357627869 -0.18000000715255737 0.09000000357627869 0.09000000357627869 0.0 0.09000000357627869 0.0 0.550000011920929 -0.550000011920929 -0.6200000047683716 0.0 0.5099999904632568 -0.5099999904632568 -0.4699999988079071 0.0 0.07000000029802322 0.09000000357627869 0.05000000074505806 0.09000000357627869 0.09000000357627869 -0.6600000262260437 0.5099999904632568 0.0 -0.4699999988079071 0.0 0.0 0.09000000357627869 0.0 0.09000000357627869 -0.27000001072883606 0.09000000357627869 0.09000000357627869 0.09000000357627869 0.0 0.0 0.0 0.0 0.0 0.09000000357627869 -0.18000000715255737 0.09000000357627869 0.09000000357627869 0.0 0.0 -0.27000001072883606 0.0 0.09000000357627869 0.09000000357627869 -0.27000001072883606 0.09000000357627869 0.09000000357627869 0.09000000357627869 0.0 0.0 -0.4699999988079071 0.0 0.0 0.0 0.0 0.09000000357627869 0.0 0.0 0.0 -0.5099999904632568 0.0 0.0 0.0 0.09000000357627869 0.0 0.09000000357627869 -0.6600000262260437 0.4300000071525574 -0.27000001072883606 0.09000000357627869 0.09000000357627869 0.09000000357627869 0.5099999904632568 -0.5099999904632568 0.0 0.0 0.0 0.09000000357627869 -0.18000000715255737 0.09000000357627869 0.09000000357627869 0.0 0.09000000357627869 0.09000000357627869 -0.09000000357627869 -0.2199999988079071 0.09000000357627869 0.09000000357627869 0.09000000357627869 0.5099999904632568 -0.5099999904632568 -0.4699999988079071 0.0 0.07000000029802322 0.09000000357627869 -0.18000000715255737 0.09000000357627869 0.09000000357627869 0.550000011920929 -0.550000011920929 -0.6200000047683716 0.3199999928474426 0.30000001192092896 0.5099999904632568 -0.5099999904632568 0.0 0.0 0.09000000357627869 0.09000000357627869 0.0 0.09000000357627869 -0.18000000715255737 0.09000000357627869 0.09000000357627869 -0.18000000715255737 0.09000000357627869 0.09000000357627869 0.5099999904632568 -0.5099999904632568 0.0 0.0 0.0 0.09000000357627869 -0.27000001072883606 0.09000000357627869 0.09000000357627869 0.09000000357627869 0.5099999904632568 -0.5099999904632568 -0.4699999988079071 0.3100000023841858 -0.019999999552965164 0.09000000357627869 0.09000000357627869 0.0 -0.5099999904632568 0.0 0.0 0.09000000357627869 0.09000000357627869 0.0 0.09000000357627869 -0.18000000715255737 0.09000000357627869 0.09000000357627869 -0.18000000715255737 0.09000000357627869 0.09000000357627869 0.5099999904632568 -0.4699999988079071 0.3100000023841858 -0.4699999988079071 0.3100000023841858 0.0 0.09000000357627869 0.5099999904632568 -0.5099999904632568 0.09000000357627869 -0.550000011920929 -0.27000001072883606 0.09000000357627869 0.09000000357627869 -0.27000001072883606 0.09000000357627869 0.09000000357627869 0.09000000357627869 0.0 -0.18000000715255737 0.09000000357627869 0.09000000357627869 -0.18000000715255737 0.09000000357627869 0.09000000357627869 -0.550000011920929 -0.18000000715255737 0.09000000357627869 0.09000000357627869 0.550000011920929 -0.6200000047683716 0.3199999928474426 0.30000001192092896
277 -0.6600000262260437 0.0 -0.4699999988079071 0.3100000023841858 0.0 0.0 -0.18000000715255737 0.09000000357627869 0.09000000357627869 0.0 0.0 -0.27000001072883606 0.09000000357627869 0.0 0.09000000357627869 0.0 0.09000000357627869 0.09000000357627869 0.09000000357627869 0.0 -0.5099999904632568 0.0 0.0 0.0 0.09000000357627869 0.0 0.09000000357627869 0.09000000357627869 0.0 0.09000000357627869 0.0 0.09000000357627869 0.0 -0.5099999904632568 -0.4699999988079071 0.3100000023841858 -0.019999999552965164 0.0 0.09000000357627869 0.5099999904632568 -0.5099999904632568 -0.4699999988079071 0.3100000023841858 0.0 0.09000000357627869 0.0 0.09000000357627869 -0.6600000262260437 0.4300000071525574 -0.27000001072883606 0.09000000357627869 0.09000000357627869 0.0 0.0 -0.5099999904632568 0.0 0.0 0.0 0.09000000357627869 0.0 0.09000000357627869 -0.6600000262260437 0.0 0.0 0.0 0.09000000357627869 0.5099999904632568 -0.5099999904632568 0.09000000357627869 0.0 0.0 0.0 0.0 0.0 0.0 0.09000000357627869 -0.18000000715255737 0.09000000357627869 0.09000000357627869 0.0 -0.27000001072883606 0.09000000357627869 0.09000000357627869 -0.27000001072883606 0.09000000357627869 0.09000000357627869 0.09000000357627869 0.0 0.0 -0.4699999988079071 0.0 0.0 0.0 0.0 0.09000000357627869 0.0 0.0 0.0 -0.5099999904632568 0.0 0.0 0.0 0.09000000357627869 0.0 0.09000000357627869 -0.6600000262260437 0.4300000071525574 -0.27000001072883606 0.09000000357627869 0.09000000357627869 0.5099999904632568 -0.5099999904632568 0.0 0.0 0.0 0.09000000357627869 -0.18000000715255737 0.09000000357627869 0.09000000357627869 0.5099999904632568 -0.5099999904632568 -0.4699999988079071 0.0 0.07000000029802322 0.09000000357627869 -0.18000000715255737 0.09000000357627869 0.09000000357627869 0.550000011920929 -0.550000011920929 -0.6200000047683716 0.3199999928474426 0.30000001192092896 0.5099999904632568 -0.5099999904632568 -0.4699999988079071 0.0 0.0 0.09000000357627869 0.0 0.09000000357627869 0.0 0.09000000357627869 0.09000000357627869 0.09000000357627869 -0.27000001072883606 0.09000000357627869 0.09000000357627869 0.0 0.5099999904632568 -0.5099999904632568 0.0 0.0 0.0 0.09000000357627869 -0.27000001072883606 0.09000000357627869 0.09000000357627869 0.09000000357627869 0.5099999904632568 -0.5099999904632568 -0.4699999988079071 0.3100000023841858 -0.019999999552965164 0.09000000357627869 0.09000000357627869 0.0 -0.5099999904632568 0.0 0.0 0.09000000357627869 0.09000000357627869 0.0 0.09000000357627869 -0.18000000715255737 0.09000000357627869 -0.18000000715255737 0.09000000357627869 0.09000000357627869 0.5099999904632568 -0.4699999988079071 0.3100000023841858 -0.4699999988079071 0.3100000023841858 0.0 0.09000000357627869 0.0 0.5099999904632568 -0.5099999904632568 -0.18000000715255737 0.09000000357627869 0.09000000357627869 0.0 0.0 -0.550000011920929 -0.6200000047683716 0.3199999928474426 -0.27000001072883606 0.09000000357627869 0.09000000357627869 0.09000000357627869 0.0 0.0 0.09000000357627869 -0.18000000715255737 0.09000000357627869 0.09000000357627869 -0.18000000715255737 0.09000000357627869 0.09000000357627869 0.0 0.09000000357627869 0.0 0.0 0.09000000357627869 0.09000000357627869 0.6200000047683716 -0.7599999904632568 -0.7599999904632568 0.5099999904632568 -0.28999999165534973 0.0 0.09000000357627869 0.09000000357627869 0.0 0.0 -0.18000000715255737 0.09000000357627869 0.09000000357627869 -0.18000000715255737 0.09000000357627869 0.09000000357627869 0.0 0.0 0.0 0.0 0.0 0.09000000357627869 0.0 0.0 0.09000000357627869 0.09000000357627869 0.30000001192092896 0.5099999904632568 -0.5099999904632568 0.0 0.0 0.0 -0.18000000715255737 0.09000000357627869 0.09000000357627869 0.0 0.550000011920929 -0.550000011920929 0.5099999904632568 -0.5099999904632568 -0.4699999988079071 0.0 0.0 0.09000000357627869 0.0 0.09000000357627869 0.09000000357627869 -0.18000000715255737 0.09000000357627869 0.09000000357627869 0.550000011920929 -0.550000011920929 -0.6200000047683716 0.3199999928474426 0.30000001192092896 0.0 -0.5099999904632568 -0.4699999988079071 0.0 0.0 0.09000000357627869 0.09000000357627869 -0.2199999988079071 0.09000000357627869 0.09000000357627869 0.09000000357627869
278 0.0 0.0 -0.18000000715255737 0.09000000357627869 0.09000000357627869 0.0 0.0 -0.27000001072883606 0.09000000357627869 0.0 0.09000000357627869 0.0 0.09000000357627869 0.09000000357627869 0.09000000357627869 0.0 -0.5099999904632568 0.0 0.0 0.0 0.09000000357627869 0.0 -0.5099999904632568 -0.4699999988079071 0.3100000023841858 -0.019999999552965164 0.0 0.09000000357627869 0.5099999904632568 -0.5099999904632568 -0.4699999988079071 0.3100000023841858 0.0 0.09000000357627869 0.0 0.09000000357627869 -0.6600000262260437 0.4300000071525574 -0.27000001072883606 0.09000000357627869 0.09000000357627869 0.0 0.0 -0.5099999904632568 0.0 0.0 0.0 0.09000000357627869 0.0 0.09000000357627869 -0.6600000262260437 0.0 0.0 0.0 0.3100000023841858 -0.27000001072883606 0.0 0.09000000357627869 0.0 0.4300000071525574 0.46000000834465027 0.09000000357627869 -0.5099999904632568 0.0 0.0 0.0 0.0 0.0 0.0 0.09000000357627869 -0.18000000715255737 0.09000000357627869 0.09000000357627869 0.0 0.09000000357627869 0.0 0.550000011920929 -0.550000011920929 -0.6200000047683716 0.3199999928474426 0.0 0.5099999904632568 -0.5099999904632568 -0.4699999988079071 0.0 0.07000000029802322 0.09000000357627869 0.05000000074505806 0.09000000357627869 0.09000000357627869 -0.6600000262260437 0.4300000071525574 0.5099999904632568 0.0 -0.4699999988079071 0.0 0.0 0.09000000357627869 0.0 0.09000000357627869 0.0 0.0 0.0 0.0 0.0 0.09000000357627869 -0.18000000715255737 0.09000000357627869 0.09000000357627869 0.0 0.0 -0.27000001072883606 0.0 0.09000000357627869 0.09000000357627869 -0.27000001072883606 0.09000000357627869 0.09000000357627869 0.09000000357627869 0.0 0.0 -0.4699999988079071 0.0 0.0 0.0 0.0 0.09000000357627869 0.0 0.0 0.0 -0.5099999904632568 0.0 0.0 0.0 0.09000000357627869 0.0 0.09000000357627869 -0.6600000262260437 0.4300000071525574 -0.27000001072883606 0.09000000357627869 0.09000000357627869 0.09000000357627869 0.5099999904632568 -0.5099999904632568 0.0 0.0 0.0 0.09000000357627869 -0.18000000715255737 0.09000000357627869 0.09000000357627869 0.0 0.09000000357627869 0.09000000357627869 0.5099999904632568 -0.5099999904632568 -0.4699999988079071 0.0 0.07000000029802322 0.09000000357627869 -0.18000000715255737 0.09000000357627869 0.09000000357627869 0.550000011920929 -0.550000011920929 -0.6200000047683716 0.3199999928474426 0.30000001192092896 0.5099999904632568 -0.5099999904632568 -0.4699999988079071 0.0 0.0 0.09000000357627869 0.0 0.09000000357627869 0.0 0.09000000357627869 0.09000000357627869 0.09000000357627869 -0.27000001072883606 0.09000000357627869 0.09000000357627869 0.0 0.5099999904632568 -0.5099999904632568 0.0 0.0 0.09000000357627869 0.09000000357627869 0.0 0.09000000357627869 -0.18000000715255737 0.09000000357627869 0.09000000357627869 -0.18000000715255737 0.09000000357627869 0.09000000357627869 0.5099999904632568 -0.5099999904632568 -0.4699999988079071 0.3100000023841858 -0.019999999552965164 0.09000000357627869 0.09000000357627869 0.0 -0.5099999904632568 0.0 0.0 0.09000000357627869 0.09000000357627869 0.0 0.09000000357627869 -0.18000000715255737 0.09000000357627869 0.09000000357627869 -0.18000000715255737 0.09000000357627869 0.09000000357627869 0.5099999904632568 -0.5099999904632568 -0.4699999988079071 0.3100000023841858 -0.019999999552965164 0.09000000357627869 0.09000000357627869 0.5099999904632568 -0.5099999904632568 -0.4699999988079071 0.3100000023841858 0.0 0.09000000357627869 0.0 0.5099999904632568 -0.5099999904632568 -0.4699999988079071 0.3100000023841858 0.0 0.09000000357627869 0.05000000074505806 0.09000000357627869 0.09000000357627869 -0.6600000262260437 0.4300000071525574 0.5099999904632568 -0.5099999904632568 -0.4699999988079071 0.3100000023841858 0.0 0.0 -0.4699999988079071 0.0 0.0 0.09000000357627869 -0.18000000715255737 0.09000000357627869 0.09000000357627869 0.0 0.09000000357627869 0.09000000357627869 0.0 -0.550000011920929 -0.6200000047683716 0.3199999928474426 0.30000001192092896 0.5099999904632568 -0.5099999904632568 0.0 0.0 0.0 0.09000000357627869 0.0 0.09000000357627869 -0.27000001072883606 0.09000000357627869 0.09000000357627869 0.09000000357627869 -0.27000001072883606 0.09000000357627869 0.09000000357627869 0.09000000357627869 0.09000000357627869 0.09000000357627869 -0.18000000715255737 0.09000000357627869 0.09000000357627869 0.6200000047683716 -0.7599999904632568 -0.7599999904632568 0.0 0.0 -0.18000000715255737 0.09000000357627869 0.09000000357627869 -0.18000000715255737 0.09000000357627869 0.09000000357627869 0.0 0.0 0.0 0.09000000357627869 0.0 0.0 0.0 0.0 -0.18000000715255737 0.09000000357627869 0.09000000357627869 0.0 0.550000011920929 -0.550000011920929 0.3199999928474426 0.5099999904632568 -0.5099999904632568 -0.4699999988079071 0.0 0.0 0.09000000357627869 0.0 0.09000000357627869 0.09000000357627869 -0.18000000715255737 0.09000000357627869 0.09000000357627869 0.550000011920929 -0.550000011920929 -0.6200000047683716 0.3199999928474426 0.30000001192092896 0.0 -0.5099999904632568 -0.4699999988079071 0.0 0.0 0.0 0.09000000357627869 0.0 0.5099999904632568 0.0 0.09000000357627869 -0.2199999988079071 0.09000000357627869 0.09000000357627869 0.09000000357627869
279 0.09000000357627869 -0.019999999552965164 0.0 0.09000000357627869 0.5099999904632568 -0.5099999904632568 -0.4699999988079071 0.3100000023841858 0.0 0.09000000357627869 0.0 0.09000000357627869 -0.6600000262260437 0.4300000071525574 -0.27000001072883606 0.09000000357627869 0.09000000357627869 0.0 0.0 -0.5099999904632568 0.0 0.09000000357627869 0.09000000357627869 0.5099999904632568 -0.5099999904632568 0.0 0.0 0.0 0.0 0.0 0.0 0.09000000357627869 -0.18000000715255737 0.09000000357627869 0.09000000357627869 0.0 0.09000000357627869 0.0 0.550000011920929 -0.550000011920929 0.5099999904632568 -0.5099999904632568 -0.4699999988079071 0.0 0.07000000029802322 0.09000000357627869 0.05000000074505806 0.09000000357627869 0.09000000357627869 -0.6600000262260437 0.4300000071525574 0.5099999904632568 0.0 -0.4699999988079071 0.0 0.0 0.09000000357627869 0.0 0.0 0.0 0.0 0.0 0.09000000357627869 -0.18000000715255737 0.09000000357627869 0.09000000357627869 0.0 0.0 -0.4699999988079071 0.0 0.0 0.0 0.0 0.09000000357627869 0.0 0.0 0.0 -0.5099999904632568 0.0 0.0 0.0 0.09000000357627869 0.0 0.09000000357627869 -0.6600000262260437 0.4300000071525574 -0.27000001072883606 0.09000000357627869 0.09000000357627869 0.09000000357627869 0.5099999904632568 -0.5099999904632568 0.0 0.0 0.0 -0.4699999988079071 0.0 0.5099999904632568 -0.5099999904632568 -0.4699999988079071 0.0 0.0 0.09000000357627869 0.0 0.09000000357627869 0.0 0.09000000357627869 0.09000000357627869 0.09000000357627869 -0.27000001072883606 0.09000000357627869 0.09000000357627869 0.0 0.5099999904632568 -0.5099999904632568 0.0 0.0 0.09000000357627869 0.09000000357627869 0.0 0.09000000357627869 -0.18000000715255737 0.09000000357627869 0.09000000357627869 -0.18000000715255737 0.09000000357627869 0.09000000357627869 0.5099999904632568 -0.5099999904632568 0.0 0.0 0.0 0.09000000357627869 -0.27000001072883606 0.09000000357627869 0.09000000357627869 0.09000000357627869 0.5099999904632568 -0.5099999904632568 0.0 0.0 0.09000000357627869 0.09000000357627869 0.0 0.09000000357627869 -0.18000000715255737 0.09000000357627869 0.09000000357627869 -0.18000000715255737 0.09000000357627869 0.09000000357627869 0.5099999904632568 -0.5099999904632568 -0.4699999988079071 0.3100000023841858 -0.019999999552965164 0.09000000357627869 0.09000000357627869 0.5099999904632568 -0.5099999904632568 -0.4699999988079071 0.3100000023841858 0.0 0.09000000357627869 0.0 0.5099999904632568 -0.5099999904632568 -0.4699999988079071 0.3100000023841858 0.0 0.09000000357627869 0.05000000074505806 0.09000000357627869 0.09000000357627869 -0.6600000262260437 0.4300000071525574 0.5099999904632568 -0.5099999904632568 -0.4699999988079071 0.3100000023841858 0.0 0.0 0.09000000357627869 0.09000000357627869 0.0 -0.4699999988079071 0.0 0.0 0.09000000357627869 -0.18000000715255737 0.09000000357627869 0.09000000357627869 0.0 0.09000000357627869 0.09000000357627869 0.0 -0.550000011920929 -0.6200000047683716 0.3199999928474426 0.30000001192092896 0.5099999904632568 -0.5099999904632568 0.0 0.0 0.0 0.09000000357627869 0.0 0.09000000357627869 -0.27000001072883606 0.09000000357627869 0.09000000357627869 0.09000000357627869 0.09000000357627869 -0.5099999904632568 0.0 -0.28999999165534973 0.0 0.0 0.09000000357627869 0.0 0.09000000357627869 -0.18000000715255737 0.09000000357627869 0.09000000357627869 -0.18000000715255737 0.09000000357627869 0.09000000357627869 0.6200000047683716 -0.7599999904632568 -0.7599999904632568 0.0 -0.18000000715255737 0.09000000357627869 0.09000000357627869 0.0 0.0 0.09000000357627869 0.0 0.0 -0.18000000715255737 0.09000000357627869 0.09000000357627869 -0.550000011920929 0.5099999904632568 -0.5099999904632568 -0.4699999988079071 0.0 0.0 0.09000000357627869 0.0 0.09000000357627869 0.09000000357627869 -0.18000000715255737 0.09000000357627869 0.09000000357627869 0.550000011920929 -0.550000011920929 -0.6200000047683716 0.3199999928474426 0.30000001192092896 0.0 -0.5099999904632568 -0.4699999988079071 0.0 0.0 0.0 0.0 0.09000000357627869 0.0 0.5099999904632568 -0.5099999904632568 0.0 0.0 0.0 0.09000000357627869 0.0 0.0 0.09000000357627869 0.09000000357627869 -0.09000000357627869 -0.2199999988079071 0.09000000357627869 0.09000000357627869 0.09000000357627869 -0.27000001072883606 0.09000000357627869 0.09000000357627869 0.09000000357627869
28 0.0 0.0 0.0 0.09000000357627869 0.09000000357627869 0.5099999904632568 0.0 0.0 0.3100000023841858 0.0 0.0 0.0 0.0 0.0 -0.2800000011920929 0.09000000357627869 0.6200000047683716 -0.7599999904632568 0.0 -0.5099999904632568 0.0 0.0 0.0 0.09000000357627869 0.0 0.0 0.0 0.0 0.0 0.0 -0.11999999731779099 0.0 0.0 0.11999999731779099 0.0 0.0 0.0 0.0 0.0 0.0 0.0 0.0 0.0 0.0 0.0 0.0 0.0 0.0 0.0 0.09000000357627869 0.0 0.0 0.09000000357627869 -0.699999988079071 0.4399999976158142 0.6399999856948853 -0.800000011920929 0.46000000834465027 0.46000000834465027 -0.800000011920929 0.46000000834465027 0.0 0.0 0.0 0.0 0.0 0.0 0.0 0.0 0.0 0.0 0.0 0.0 0.0 0.0 0.09000000357627869 0.0 0.0 0.0 0.09000000357627869 0.0 0.09000000357627869 0.09000000357627869 0.20999999344348907 0.05000000074505806 0.05000000074505806 -0.30000001192092896 0.0 0.33000001311302185 0.0 0.0 0.0 0.0 0.0 0.0 0.0 0.0 0.0 0.0 0.0 -0.09000000357627869 -0.2199999988079071 0.09000000357627869 0.09000000357627869 0.0 0.0 -0.5099999904632568 0.0 0.0 -0.18000000715255737 0.09000000357627869 0.09000000357627869 0.5099999904632568 -0.4699999988079071 0.0 0.0 0.09000000357627869 0.0 0.09000000357627869 0.09000000357627869 0.6200000047683716 -0.7599999904632568 -0.7599999904632568 0.0 0.0 0.0 0.3100000023841858 0.0 0.09000000357627869 0.5099999904632568 -0.5099999904632568 0.0 0.0 0.0 0.09000000357627869 0.0 0.0 0.0 -0.18000000715255737 0.09000000357627869 0.20000000298023224 0.09000000357627869 -0.699999988079071 0.4399999976158142 0.6399999856948853 -0.800000011920929 0.46000000834465027 0.5099999904632568 0.0 0.0 0.3100000023841858 0.0 0.0 0.0 0.09000000357627869 0.0 -0.18000000715255737 0.09000000357627869 0.09000000357627869 -0.18000000715255737 0.09000000357627869 0.09000000357627869 0.05000000074505806 0.0 0.0 0.0 0.0 0.0 0.0 0.0 0.0 0.0 0.0 0.0 0.0 0.0 0.0 0.0 0.09000000357627869 0.0 0.0 -0.27000001072883606 0.09000000357627869 0.0 0.09000000357627869 -0.27000001072883606 0.09000000357627869 0.09000000357627869 0.09000000357627869 0.0 0.0 0.0 0.0 0.0 0.0 0.0 0.0 0.0 0.0 0.0 0.0 0.0 0.09000000357627869 0.0 0.0 0.0 0.0 0.0 0.0 0.0 0.09000000357627869 0.0 0.0 0.0 0.0 0.0 0.0 0.0 0.0 0.0 0.0 0.0 0.0 0.0 0.0 0.09000000357627869 0.0 0.0 0.0 0.0 0.11999999731779099 0.0 0.11999999731779099 0.0 0.0 0.0 0.0 0.0 0.0 0.0 0.0 0.0 0.0 0.0 0.0 0.0 0.0 0.0 -0.18000000715255737 0.09000000357627869 0.0 0.0 0.0 0.0 0.0 0.0 0.0 0.0 0.0 0.0 0.0 0.0 0.0 0.0 0.0 0.0 0.0 0.0 0.0 0.0 0.0 0.0 0.0 0.0 0.0 0.0 0.0 0.0 -0.18000000715255737 0.09000000357627869 0.0 0.0 0.0 0.0 0.0 0.0 0.0 0.0 0.0 0.0 0.0 -0.7599999904632568 0.0 0.0 0.0 0.0 0.0 0.09000000357627869 0.0 0.09000000357627869 0.09000000357627869 0.0 0.09000000357627869 0.0 0.0 0.0 0.0 -0.699999988079071 0.4399999976158142 0.6399999856948853 -0.800000011920929 0.46000000834465027 0.0 -0.800000011920929 0.46000000834465027 0.46000000834465027 0.5099999904632568 0.0 0.0 0.0 0.0 0.0 -0.7599999904632568 0.0 0.09000000357627869 0.6200000047683716 -0.7599999904632568 0.0 0.0 0.0 0.0 0.0 0.0 0.11999999731779099 0.0 0.0 0.0 0.11999999731779099 0.0 0.0 0.0 0.0 -0.18000000715255737 0.09000000357627869 0.09000000357627869 0.0 0.0 0.09000000357627869 0.20000000298023224 0.09000000357627869 0.09000000357627869 -0.699999988079071 0.6399999856948853 -0.800000011920929 0.46000000834465027 0.46000000834465027 0.0 0.0 0.0 0.0 0.0 0.0 0.0 0.0 0.0 0.09000000357627869 0.0 0.0 -0.27000001072883606 0.09000000357627869 0.09000000357627869 0.09000000357627869 0.0 0.0 0.0 0.0 0.0 0.0 0.0 0.09000000357627869 0.0 0.0 0.0 0.0 0.0 0.11999999731779099 0.0 -0.5400000214576721 0.4300000071525574 0.0 0.11999999731779099 0.0 0.0 0.0 0.0 0.0 0.0 0.0 0.0 0.0 0.0 0.0 0.0 0.0 0.0 0.0 0.0 0.0 0.0 0.09000000357627869 0.09000000357627869 0.0 0.0 0.0 0.3100000023841858 0.0 0.0 0.0 0.0 0.0 0.0 0.0 -0.5099999904632568 0.0 0.0 0.0 0.0 -0.18000000715255737 0.0 0.09000000357627869 0.0 0.0 0.0 -0.11999999731779099 0.11999999731779099 -0.11999999731779099 0.11999999731779099 0.0 0.0 0.0 0.0 0.5099999904632568 0.0 0.0 0.0 0.0 0.0 -0.18000000715255737 0.09000000357627869 0.0 -0.029999999329447746 0.0 0.0 0.0 0.0 0.23999999463558197 0.10999999940395355 -0.25 0.17000000178813934 -0.20000000298023224 0.14000000059604645 -0.27000001072883606 0.0 -0.14000000059604645 0.14000000059604645 0.5099999904632568 0.0 0.0 0.0 0.0 0.0 0.0 0.09000000357627869 0.09000000357627869 0.0 0.0 0.0 -0.09000000357627869 0.0 0.0 0.0 0.0 0.0 -0.5099999904632568 0.0 0.0 0.0 0.09000000357627869 0.0 0.0 0.09000000357627869 0.0 0.09000000357627869 0.0 0.550000011920929 -0.550000011920929 -0.6200000047683716 0.0 0.0 0.5099999904632568 -0.5099999904632568 0.0 0.0 0.0 0.0 0.0 0.09000000357627869 0.09000000357627869 0.0 0.0 0.09000000357627869 0.6200000047683716 -0.7599999904632568 -0.7599999904632568 0.0 -0.5099999904632568 -0.28999999165534973 0.0 0.09000000357627869 0.09000000357627869 0.0 0.09000000357627869 -0.5099999904632568 0.0 0.09000000357627869 0.09000000357627869 0.0 0.0 0.0 0.0 0.0 0.0 -0.2800000011920929 0.09000000357627869 0.0 0.0 -0.7599999904632568 -0.7599999904632568 0.0 0.0 0.0 0.0 0.0 0.0 0.0 0.0 0.0 0.0 0.0 0.0 0.0 0.4399999976158142 -0.5099999904632568 0.4399999976158142 0.3199999928474426 0.18000000715255737 0.5099999904632568 0.0 0.0 0.0 0.0 0.0 0.0 0.0 0.0 0.0 0.0 0.0 0.0 0.0 0.09000000357627869 0.0 0.0
280 0.09000000357627869 0.4300000071525574 0.0 0.0 -0.4699999988079071 0.0 0.0 0.09000000357627869 0.05000000074505806 0.09000000357627869 0.09000000357627869 -0.6600000262260437 0.4300000071525574 0.5099999904632568 -0.5099999904632568 -0.4699999988079071 0.3100000023841858 0.07000000029802322 0.09000000357627869 -0.2800000011920929 0.09000000357627869 0.6200000047683716 -0.7599999904632568 0.0 0.0 0.0 0.0 0.0 0.0 0.0 0.0 0.0 0.0 0.0 0.09000000357627869 -0.18000000715255737 0.09000000357627869 0.09000000357627869 0.0 0.09000000357627869 0.0 0.550000011920929 -0.550000011920929 -0.6200000047683716 0.5099999904632568 -0.5099999904632568 -0.4699999988079071 0.0 0.07000000029802322 0.09000000357627869 0.05000000074505806 0.09000000357627869 0.09000000357627869 -0.6600000262260437 0.4300000071525574 0.5099999904632568 0.0 -0.4699999988079071 0.0 0.0 0.09000000357627869 0.0 0.09000000357627869 -0.27000001072883606 0.09000000357627869 0.09000000357627869 0.09000000357627869 -0.18000000715255737 0.09000000357627869 0.09000000357627869 -0.27000001072883606 0.09000000357627869 0.09000000357627869 0.09000000357627869 0.0 0.0 0.0 0.0 0.0 0.09000000357627869 -0.18000000715255737 0.09000000357627869 0.09000000357627869 0.0 0.0 -0.27000001072883606 0.09000000357627869 0.09000000357627869 0.0 0.0 -0.4699999988079071 0.0 0.0 0.0 0.0 0.09000000357627869 0.0 0.0 0.0 -0.5099999904632568 0.0 0.0 0.0 0.09000000357627869 0.0 0.09000000357627869 -0.6600000262260437 0.4300000071525574 -0.27000001072883606 0.09000000357627869 0.09000000357627869 0.09000000357627869 0.5099999904632568 -0.5099999904632568 0.0 0.0 0.0 0.09000000357627869 -0.18000000715255737 0.09000000357627869 0.0 0.09000000357627869 0.09000000357627869 0.5099999904632568 -0.4699999988079071 0.0 0.5099999904632568 -0.4699999988079071 0.0 0.0 0.09000000357627869 0.0 0.09000000357627869 0.0 0.09000000357627869 0.09000000357627869 -0.27000001072883606 0.09000000357627869 0.0 0.5099999904632568 -0.5099999904632568 0.0 0.0 0.0 0.09000000357627869 -0.18000000715255737 0.09000000357627869 0.09000000357627869 0.5099999904632568 -0.5099999904632568 0.0 0.0 0.0 0.09000000357627869 -0.27000001072883606 0.09000000357627869 0.09000000357627869 0.09000000357627869 0.5099999904632568 -0.5099999904632568 -0.4699999988079071 0.3100000023841858 -0.019999999552965164 0.09000000357627869 0.09000000357627869 0.0 -0.5099999904632568 -0.4699999988079071 0.3100000023841858 -0.019999999552965164 0.09000000357627869 0.09000000357627869 0.5099999904632568 -0.5099999904632568 -0.4699999988079071 0.3100000023841858 0.0 0.09000000357627869 0.0 0.5099999904632568 -0.5099999904632568 -0.4699999988079071 0.3100000023841858 0.0 0.09000000357627869 0.05000000074505806 0.09000000357627869 0.09000000357627869 -0.6600000262260437 0.4300000071525574 0.5099999904632568 -0.5099999904632568 -0.4699999988079071 0.3100000023841858 0.0 0.0 0.09000000357627869 0.09000000357627869 -0.4699999988079071 0.0 -0.18000000715255737 0.09000000357627869 0.09000000357627869 0.0 0.09000000357627869 0.09000000357627869 0.0 -0.550000011920929 -0.6200000047683716 0.3199999928474426 0.30000001192092896 0.09000000357627869 -0.5099999904632568 -0.28999999165534973 0.0 0.0 0.09000000357627869 0.0 0.09000000357627869 -0.18000000715255737 0.09000000357627869 0.09000000357627869 -0.18000000715255737 0.09000000357627869 0.09000000357627869 0.09000000357627869 -0.6200000047683716 0.30000001192092896 0.09000000357627869 0.09000000357627869 0.09000000357627869 -0.2199999988079071 0.09000000357627869 0.09000000357627869 0.09000000357627869
281 0.09000000357627869 -0.6600000262260437 0.4300000071525574 0.0 0.09000000357627869 0.05000000074505806 0.09000000357627869 0.09000000357627869 -0.6600000262260437 0.4300000071525574 0.5099999904632568 -0.5099999904632568 -0.4699999988079071 0.07000000029802322 0.09000000357627869 0.0 0.0 0.0 0.0 0.09000000357627869 -0.18000000715255737 0.09000000357627869 0.09000000357627869 0.0 0.09000000357627869 0.550000011920929 -0.550000011920929 0.5099999904632568 -0.5099999904632568 -0.4699999988079071 0.0 0.07000000029802322 0.09000000357627869 0.05000000074505806 0.09000000357627869 0.09000000357627869 -0.6600000262260437 0.4300000071525574 0.5099999904632568 0.0 -0.4699999988079071 0.0 0.0 0.09000000357627869 0.0 0.09000000357627869 0.0 -0.4699999988079071 0.0 0.0 0.0 0.0 0.09000000357627869 0.0 0.0 0.0 -0.5099999904632568 0.0 0.0 0.0 0.09000000357627869 0.0 0.09000000357627869 -0.6600000262260437 0.4300000071525574 -0.27000001072883606 0.09000000357627869 0.09000000357627869 0.09000000357627869 -0.5099999904632568 0.0 0.09000000357627869 0.5099999904632568 -0.5099999904632568 0.0 0.0 0.0 0.09000000357627869 -0.27000001072883606 0.09000000357627869 0.09000000357627869 0.09000000357627869 0.5099999904632568 -0.5099999904632568 -0.4699999988079071 0.3100000023841858 -0.019999999552965164 0.09000000357627869 0.09000000357627869 0.0 -0.5099999904632568 0.0 0.0 0.09000000357627869 0.09000000357627869 0.0 0.09000000357627869 -0.18000000715255737 0.09000000357627869 0.09000000357627869 -0.18000000715255737 0.09000000357627869 0.09000000357627869 0.5099999904632568 -0.5099999904632568 -0.4699999988079071 0.3100000023841858 0.0 0.09000000357627869 0.0 0.5099999904632568 -0.5099999904632568 -0.4699999988079071 0.3100000023841858 0.0 0.09000000357627869 0.05000000074505806 0.09000000357627869 0.09000000357627869 -0.6600000262260437 0.4300000071525574 0.5099999904632568 -0.5099999904632568 -0.4699999988079071 0.3100000023841858 0.0 0.09000000357627869 0.0 0.09000000357627869 0.09000000357627869 -0.18000000715255737 0.0 0.09000000357627869 0.550000011920929 -0.550000011920929 -0.6200000047683716 0.3199999928474426 0.30000001192092896 0.0 0.0 -0.4699999988079071 0.0 0.0 0.09000000357627869 -0.18000000715255737 0.09000000357627869 0.09000000357627869 0.0 0.09000000357627869 0.09000000357627869 0.0 -0.550000011920929 -0.6200000047683716 0.3199999928474426 0.30000001192092896 0.5099999904632568 -0.5099999904632568 0.0 0.0 0.0 0.09000000357627869 0.0 0.09000000357627869 -0.27000001072883606 0.09000000357627869 0.09000000357627869 0.09000000357627869 0.0 0.0 0.0 0.09000000357627869 0.0 0.09000000357627869 0.0 0.0 0.09000000357627869 0.09000000357627869 0.09000000357627869 0.09000000357627869 -0.5099999904632568 0.09000000357627869 0.09000000357627869 0.30000001192092896 0.5099999904632568 -0.5099999904632568 0.0 0.0 0.0 0.09000000357627869 0.0 0.5099999904632568 -0.5099999904632568 0.0 0.0 0.0 0.09000000357627869 0.09000000357627869 0.09000000357627869 0.09000000357627869 0.09000000357627869 0.0 0.0 0.0 0.0 0.0 0.0 0.09000000357627869 -0.6600000262260437 0.4300000071525574 0.5099999904632568 0.0 -0.4699999988079071 0.0 0.0 0.09000000357627869 -0.27000001072883606 0.09000000357627869 0.09000000357627869 0.09000000357627869 0.5099999904632568 -0.27000001072883606 0.09000000357627869 0.09000000357627869 0.09000000357627869 0.09000000357627869 0.09000000357627869
282 0.09000000357627869 -0.4699999988079071 0.3100000023841858 0.0 0.09000000357627869 0.0 0.09000000357627869 -0.6600000262260437 0.4300000071525574 -0.27000001072883606 0.09000000357627869 0.09000000357627869 0.0 0.0 -0.5099999904632568 0.0 -0.4699999988079071 0.0 0.09000000357627869 0.05000000074505806 0.09000000357627869 0.09000000357627869 -0.6600000262260437 0.4300000071525574 0.5099999904632568 -0.5099999904632568 -0.4699999988079071 0.09000000357627869 0.0 0.0 0.0 0.0 0.0 0.09000000357627869 -0.18000000715255737 0.09000000357627869 0.09000000357627869 0.0 0.09000000357627869 0.0 0.550000011920929 -0.550000011920929 -0.6200000047683716 0.3199999928474426 0.0 0.5099999904632568 -0.5099999904632568 -0.4699999988079071 0.0 0.07000000029802322 0.09000000357627869 0.05000000074505806 0.09000000357627869 0.09000000357627869 -0.6600000262260437 0.4300000071525574 0.5099999904632568 0.0 -0.4699999988079071 0.0 0.0 0.0 -0.18000000715255737 0.09000000357627869 0.09000000357627869 0.0 -0.4699999988079071 0.0 0.0 0.0 0.0 0.09000000357627869 0.0 0.0 0.0 -0.5099999904632568 0.0 0.0 0.0 0.09000000357627869 -0.6600000262260437 0.4300000071525574 0.0 0.09000000357627869 0.0 0.09000000357627869 0.09000000357627869 0.5099999904632568 -0.5099999904632568 0.0 0.0 0.09000000357627869 0.5099999904632568 -0.5099999904632568 0.0 0.0 0.0 0.09000000357627869 -0.27000001072883606 0.09000000357627869 0.09000000357627869 0.09000000357627869 0.5099999904632568 -0.5099999904632568 -0.4699999988079071 0.3100000023841858 -0.019999999552965164 0.09000000357627869 0.09000000357627869 0.0 -0.5099999904632568 0.0 0.0 0.09000000357627869 0.09000000357627869 0.0 0.09000000357627869 -0.18000000715255737 0.09000000357627869 0.09000000357627869 -0.18000000715255737 0.09000000357627869 0.09000000357627869 0.5099999904632568 -0.5099999904632568 -0.4699999988079071 0.3100000023841858 -0.019999999552965164 0.09000000357627869 0.09000000357627869 0.5099999904632568 -0.5099999904632568 -0.4699999988079071 0.3100000023841858 0.0 0.09000000357627869 0.05000000074505806 0.09000000357627869 0.09000000357627869 -0.6600000262260437 0.4300000071525574 0.5099999904632568 -0.5099999904632568 -0.4699999988079071 0.3100000023841858 0.0 0.09000000357627869 0.0 0.09000000357627869 0.09000000357627869 -0.18000000715255737 0.0 0.09000000357627869 0.550000011920929 -0.550000011920929 -0.6200000047683716 0.3199999928474426 0.30000001192092896 0.0 0.0 -0.4699999988079071 0.0 0.0 0.09000000357627869 -0.18000000715255737 0.09000000357627869 0.09000000357627869 0.0 0.09000000357627869 0.09000000357627869 0.0 -0.550000011920929 -0.6200000047683716 0.3199999928474426 0.30000001192092896 0.5099999904632568 -0.5099999904632568 0.0 0.0 0.0 0.09000000357627869 0.0 0.09000000357627869 -0.27000001072883606 0.09000000357627869 0.09000000357627869 0.09000000357627869 -0.27000001072883606 0.09000000357627869 0.09000000357627869 0.09000000357627869 0.0 -0.5099999904632568 0.0 0.0 0.07000000029802322 0.09000000357627869 -0.2800000011920929 0.09000000357627869 0.09000000357627869 0.6200000047683716 -0.7599999904632568 -0.7599999904632568 0.0 0.0 0.0 0.0 0.0 0.0 0.0 0.09000000357627869 0.0 0.0 0.09000000357627869 0.0 0.0 0.09000000357627869 0.09000000357627869 -0.27000001072883606 0.09000000357627869 0.09000000357627869 0.0 0.0 0.0 0.0 -0.27000001072883606 0.0 0.09000000357627869 0.09000000357627869 0.0 0.0 0.0 -0.18000000715255737 0.09000000357627869 0.09000000357627869 0.0 0.0 0.550000011920929 -0.550000011920929 -0.6200000047683716 0.5099999904632568 -0.5099999904632568 -0.4699999988079071 0.0 0.0 0.09000000357627869 0.0 0.09000000357627869 -0.18000000715255737 0.09000000357627869 0.09000000357627869 0.30000001192092896 0.0 -0.5099999904632568 0.0 0.0 0.0 0.09000000357627869 0.0 0.0 0.5099999904632568 -0.5099999904632568 0.0 0.0 0.0 0.09000000357627869 0.0 0.5099999904632568 -0.5099999904632568 0.0 0.0 0.0 0.09000000357627869 0.0 0.0 0.09000000357627869 0.09000000357627869 0.09000000357627869 0.0 -0.5099999904632568 0.0 0.0 0.0 0.0 0.0 0.0 0.09000000357627869 -0.6600000262260437 0.4300000071525574 0.5099999904632568 0.0 -0.4699999988079071 0.0 0.0 0.09000000357627869 -0.27000001072883606 0.09000000357627869 0.09000000357627869 0.09000000357627869 0.09000000357627869 0.09000000357627869 0.09000000357627869
283 0.09000000357627869 0.0 0.09000000357627869 0.0 0.09000000357627869 -0.6600000262260437 0.4300000071525574 -0.27000001072883606 0.09000000357627869 0.09000000357627869 0.0 0.0 -0.5099999904632568 0.6399999856948853 -0.800000011920929 0.46000000834465027 0.46000000834465027 0.0 0.0 0.09000000357627869 -0.5099999904632568 0.0 0.0 0.09000000357627869 0.09000000357627869 0.0 0.09000000357627869 0.0 0.09000000357627869 0.0 -0.18000000715255737 0.09000000357627869 0.09000000357627869 -0.5099999904632568 0.0 0.0 0.0 0.0 0.0 -0.18000000715255737 0.09000000357627869 0.09000000357627869 0.0 -0.27000001072883606 0.09000000357627869 0.09000000357627869 0.09000000357627869 0.0 0.0 -0.4699999988079071 0.0 0.0 0.09000000357627869 0.05000000074505806 0.09000000357627869 0.09000000357627869 -0.6600000262260437 0.4300000071525574 0.5099999904632568 -0.5099999904632568 -0.4699999988079071 0.3100000023841858 0.07000000029802322 0.09000000357627869 0.0 0.0 0.0 0.0 0.0 0.0 0.0 0.0 0.0 0.0 0.0 0.09000000357627869 -0.18000000715255737 0.09000000357627869 0.09000000357627869 0.0 0.09000000357627869 0.0 0.550000011920929 -0.550000011920929 -0.6200000047683716 0.3199999928474426 0.0 0.5099999904632568 -0.5099999904632568 -0.4699999988079071 0.0 0.07000000029802322 0.09000000357627869 0.05000000074505806 0.09000000357627869 0.09000000357627869 -0.6600000262260437 0.4300000071525574 0.5099999904632568 0.0 0.0 0.09000000357627869 0.09000000357627869 0.0 0.0 0.0 0.0 0.09000000357627869 0.0 0.0 0.09000000357627869 0.0 0.0 0.09000000357627869 -0.27000001072883606 0.09000000357627869 0.09000000357627869 0.09000000357627869 0.5099999904632568 -0.5099999904632568 -0.4699999988079071 0.3100000023841858 -0.019999999552965164 0.09000000357627869 0.09000000357627869 0.0 -0.5099999904632568 0.0 0.0 0.09000000357627869 0.09000000357627869 0.0 0.09000000357627869 -0.18000000715255737 0.09000000357627869 0.09000000357627869 -0.18000000715255737 0.09000000357627869 0.09000000357627869 0.5099999904632568 -0.5099999904632568 -0.4699999988079071 0.3100000023841858 -0.019999999552965164 0.09000000357627869 0.09000000357627869 0.5099999904632568 -0.5099999904632568 -0.4699999988079071 0.3100000023841858 0.0 0.09000000357627869 0.0 0.5099999904632568 -0.5099999904632568 -0.4699999988079071 0.3100000023841858 0.0 0.09000000357627869 0.0 0.09000000357627869 0.09000000357627869 -0.18000000715255737 0.0 0.09000000357627869 0.550000011920929 -0.550000011920929 -0.6200000047683716 0.3199999928474426 0.30000001192092896 0.0 0.0 -0.4699999988079071 0.0 0.0 0.09000000357627869 -0.18000000715255737 0.09000000357627869 0.09000000357627869 0.0 0.09000000357627869 0.09000000357627869 0.0 -0.550000011920929 -0.6200000047683716 0.3199999928474426 0.30000001192092896 0.5099999904632568 -0.5099999904632568 0.0 0.0 0.0 0.09000000357627869 0.0 0.09000000357627869 -0.27000001072883606 0.09000000357627869 0.09000000357627869 0.09000000357627869 -0.27000001072883606 0.09000000357627869 0.09000000357627869 0.09000000357627869 0.0 -0.5099999904632568 0.0 0.0 0.07000000029802322 0.09000000357627869 -0.2800000011920929 0.09000000357627869 0.09000000357627869 0.6200000047683716 -0.7599999904632568 -0.7599999904632568 0.0 0.0 0.0 0.0 0.0 0.0 0.0 0.09000000357627869 0.0 0.0 0.09000000357627869 0.0 0.0 0.09000000357627869 0.09000000357627869 -0.27000001072883606 0.09000000357627869 0.0 0.09000000357627869 0.0 0.0 0.0 0.0 0.0 -0.27000001072883606 0.0 0.09000000357627869 0.0 0.0 0.09000000357627869 0.09000000357627869 0.09000000357627869 0.09000000357627869 -0.5099999904632568 0.0 0.0 0.0 0.0 0.09000000357627869 0.0 0.5099999904632568 -0.5099999904632568 0.0 0.0 0.09000000357627869 -0.6600000262260437 0.4300000071525574 0.09000000357627869 0.09000000357627869 0.0 0.09000000357627869 0.0
284 0.0 0.09000000357627869 -0.6600000262260437 0.4300000071525574 -0.27000001072883606 0.09000000357627869 0.0 -0.27000001072883606 0.09000000357627869 0.09000000357627869 0.09000000357627869 0.0 0.09000000357627869 0.05000000074505806 0.09000000357627869 -0.6600000262260437 0.4300000071525574 -0.18000000715255737 0.09000000357627869 0.09000000357627869 0.0 0.09000000357627869 0.550000011920929 -0.550000011920929 -0.6200000047683716 0.3199999928474426 -0.27000001072883606 0.09000000357627869 -0.4699999988079071 0.3100000023841858 -0.019999999552965164 0.09000000357627869 0.0 -0.5099999904632568 0.0 0.0 0.09000000357627869 0.5099999904632568 -0.5099999904632568 -0.4699999988079071 0.3100000023841858 -0.019999999552965164 0.09000000357627869 0.09000000357627869 0.5099999904632568 -0.5099999904632568 -0.4699999988079071 0.3100000023841858 0.0 0.09000000357627869 0.0 0.5099999904632568 -0.5099999904632568 -0.4699999988079071 0.3100000023841858 0.0 0.09000000357627869 0.05000000074505806 0.09000000357627869 0.09000000357627869 -0.6600000262260437 0.4300000071525574 0.5099999904632568 -0.5099999904632568 -0.4699999988079071 0.0 0.0 0.09000000357627869 -0.18000000715255737 0.09000000357627869 0.09000000357627869 0.0 0.09000000357627869 0.09000000357627869 0.0 -0.550000011920929 -0.6200000047683716 0.3199999928474426 0.30000001192092896 0.5099999904632568 -0.5099999904632568 0.0 0.0 0.0 0.09000000357627869 0.0 0.09000000357627869 -0.27000001072883606 0.09000000357627869 0.09000000357627869 0.09000000357627869 -0.27000001072883606 0.09000000357627869 0.09000000357627869 0.09000000357627869 0.0 -0.5099999904632568 0.0 0.0 0.07000000029802322 0.09000000357627869 -0.2800000011920929 0.09000000357627869 0.09000000357627869 0.6200000047683716 -0.7599999904632568 -0.7599999904632568 0.0 0.0 0.0 0.0 0.0 0.0 0.0 0.09000000357627869 0.0 0.0 0.09000000357627869 0.0 0.0 0.09000000357627869 0.09000000357627869 -0.27000001072883606 0.09000000357627869 0.0 0.09000000357627869 0.0 0.0 0.0 0.0 0.0 0.0 -0.27000001072883606 0.0 0.09000000357627869 0.09000000357627869 0.5099999904632568 -0.5099999904632568 0.0 0.0 0.0 0.09000000357627869 0.05000000074505806 0.09000000357627869 0.09000000357627869 0.5099999904632568 0.0 0.0 0.0 0.09000000357627869 0.0 0.0 0.0 0.09000000357627869 0.09000000357627869 -0.27000001072883606 0.09000000357627869 0.09000000357627869 0.09000000357627869 0.0 0.0 0.0 0.0 0.0 0.0 0.0 -0.27000001072883606 0.09000000357627869 0.0 0.0 0.0 0.0 0.0 -0.18000000715255737 0.09000000357627869 0.0 0.0 -0.6200000047683716 0.30000001192092896 0.5099999904632568 -0.5099999904632568 0.09000000357627869 0.0 0.0 0.0 0.0 0.0 0.0 0.0 0.0 0.09000000357627869 0.0 0.0 0.0 0.0 0.0 0.0 0.0 0.0 0.5099999904632568 -0.5099999904632568 0.0 0.0 0.0 0.09000000357627869 0.0 0.5099999904632568 -0.5099999904632568 0.0 0.0 0.09000000357627869 0.0 0.0 0.11999999731779099 0.11999999731779099 0.0 0.0 0.0 0.0 0.0 0.0 0.0 0.0 0.09000000357627869 -0.6600000262260437 0.4300000071525574 0.5099999904632568 0.0 -0.4699999988079071 0.0 0.0 0.09000000357627869 -0.27000001072883606 0.09000000357627869 0.09000000357627869 0.09000000357627869 0.5099999904632568 -0.5099999904632568 0.0 0.0 0.0 0.0 0.0 0.0 0.0 0.0 0.09000000357627869 0.09000000357627869 0.0 0.0 0.0 0.0 0.0 -0.27000001072883606 0.09000000357627869 0.09000000357627869 0.09000000357627869 0.5099999904632568 -0.5099999904632568 0.0 0.0 0.09000000357627869 0.0 0.5099999904632568 -0.5099999904632568 0.0 0.0 0.0 0.09000000357627869 -0.2800000011920929 0.09000000357627869 0.09000000357627869 0.6200000047683716 -0.7599999904632568 -0.7599999904632568 0.0 -0.5099999904632568 0.0 0.3100000023841858 0.0 0.0 0.0 0.09000000357627869 0.0 0.09000000357627869 0.0 0.09000000357627869 -0.27000001072883606 0.09000000357627869 0.0 0.09000000357627869 0.0 0.0 0.0 0.3100000023841858 0.0 0.09000000357627869 -0.18000000715255737 0.09000000357627869 0.09000000357627869 -0.2800000011920929 0.09000000357627869 0.09000000357627869 0.6200000047683716 -0.7599999904632568 -0.7599999904632568 0.0 -0.5099999904632568 -0.4699999988079071 0.0 0.0 0.09000000357627869 -0.27000001072883606 0.09000000357627869 0.0 0.0 -0.5099999904632568 0.0 0.0 0.0 0.0 0.09000000357627869 0.0 0.0 0.0 0.0 0.0 0.0 0.0 0.0 0.0 0.0 -0.27000001072883606 0.0 0.09000000357627869 0.09000000357627869 0.0 0.0 -0.4699999988079071 0.0 0.0 0.09000000357627869 0.0 0.09000000357627869 0.09000000357627869 0.09000000357627869
285 0.5099999904632568 -0.4699999988079071 0.3100000023841858 0.0 0.09000000357627869 0.0 0.09000000357627869 -0.6600000262260437 0.4300000071525574 -0.27000001072883606 0.09000000357627869 0.09000000357627869 0.0 0.0 -0.5099999904632568 0.0 0.0 0.0 0.09000000357627869 0.0 -0.6600000262260437 0.4300000071525574 0.09000000357627869 0.09000000357627869 0.550000011920929 -0.550000011920929 0.09000000357627869 0.0 0.0 0.0 0.09000000357627869 0.0 0.0 0.09000000357627869 0.0 0.09000000357627869 0.09000000357627869 0.5099999904632568 -0.5099999904632568 0.0 0.0 0.0 0.09000000357627869 -0.27000001072883606 0.09000000357627869 0.09000000357627869 0.09000000357627869 0.5099999904632568 -0.5099999904632568 -0.4699999988079071 0.3100000023841858 -0.019999999552965164 0.09000000357627869 0.09000000357627869 0.0 -0.5099999904632568 0.0 0.0 0.09000000357627869 0.09000000357627869 0.0 0.09000000357627869 -0.18000000715255737 0.09000000357627869 0.09000000357627869 -0.18000000715255737 0.09000000357627869 0.09000000357627869 0.5099999904632568 -0.5099999904632568 -0.4699999988079071 0.3100000023841858 -0.019999999552965164 0.09000000357627869 0.09000000357627869 0.5099999904632568 -0.5099999904632568 -0.4699999988079071 0.3100000023841858 0.0 0.09000000357627869 0.0 0.5099999904632568 -0.5099999904632568 -0.4699999988079071 0.3100000023841858 0.0 0.09000000357627869 0.05000000074505806 0.09000000357627869 0.09000000357627869 -0.6600000262260437 0.4300000071525574 0.5099999904632568 -0.5099999904632568 -0.4699999988079071 0.3100000023841858 0.0 0.09000000357627869 0.0 0.09000000357627869 0.09000000357627869 -0.18000000715255737 0.0 0.09000000357627869 0.550000011920929 -0.550000011920929 -0.6200000047683716 0.3199999928474426 0.30000001192092896 0.0 0.0 0.0 0.0 0.0 0.09000000357627869 0.0 0.09000000357627869 -0.27000001072883606 0.09000000357627869 0.09000000357627869 0.09000000357627869 -0.27000001072883606 0.09000000357627869 0.09000000357627869 0.09000000357627869 0.0 -0.5099999904632568 0.0 0.0 0.07000000029802322 0.09000000357627869 -0.2800000011920929 0.09000000357627869 0.09000000357627869 0.6200000047683716 -0.7599999904632568 -0.7599999904632568 0.0 0.0 0.0 0.0 0.0 0.0 0.0 0.09000000357627869 0.0 0.0 0.09000000357627869 0.0 0.0 0.09000000357627869 0.09000000357627869 -0.27000001072883606 0.09000000357627869 0.0 0.09000000357627869 0.0 0.0 0.0 0.0 0.0 0.0 -0.27000001072883606 0.0 0.09000000357627869 0.09000000357627869 0.5099999904632568 -0.5099999904632568 0.0 0.0 0.0 0.09000000357627869 0.05000000074505806 0.09000000357627869 0.09000000357627869 -0.6600000262260437 0.4300000071525574 0.5099999904632568 -0.5099999904632568 0.0 0.0 0.0 0.09000000357627869 0.0 0.0 0.0 0.09000000357627869 0.09000000357627869 -0.27000001072883606 0.09000000357627869 0.09000000357627869 0.09000000357627869 0.0 0.0 0.0 0.0 0.0 0.0 0.0 0.0 0.0 0.0 -0.27000001072883606 0.09000000357627869 0.0 0.0 0.0 0.0 0.0 0.0 0.0 0.09000000357627869 0.0 0.0 0.0 0.0 0.0 0.09000000357627869 -0.18000000715255737 0.09000000357627869 0.09000000357627869 0.0 -0.11999999731779099 0.11999999731779099 -0.11999999731779099 -0.11999999731779099 0.11999999731779099 0.5099999904632568 -0.5099999904632568 0.0 0.0 0.0 0.0 -0.28999999165534973 0.0 0.0 0.09000000357627869 0.09000000357627869 -0.18000000715255737 0.09000000357627869 0.09000000357627869 -0.7599999904632568 0.0 0.0 0.09000000357627869 0.0 0.0 0.09000000357627869 0.5099999904632568 -0.5099999904632568 -0.4699999988079071 0.0 0.09000000357627869 0.0 0.09000000357627869 0.0 -0.11999999731779099 0.11999999731779099 -0.11999999731779099 0.11999999731779099 0.0 0.0 -0.11999999731779099 0.0 0.0 0.0 0.0 0.0 0.0 0.0 -0.18000000715255737 0.09000000357627869 0.09000000357627869 0.0 0.0 0.09000000357627869 0.550000011920929 -0.550000011920929 -0.6200000047683716 0.3199999928474426 0.30000001192092896 0.5099999904632568 -0.5099999904632568 -0.4699999988079071 0.0 0.0 0.09000000357627869 0.0 0.09000000357627869 0.09000000357627869 -0.18000000715255737 0.09000000357627869 0.09000000357627869 0.550000011920929 -0.550000011920929 -0.6200000047683716 0.3199999928474426 0.30000001192092896 0.0 -0.5099999904632568 -0.4699999988079071 0.0 0.0 0.0 -0.27000001072883606 0.09000000357627869 0.0 0.09000000357627869 0.0 0.0 0.0 0.0 0.0 0.0 0.0 0.0 0.0 0.0 0.09000000357627869 0.0 0.0 0.0 0.0 0.0 0.0 0.0 0.0 0.5099999904632568 -0.5099999904632568 0.0 0.0 0.0 0.09000000357627869 0.0 0.5099999904632568 -0.5099999904632568 0.0 0.0 0.0 0.09000000357627869 0.0 0.0 0.09000000357627869 0.0 0.09000000357627869 0.09000000357627869 -0.09000000357627869 -0.2199999988079071 0.09000000357627869 0.09000000357627869 0.09000000357627869 0.0 -0.5099999904632568 0.0 0.0 0.0 0.0 0.0 0.0 0.0 0.0 0.0 0.11999999731779099 0.0 0.11999999731779099 0.0 0.0 0.0 0.0 0.0 0.0 0.0 0.0 0.09000000357627869 -0.6600000262260437 0.4300000071525574 0.5099999904632568 0.0 -0.4699999988079071 0.0 0.0 0.09000000357627869 -0.27000001072883606 0.09000000357627869 0.09000000357627869 0.09000000357627869 0.5099999904632568 -0.5099999904632568 -0.4699999988079071 0.0 0.0 0.09000000357627869 0.0 0.09000000357627869 0.0 0.0 0.0 0.0 0.0 0.0 0.0 0.0 0.0 0.0 0.09000000357627869 0.09000000357627869 0.0 0.0 0.0 -0.27000001072883606 0.09000000357627869 0.09000000357627869 0.09000000357627869 0.0 0.0 0.0 0.0 0.09000000357627869 0.0 0.09000000357627869 0.0 0.09000000357627869 -0.27000001072883606 0.09000000357627869 0.0 0.09000000357627869 0.0 0.0 0.0 0.09000000357627869 0.09000000357627869 0.0 -0.27000001072883606 0.0 0.09000000357627869 0.09000000357627869
286 0.0 0.0 -0.18000000715255737 0.09000000357627869 0.0 0.0 -0.27000001072883606 0.09000000357627869 0.0 0.09000000357627869 0.0 0.09000000357627869 0.09000000357627869 0.09000000357627869 0.0 0.0 0.0 -0.5099999904632568 -0.4699999988079071 -0.019999999552965164 0.0 0.09000000357627869 0.5099999904632568 -0.5099999904632568 -0.4699999988079071 0.3100000023841858 0.0 0.09000000357627869 0.0 0.09000000357627869 -0.6600000262260437 0.4300000071525574 -0.27000001072883606 0.09000000357627869 0.09000000357627869 0.0 0.0 -0.5099999904632568 0.0 0.0 0.0 0.09000000357627869 0.0 0.09000000357627869 -0.6600000262260437 0.4300000071525574 -0.27000001072883606 0.09000000357627869 0.09000000357627869 0.09000000357627869 0.0 0.0 0.0 0.3100000023841858 0.0 0.0 0.0 0.09000000357627869 0.0 0.09000000357627869 0.0 0.09000000357627869 -0.27000001072883606 0.09000000357627869 0.0 0.09000000357627869 0.0 -0.5099999904632568 0.0 0.0 -0.800000011920929 0.46000000834465027 0.46000000834465027 -0.11999999731779099 0.11999999731779099 0.0 0.11999999731779099 0.0 0.09000000357627869 -0.18000000715255737 0.09000000357627869 0.09000000357627869 0.0 0.09000000357627869 0.0 0.550000011920929 -0.550000011920929 -0.6200000047683716 0.3199999928474426 0.0 -0.5099999904632568 0.0 0.0 0.09000000357627869 0.0 0.0 0.09000000357627869 0.0 0.09000000357627869 0.09000000357627869 0.09000000357627869 0.09000000357627869 0.09000000357627869 0.5099999904632568 -0.5099999904632568 0.0 0.0 0.0 0.09000000357627869 -0.27000001072883606 0.09000000357627869 0.09000000357627869 0.09000000357627869 0.5099999904632568 -0.5099999904632568 -0.4699999988079071 0.3100000023841858 -0.019999999552965164 0.09000000357627869 0.09000000357627869 0.0 -0.5099999904632568 0.0 0.0 0.09000000357627869 0.5099999904632568 -0.5099999904632568 -0.4699999988079071 0.3100000023841858 -0.019999999552965164 0.09000000357627869 0.09000000357627869 0.5099999904632568 -0.5099999904632568 -0.4699999988079071 0.3100000023841858 0.0 0.09000000357627869 0.0 0.5099999904632568 -0.5099999904632568 -0.4699999988079071 0.3100000023841858 0.0 0.09000000357627869 0.05000000074505806 0.09000000357627869 0.09000000357627869 -0.6600000262260437 0.4300000071525574 0.5099999904632568 -0.5099999904632568 -0.4699999988079071 0.3100000023841858 0.0 0.09000000357627869 0.0 0.09000000357627869 0.09000000357627869 -0.18000000715255737 0.0 0.09000000357627869 0.550000011920929 -0.550000011920929 -0.6200000047683716 0.3199999928474426 0.30000001192092896 0.0 0.0 -0.4699999988079071 0.0 0.0 0.09000000357627869 -0.18000000715255737 0.09000000357627869 0.09000000357627869 0.0 0.09000000357627869 0.09000000357627869 0.0 -0.550000011920929 -0.6200000047683716 0.3199999928474426 0.30000001192092896 0.5099999904632568 -0.5099999904632568 0.0 0.0 0.07000000029802322 0.09000000357627869 -0.2800000011920929 0.09000000357627869 0.09000000357627869 0.6200000047683716 -0.7599999904632568 -0.7599999904632568 0.0 0.0 0.0 0.0 0.0 0.0 0.0 0.09000000357627869 0.0 0.0 0.09000000357627869 0.0 0.0 0.09000000357627869 0.09000000357627869 -0.27000001072883606 0.09000000357627869 0.0 0.09000000357627869 0.0 0.0 0.0 0.0 0.0 0.0 -0.27000001072883606 0.0 0.09000000357627869 0.09000000357627869 0.5099999904632568 -0.5099999904632568 0.0 0.0 0.0 0.09000000357627869 0.05000000074505806 0.09000000357627869 0.09000000357627869 -0.6600000262260437 0.4300000071525574 0.5099999904632568 -0.5099999904632568 0.0 0.0 0.0 0.09000000357627869 0.0 0.0 0.0 0.09000000357627869 0.09000000357627869 0.0 -0.27000001072883606 0.09000000357627869 0.09000000357627869 0.09000000357627869 0.0 -0.5099999904632568 0.0 0.0 0.0 0.0 0.0 0.0 0.0 0.0 0.0 -0.27000001072883606 0.09000000357627869 0.0 0.0 0.0 0.0 0.09000000357627869 0.09000000357627869 -0.5099999904632568 0.0 0.0 -0.18000000715255737 0.09000000357627869 0.09000000357627869 0.0 0.0 0.0 0.09000000357627869 0.0 -0.11999999731779099 0.11999999731779099 -0.11999999731779099 0.11999999731779099 0.0 0.0 0.0 0.0 0.0 0.0 0.0 0.0 -0.18000000715255737 0.09000000357627869 0.09000000357627869 0.0 0.0 0.09000000357627869 0.550000011920929 -0.550000011920929 -0.6200000047683716 0.3199999928474426 0.30000001192092896 0.5099999904632568 -0.5099999904632568 -0.4699999988079071 0.0 0.0 0.09000000357627869 0.0 0.09000000357627869 -0.18000000715255737 0.09000000357627869 0.09000000357627869 0.550000011920929 0.0 -0.5099999904632568 -0.4699999988079071 0.0 0.0 0.0 0.0 0.0 0.0 0.0 0.0 0.0 0.0 0.09000000357627869 0.0 0.0 0.0 0.0 0.0 0.0 0.0 0.0 0.5099999904632568 -0.5099999904632568 0.0 0.0 0.0 0.09000000357627869 0.0 0.5099999904632568 -0.5099999904632568 0.0 0.0 0.0 0.0 0.0 0.0 0.0 0.0 0.09000000357627869 -0.6600000262260437 0.4300000071525574 0.0 0.0 0.09000000357627869 0.0 0.09000000357627869 -0.27000001072883606 0.0 0.09000000357627869
287 0.0 0.09000000357627869 0.0 0.09000000357627869 -0.6600000262260437 0.4300000071525574 -0.27000001072883606 0.09000000357627869 0.09000000357627869 0.0 0.0 -0.5099999904632568 0.0 0.0 0.09000000357627869 -0.6600000262260437 0.4300000071525574 -0.27000001072883606 0.09000000357627869 0.3100000023841858 0.09000000357627869 -0.550000011920929 0.5099999904632568 -0.5099999904632568 -0.4699999988079071 0.3100000023841858 0.0 0.09000000357627869 0.0 0.5099999904632568 -0.5099999904632568 -0.4699999988079071 0.3100000023841858 0.0 0.09000000357627869 0.05000000074505806 0.09000000357627869 0.09000000357627869 -0.6600000262260437 0.4300000071525574 0.5099999904632568 -0.5099999904632568 -0.4699999988079071 0.3100000023841858 0.0 0.09000000357627869 0.0 0.09000000357627869 0.09000000357627869 -0.18000000715255737 0.0 0.09000000357627869 0.550000011920929 -0.550000011920929 -0.6200000047683716 0.3199999928474426 0.30000001192092896 0.0 0.0 -0.4699999988079071 0.0 0.0 0.09000000357627869 -0.18000000715255737 0.09000000357627869 0.09000000357627869 0.0 0.09000000357627869 0.09000000357627869 0.0 -0.550000011920929 -0.6200000047683716 0.3199999928474426 0.30000001192092896 0.5099999904632568 -0.5099999904632568 0.0 0.0 0.0 0.09000000357627869 0.0 0.09000000357627869 -0.27000001072883606 0.09000000357627869 0.09000000357627869 0.09000000357627869 -0.27000001072883606 0.09000000357627869 0.09000000357627869 0.09000000357627869 0.0 -0.5099999904632568 0.0 0.0 0.0 0.0 0.0 0.09000000357627869 0.0 0.0 0.09000000357627869 0.0 0.0 0.09000000357627869 0.09000000357627869 -0.27000001072883606 0.09000000357627869 0.0 0.09000000357627869 0.0 0.0 0.0 0.0 0.0 0.0 -0.27000001072883606 0.0 0.09000000357627869 0.09000000357627869 0.5099999904632568 -0.5099999904632568 0.0 0.0 0.0 0.09000000357627869 0.05000000074505806 0.09000000357627869 0.09000000357627869 -0.6600000262260437 0.4300000071525574 0.5099999904632568 -0.5099999904632568 0.0 0.0 0.0 0.09000000357627869 0.0 0.0 0.0 0.09000000357627869 0.09000000357627869 0.0 -0.27000001072883606 0.09000000357627869 0.09000000357627869 0.09000000357627869 0.0 -0.5099999904632568 0.0 0.0 0.0 0.0 0.0 0.0 0.0 0.0 0.0 -0.27000001072883606 0.09000000357627869 0.0 0.0 0.0 0.0 0.0 0.0 0.0 0.0 0.0 0.0 0.0 0.09000000357627869 0.0 -0.27000001072883606 0.09000000357627869 0.09000000357627869 0.0 0.09000000357627869 0.0 -0.11999999731779099 0.11999999731779099 -0.11999999731779099 0.11999999731779099 0.0 0.0 0.0 0.0 -0.18000000715255737 0.09000000357627869 0.09000000357627869 0.0 0.0 0.09000000357627869 0.550000011920929 -0.550000011920929 -0.6200000047683716 0.3199999928474426 0.30000001192092896 0.5099999904632568 -0.5099999904632568 0.0 0.0 0.0 0.0 0.0 0.0 0.09000000357627869 0.0 0.0 0.0 0.0 0.0 0.0 0.0 0.0 0.5099999904632568 -0.5099999904632568 0.0 0.0 0.0 0.09000000357627869 0.0 0.5099999904632568 -0.5099999904632568 0.11999999731779099 0.0 0.0 0.0 0.09000000357627869 -0.6600000262260437 0.4300000071525574 0.0 0.0 0.09000000357627869 0.0 0.09000000357627869 0.0 0.09000000357627869 0.09000000357627869 0.0 0.0 0.0 0.3100000023841858 0.0 0.09000000357627869 -0.18000000715255737 0.09000000357627869 0.09000000357627869 -0.2800000011920929 0.09000000357627869 0.09000000357627869 0.6200000047683716 -0.7599999904632568 -0.7599999904632568 0.0 -0.5099999904632568 0.0 0.0 0.0 0.0 0.0 -0.27000001072883606 0.0 0.09000000357627869 0.09000000357627869 0.0 0.0 -0.4699999988079071 0.0 0.0 0.09000000357627869 0.0 0.09000000357627869 0.09000000357627869 0.09000000357627869 0.0 0.0 0.09000000357627869 0.0 0.0 0.09000000357627869 0.0 0.09000000357627869 0.0 -0.550000011920929 -0.6200000047683716 0.3199999928474426 0.30000001192092896
288 0.0 -0.6600000262260437 0.4300000071525574 -0.27000001072883606 0.09000000357627869 0.09000000357627869 0.0 0.5099999904632568 -0.5099999904632568 -0.4699999988079071 0.3100000023841858 0.0 0.09000000357627869 0.0 0.5099999904632568 -0.5099999904632568 -0.4699999988079071 0.3100000023841858 0.0 0.09000000357627869 0.05000000074505806 0.09000000357627869 0.09000000357627869 -0.6600000262260437 0.4300000071525574 0.5099999904632568 -0.5099999904632568 -0.4699999988079071 0.3100000023841858 0.0 0.09000000357627869 0.0 0.09000000357627869 0.09000000357627869 -0.18000000715255737 0.0 0.09000000357627869 0.550000011920929 -0.550000011920929 -0.6200000047683716 0.3199999928474426 0.30000001192092896 0.0 0.0 -0.4699999988079071 0.0 0.0 0.09000000357627869 -0.18000000715255737 0.09000000357627869 0.09000000357627869 0.0 0.09000000357627869 0.09000000357627869 0.0 -0.550000011920929 -0.6200000047683716 0.3199999928474426 0.30000001192092896 0.5099999904632568 -0.5099999904632568 0.0 0.0 0.0 0.09000000357627869 0.0 0.09000000357627869 -0.27000001072883606 0.09000000357627869 0.09000000357627869 0.09000000357627869 -0.27000001072883606 0.09000000357627869 0.09000000357627869 0.09000000357627869 0.0 -0.5099999904632568 0.0 0.0 0.07000000029802322 0.09000000357627869 -0.2800000011920929 0.09000000357627869 0.09000000357627869 0.6200000047683716 -0.7599999904632568 -0.7599999904632568 0.0 0.0 0.0 0.0 0.0 0.0 -0.27000001072883606 0.0 0.09000000357627869 0.09000000357627869 0.5099999904632568 -0.5099999904632568 0.0 0.0 0.0 0.09000000357627869 0.05000000074505806 0.09000000357627869 0.09000000357627869 -0.6600000262260437 0.4300000071525574 0.5099999904632568 -0.5099999904632568 0.0 0.0 0.0 0.09000000357627869 0.0 0.0 0.0 0.09000000357627869 0.09000000357627869 0.0 -0.27000001072883606 0.09000000357627869 0.09000000357627869 0.09000000357627869 0.0 -0.5099999904632568 0.0 0.0 0.0 0.0 0.0 0.0 0.0 0.0 0.0 -0.27000001072883606 0.09000000357627869 0.0 0.0 0.0 0.0 0.0 0.0 0.0 0.0 0.0 0.0 0.0 0.09000000357627869 0.0 0.09000000357627869 -0.6600000262260437 0.4300000071525574 -0.27000001072883606 0.09000000357627869 0.09000000357627869 0.09000000357627869 0.0 0.0 0.0 0.0 0.09000000357627869 0.09000000357627869 0.0 0.0 -0.18000000715255737 0.09000000357627869 -0.18000000715255737 0.09000000357627869 0.09000000357627869 0.0 0.0 0.0 0.0 0.0 0.09000000357627869 -0.18000000715255737 0.09000000357627869 -0.27000001072883606 0.09000000357627869 0.09000000357627869 0.09000000357627869 0.0 0.0 0.0 0.0 0.0 0.0 0.0 0.0 0.0 0.0 0.0 0.0 0.0 0.0 0.0 0.0 0.0 0.0 0.0 0.09000000357627869 0.0 -0.11999999731779099 0.11999999731779099 -0.11999999731779099 0.11999999731779099 0.0 0.0 -0.11999999731779099 0.0 0.0 0.0 0.0 0.0 0.0 0.0 0.0 -0.18000000715255737 0.09000000357627869 0.09000000357627869 0.0 0.0 0.09000000357627869 0.550000011920929 -0.550000011920929 -0.6200000047683716 0.3199999928474426 0.30000001192092896 0.5099999904632568 -0.5099999904632568 -0.4699999988079071 0.0 0.0 0.09000000357627869 0.0 -0.5099999904632568 -0.4699999988079071 0.0 0.0 0.0 0.0 0.0 0.0 0.0 0.0 0.0 0.0 0.0 0.0 0.0 0.09000000357627869 0.0 0.0 0.0 0.0 0.0 0.0 0.0 0.0 0.5099999904632568 -0.5099999904632568 0.0 0.0 0.0 0.09000000357627869 0.0 0.5099999904632568 -0.5099999904632568 0.0 0.0 0.0 0.09000000357627869 0.0 0.0 0.09000000357627869 0.0 -0.5099999904632568 0.0 0.0 0.0 0.0 0.0 0.0 0.0 0.0 0.0 0.11999999731779099 0.0 0.11999999731779099 0.0 0.0 0.0 0.0 0.0 0.0 0.0 0.0 0.0 0.0 0.0 0.0 0.0 0.0 0.09000000357627869 -0.6600000262260437 0.4300000071525574 0.5099999904632568 0.0 -0.4699999988079071 0.0 0.0 0.09000000357627869 -0.27000001072883606 0.09000000357627869 0.09000000357627869 0.09000000357627869 0.5099999904632568 -0.5099999904632568 -0.4699999988079071 0.0 0.0 0.0 0.0 0.0 0.0 0.0 0.0 0.0 0.0 0.0 0.0 0.0 0.0 0.0 0.0 0.0 0.0 0.0 0.0 0.09000000357627869 0.09000000357627869 0.0 0.0 0.0 0.0 0.0 0.0 -0.27000001072883606 0.09000000357627869 0.09000000357627869 0.09000000357627869 0.5099999904632568 0.0 0.0 0.0 0.0 0.0 0.0 0.0 0.0 0.09000000357627869 0.0 0.0 0.5099999904632568 -0.5099999904632568 0.0 0.0 0.09000000357627869 -0.2800000011920929 0.09000000357627869 0.6200000047683716 -0.7599999904632568 0.0 -0.5099999904632568 0.0 0.3100000023841858 0.0 0.0 0.0 0.09000000357627869 0.0 0.09000000357627869 0.0 0.09000000357627869 -0.27000001072883606 0.09000000357627869 0.0 0.09000000357627869 0.0 0.0 0.0 0.3100000023841858 0.0 0.09000000357627869 -0.18000000715255737 0.09000000357627869 0.09000000357627869 -0.2800000011920929 0.09000000357627869 0.09000000357627869 0.6200000047683716 -0.7599999904632568 -0.7599999904632568 0.0 -0.5099999904632568 -0.4699999988079071 0.0 0.0 0.09000000357627869 -0.27000001072883606 0.09000000357627869 0.0 0.0 -0.5099999904632568 0.0 0.0 0.0 0.0 0.0 0.09000000357627869 0.0 0.0 0.0 0.0 0.0 0.0 0.0 0.0 0.0 0.0 0.0 0.0 0.0 0.0 0.0 0.0 0.0 0.0 -0.27000001072883606 0.0 0.09000000357627869 0.09000000357627869 0.0 0.0 -0.4699999988079071 0.0 0.0 0.09000000357627869 0.0 0.09000000357627869 0.09000000357627869 0.0 0.09000000357627869 -0.18000000715255737 0.09000000357627869 0.0 0.0 -0.4699999988079071 0.0 0.0 0.0 0.0 0.0 0.0 0.0 0.0 0.0 0.09000000357627869 0.0 0.0 0.0 -0.09000000357627869 0.0 0.0 0.0 0.0 0.5099999904632568 -0.4699999988079071 0.0 0.0 0.09000000357627869 0.0 0.0 0.09000000357627869 0.0 0.0 0.09000000357627869 0.0 -0.550000011920929 -0.6200000047683716 0.3199999928474426 0.30000001192092896
289 -0.4699999988079071 0.3100000023841858 0.0 0.09000000357627869 0.0 0.09000000357627869 -0.6600000262260437 0.4300000071525574 -0.27000001072883606 0.09000000357627869 0.09000000357627869 0.0 0.0 -0.5099999904632568 0.0 0.0 0.0 0.09000000357627869 0.0 0.09000000357627869 -0.6600000262260437 0.4300000071525574 -0.27000001072883606 0.09000000357627869 0.09000000357627869 0.09000000357627869 0.0 0.0 0.3100000023841858 0.0 0.09000000357627869 0.0 0.5099999904632568 -0.5099999904632568 -0.4699999988079071 0.0 0.09000000357627869 0.5099999904632568 -0.5099999904632568 -0.4699999988079071 0.3100000023841858 0.0 0.09000000357627869 0.0 0.09000000357627869 0.09000000357627869 -0.18000000715255737 0.0 0.09000000357627869 0.550000011920929 -0.6200000047683716 0.30000001192092896 0.0 0.0 -0.4699999988079071 0.0 0.0 0.09000000357627869 -0.18000000715255737 0.09000000357627869 0.09000000357627869 0.0 0.09000000357627869 0.09000000357627869 0.0 -0.550000011920929 -0.6200000047683716 0.3199999928474426 0.30000001192092896 0.5099999904632568 -0.5099999904632568 0.0 0.0 0.0 0.09000000357627869 0.0 0.09000000357627869 -0.27000001072883606 0.09000000357627869 0.09000000357627869 0.09000000357627869 -0.27000001072883606 0.09000000357627869 0.09000000357627869 0.09000000357627869 0.0 -0.5099999904632568 0.0 0.0 0.07000000029802322 0.09000000357627869 -0.2800000011920929 0.09000000357627869 0.09000000357627869 0.6200000047683716 -0.7599999904632568 -0.7599999904632568 0.0 0.0 0.0 0.0 0.0 0.0 0.0 0.09000000357627869 0.0 0.0 0.09000000357627869 0.0 0.0 0.09000000357627869 0.09000000357627869 -0.27000001072883606 0.09000000357627869 0.0 0.09000000357627869 0.0 0.0 0.0 0.0 0.0 0.09000000357627869 0.05000000074505806 0.09000000357627869 0.09000000357627869 -0.6600000262260437 0.4300000071525574 0.5099999904632568 -0.5099999904632568 0.0 0.0 0.0 0.09000000357627869 0.0 0.0 0.0 0.09000000357627869 0.09000000357627869 0.0 -0.27000001072883606 0.09000000357627869 0.09000000357627869 0.09000000357627869 0.0 -0.5099999904632568 0.0 0.0 0.0 0.0 0.0 0.0 0.0 0.0 0.0 -0.27000001072883606 0.09000000357627869 0.0 0.0 0.0 0.0 0.0 0.0 0.0 0.0 0.0 0.0 0.0 0.09000000357627869 0.0 0.09000000357627869 -0.6600000262260437 0.4300000071525574 -0.27000001072883606 0.09000000357627869 0.09000000357627869 0.09000000357627869 0.0 0.0 0.0 0.0 0.09000000357627869 0.09000000357627869 0.0 0.0 -0.18000000715255737 0.09000000357627869 0.09000000357627869 -0.18000000715255737 0.09000000357627869 0.09000000357627869 0.0 0.0 0.0 0.0 0.0 0.09000000357627869 0.09000000357627869 0.0 0.0 0.0 0.0 -0.18000000715255737 0.09000000357627869 -0.27000001072883606 0.09000000357627869 0.09000000357627869 0.0 0.0 0.0 0.0 0.0 0.0 0.0 0.0 0.0 0.0 0.0 0.0 0.0 0.0 0.0 0.0 0.0 0.0 0.0 0.0 0.0 0.0 0.09000000357627869 -0.27000001072883606 0.0 0.09000000357627869 -0.5099999904632568 0.0 0.09000000357627869 -0.18000000715255737 0.09000000357627869 0.0 0.0 0.09000000357627869 0.09000000357627869 0.5099999904632568 -0.5099999904632568 0.0 0.3100000023841858 0.0 0.09000000357627869 0.09000000357627869 0.5099999904632568 -0.5099999904632568 -0.4699999988079071 0.0 0.07000000029802322 0.09000000357627869 0.0 0.5099999904632568 -0.5099999904632568 -0.28999999165534973 0.0 0.0 0.0 -0.18000000715255737 0.09000000357627869 0.09000000357627869 0.0 0.0 0.0 0.0 0.0 0.09000000357627869 0.5099999904632568 -0.5099999904632568 -0.4699999988079071 0.0 0.0 0.09000000357627869 0.0 0.09000000357627869 0.09000000357627869 0.0 -0.11999999731779099 0.11999999731779099 -0.11999999731779099 0.11999999731779099 0.0 0.0 -0.11999999731779099 0.11999999731779099 0.0 0.0 0.0 0.0 0.0 0.0 0.0 0.0 -0.18000000715255737 0.09000000357627869 0.09000000357627869 0.0 0.0 0.09000000357627869 0.550000011920929 -0.550000011920929 -0.6200000047683716 0.3199999928474426 0.30000001192092896 0.5099999904632568 -0.5099999904632568 -0.4699999988079071 0.0 0.0 0.09000000357627869 0.0 0.09000000357627869 0.09000000357627869 -0.18000000715255737 0.09000000357627869 0.09000000357627869 0.0 -0.5099999904632568 -0.4699999988079071 0.0 0.0 0.0 -0.27000001072883606 0.09000000357627869 0.0 0.09000000357627869 0.0 0.0 0.0 0.0 0.0 0.0 0.0 0.0 0.0 0.0 0.09000000357627869 0.0 0.0 0.0 0.0 0.0 0.0 0.0 0.0 0.5099999904632568 -0.5099999904632568 0.0 0.0 0.0 0.09000000357627869 0.0 0.5099999904632568 -0.5099999904632568 0.0 0.0 0.0 0.0 0.0 0.0 0.0 0.0 0.0 0.0 0.11999999731779099 0.0 0.11999999731779099 0.0 0.0 0.0 0.0 0.0 0.0 0.09000000357627869 -0.6600000262260437 0.4300000071525574 0.09000000357627869 0.0 0.09000000357627869 0.0 0.09000000357627869 0.0 0.0 0.0 0.0 0.0 0.0 0.0 0.0 -0.27000001072883606 0.0 0.09000000357627869 0.09000000357627869 0.0 0.0 0.0 0.09000000357627869 0.0 0.0 0.09000000357627869
29 0.0 0.0 0.0 0.09000000357627869 0.0 0.0 0.0 0.0 0.0 0.0 -0.11999999731779099 0.0 0.0 0.11999999731779099 0.0 0.0 0.0 0.0 0.0 0.0 0.0 0.0 0.0 0.0 0.0 0.0 0.0 0.0 0.0 0.09000000357627869 0.0 0.0 0.09000000357627869 0.0 0.0 0.0 0.0 0.0 0.0 0.0 0.0 0.0 0.0 0.0 0.0 0.0 0.0 0.0 0.0 0.0 0.09000000357627869 0.0 0.0 0.0 0.09000000357627869 0.0 0.09000000357627869 0.09000000357627869 0.20999999344348907 0.05000000074505806 0.05000000074505806 -0.30000001192092896 0.33000001311302185 0.0 0.33000001311302185 0.0 0.0 0.0 0.0 0.0 0.0 0.0 0.0 0.0 0.0 0.0 0.0 -0.09000000357627869 -0.2199999988079071 0.09000000357627869 0.09000000357627869 0.0 0.0 -0.5099999904632568 0.0 0.3100000023841858 0.0 0.09000000357627869 0.05000000074505806 0.09000000357627869 0.09000000357627869 0.0 0.09000000357627869 0.0 0.09000000357627869 0.09000000357627869 0.0 -0.5099999904632568 0.0 0.0 0.09000000357627869 0.09000000357627869 0.0 0.0 -0.18000000715255737 0.09000000357627869 0.09000000357627869 -0.18000000715255737 0.09000000357627869 0.09000000357627869 0.5099999904632568 -0.5099999904632568 -0.4699999988079071 0.0 0.0 0.09000000357627869 0.0 0.09000000357627869 0.09000000357627869 0.6200000047683716 -0.7599999904632568 -0.7599999904632568 0.0 0.0 0.0 0.3100000023841858 0.0 0.09000000357627869 -0.18000000715255737 0.09000000357627869 0.09000000357627869 0.0 0.09000000357627869 0.09000000357627869 -0.18000000715255737 0.5099999904632568 -0.5099999904632568 0.0 0.0 0.0 0.09000000357627869 0.0 0.0 0.0 -0.18000000715255737 0.09000000357627869 0.09000000357627869 0.20000000298023224 0.09000000357627869 0.09000000357627869 -0.699999988079071 0.4399999976158142 0.6399999856948853 -0.800000011920929 0.46000000834465027 0.46000000834465027 -0.800000011920929 0.46000000834465027 0.46000000834465027 0.5099999904632568 0.0 0.0 0.3100000023841858 0.0 0.0 0.0 0.09000000357627869 0.0 -0.18000000715255737 0.09000000357627869 0.09000000357627869 -0.18000000715255737 0.09000000357627869 0.09000000357627869 0.20999999344348907 0.05000000074505806 0.05000000074505806 0.0 0.0 0.0 0.0 0.0 0.0 0.0 0.0 0.0 0.0 0.0 0.0 0.0 0.0 0.0 0.09000000357627869 0.0 0.0 -0.27000001072883606 0.09000000357627869 0.0 0.09000000357627869 0.0 0.0 0.0 0.0 0.0 0.0 0.0 0.0 0.0 0.0 0.0 0.0 0.0 0.09000000357627869 0.0 0.0 0.0 0.0 0.0 0.0 0.0 0.0 0.11999999731779099 0.0 0.0 0.0 0.0 0.0 0.0 0.0 0.0 0.0 0.0 -0.18000000715255737 0.09000000357627869 0.0 0.0 0.0 0.0 0.0 0.0 0.0 0.0 0.0 0.0 0.0 0.0 0.0 0.0 0.0 0.0 0.0 0.0 0.0 0.0 0.0 0.0 0.0 0.0 0.0 0.0 0.0 0.0 0.0 0.0 0.0 0.0 0.0 0.0 0.0 0.0 0.0 0.0 -0.7599999904632568 0.0 0.0 0.0 0.0 0.0 0.09000000357627869 0.0 0.09000000357627869 0.09000000357627869 0.0 0.09000000357627869 0.0 0.0 0.0 0.0 -0.699999988079071 0.4399999976158142 0.6399999856948853 -0.800000011920929 0.46000000834465027 0.0 0.5099999904632568 0.0 0.0 -0.6600000262260437 0.4300000071525574 0.0 0.0 0.0 0.0 0.0 0.6200000047683716 -0.7599999904632568 -0.7599999904632568 0.0 -0.2800000011920929 0.09000000357627869 0.6200000047683716 -0.7599999904632568 -0.7599999904632568 0.0 0.0 0.0 0.11999999731779099 0.0 0.0 0.0 0.11999999731779099 0.4300000071525574 0.0 0.0 -0.18000000715255737 0.09000000357627869 0.09000000357627869 0.0 0.0 0.20000000298023224 0.09000000357627869 0.09000000357627869 -0.800000011920929 0.46000000834465027 0.46000000834465027 0.0 0.0 0.0 0.0 0.0 0.0 0.0 0.0 0.0 0.09000000357627869 0.0 0.0 -0.27000001072883606 0.09000000357627869 0.09000000357627869 0.09000000357627869 0.0 0.0 0.0 0.0 0.0 0.0 0.0 0.09000000357627869 0.0 0.0 0.0 0.0 0.11999999731779099 0.0 0.0 0.0 0.0 0.0 0.0 0.0 0.0 0.0 0.0 0.0 0.0 0.0 0.0 0.0 0.0 0.0 0.09000000357627869 0.0 0.0 0.09000000357627869 0.0 -0.27000001072883606 0.09000000357627869 -0.27000001072883606 0.09000000357627869 0.09000000357627869 0.0 0.0 0.0 0.3100000023841858 0.0 0.0 0.0 0.0 0.0 0.0 -0.11999999731779099 0.0 0.0 0.11999999731779099 0.0 -0.5099999904632568 0.0 0.0 0.0 0.0 -0.18000000715255737 0.0 0.09000000357627869 0.0 0.0 0.0 -0.11999999731779099 0.11999999731779099 -0.11999999731779099 0.11999999731779099 0.0 0.0 0.0 0.0 0.5099999904632568 0.0 0.0 0.0 0.0 0.0 -0.18000000715255737 0.09000000357627869 0.0 -0.029999999329447746 0.0 0.0 0.0 0.0 0.23999999463558197 0.10999999940395355 -0.25 0.17000000178813934 -0.20000000298023224 0.14000000059604645 -0.27000001072883606 0.0 -0.14000000059604645 0.14000000059604645 0.5099999904632568 0.0 0.0 0.0 0.0 0.0 0.0 0.09000000357627869 0.09000000357627869 0.0 0.0 0.0 -0.09000000357627869 0.0 0.0 0.0 0.0 0.0 -0.5099999904632568 0.0 0.0 0.0 0.09000000357627869 0.0 0.0 0.09000000357627869 0.0 0.09000000357627869 0.0 0.550000011920929 -0.550000011920929 -0.6200000047683716 0.0 0.0 0.5099999904632568 -0.5099999904632568 0.0 0.0 0.0 0.0 0.0 0.09000000357627869 0.09000000357627869 0.0 0.0 0.09000000357627869 0.6200000047683716 -0.7599999904632568 -0.7599999904632568 0.0 -0.5099999904632568 -0.7599999904632568
290 0.0 -0.6600000262260437 0.4300000071525574 -0.27000001072883606 0.09000000357627869 0.09000000357627869 0.0 0.0 -0.5099999904632568 0.0 0.0 0.09000000357627869 0.0 0.09000000357627869 -0.6600000262260437 0.4300000071525574 -0.27000001072883606 0.09000000357627869 0.09000000357627869 0.09000000357627869 0.0 0.0 0.3100000023841858 -0.5099999904632568 0.5099999904632568 -0.5099999904632568 -0.4699999988079071 0.0 0.09000000357627869 0.0 -0.18000000715255737 0.0 0.09000000357627869 0.0 0.0 -0.4699999988079071 0.0 0.0 0.09000000357627869 -0.18000000715255737 0.09000000357627869 0.09000000357627869 0.0 0.09000000357627869 0.5099999904632568 -0.5099999904632568 0.0 0.0 0.0 0.09000000357627869 0.0 0.09000000357627869 -0.27000001072883606 0.09000000357627869 0.09000000357627869 0.09000000357627869 -0.27000001072883606 0.09000000357627869 0.09000000357627869 0.09000000357627869 0.0 -0.5099999904632568 0.0 0.0 0.07000000029802322 0.09000000357627869 -0.2800000011920929 0.09000000357627869 0.09000000357627869 0.6200000047683716 -0.7599999904632568 -0.7599999904632568 0.0 0.0 0.0 0.0 0.0 0.0 0.0 0.09000000357627869 0.0 0.0 0.09000000357627869 0.0 0.0 0.09000000357627869 0.09000000357627869 -0.27000001072883606 0.09000000357627869 0.0 0.09000000357627869 0.0 0.0 0.0 0.0 0.0 0.0 -0.27000001072883606 0.0 0.09000000357627869 0.09000000357627869 0.5099999904632568 -0.5099999904632568 0.0 0.0 0.0 0.09000000357627869 0.0 0.0 0.0 0.09000000357627869 0.09000000357627869 0.0 -0.27000001072883606 0.09000000357627869 0.09000000357627869 0.09000000357627869 0.0 -0.5099999904632568 0.0 0.0 0.0 0.0 0.0 0.0 0.0 0.0 0.0 -0.27000001072883606 0.09000000357627869 0.0 0.0 0.0 0.0 0.0 0.0 0.0 0.0 0.0 0.0 0.0 0.09000000357627869 0.0 0.09000000357627869 -0.6600000262260437 0.4300000071525574 -0.27000001072883606 0.09000000357627869 0.09000000357627869 0.09000000357627869 0.0 0.0 0.0 0.0 0.09000000357627869 0.09000000357627869 0.0 0.0 -0.18000000715255737 0.09000000357627869 0.09000000357627869 -0.18000000715255737 0.09000000357627869 0.09000000357627869 0.0 0.0 0.0 0.09000000357627869 0.0 0.0 -0.18000000715255737 0.09000000357627869 -0.27000001072883606 0.09000000357627869 0.09000000357627869 0.09000000357627869 0.0 0.0 0.0 0.0 0.0 0.09000000357627869 -0.5099999904632568 0.09000000357627869 0.0 0.09000000357627869 0.0 -0.11999999731779099 0.11999999731779099 -0.11999999731779099 0.11999999731779099 0.0 0.0 -0.11999999731779099 0.0 0.0 0.0 0.0 0.0 0.0 0.0 0.0 -0.18000000715255737 0.09000000357627869 0.09000000357627869 0.0 0.0 0.09000000357627869 0.550000011920929 -0.550000011920929 -0.6200000047683716 0.3199999928474426 0.30000001192092896 0.5099999904632568 -0.5099999904632568 0.0 0.0 0.0 0.0 0.0 0.0 0.0 0.0 0.09000000357627869 0.0 0.0 0.0 0.0 0.0 0.0 0.0 0.0 0.5099999904632568 -0.5099999904632568 0.0 0.0 0.0 0.0 0.4300000071525574 0.0 0.0 0.0 -0.27000001072883606 0.0 0.09000000357627869 0.09000000357627869 0.0 0.0 0.09000000357627869 0.0 0.0 0.09000000357627869 0.0 0.5099999904632568 -0.5099999904632568 -0.4699999988079071 0.0 0.0 0.09000000357627869 0.0 0.0 0.09000000357627869 0.0 0.0 0.09000000357627869 0.0 -0.550000011920929 -0.6200000047683716 0.3199999928474426 0.30000001192092896 0.0 -0.5099999904632568 -0.27000001072883606 0.09000000357627869 0.09000000357627869 0.09000000357627869 0.09000000357627869 0.20999999344348907 0.05000000074505806 0.05000000074505806 -0.30000001192092896 0.33000001311302185 0.33000001311302185
291 -0.5099999904632568 0.0 0.09000000357627869 0.0 -0.18000000715255737 0.0 0.09000000357627869 0.550000011920929 -0.6200000047683716 0.3199999928474426 0.30000001192092896 0.0 0.0 -0.4699999988079071 0.0 0.09000000357627869 -0.18000000715255737 0.09000000357627869 0.5099999904632568 -0.5099999904632568 0.0 0.0 0.0 0.09000000357627869 0.0 0.09000000357627869 -0.27000001072883606 0.09000000357627869 0.09000000357627869 0.09000000357627869 -0.27000001072883606 0.09000000357627869 0.0 -0.5099999904632568 0.0 0.0 0.07000000029802322 0.09000000357627869 -0.2800000011920929 0.09000000357627869 0.09000000357627869 0.6200000047683716 -0.7599999904632568 -0.7599999904632568 0.0 0.0 0.0 0.0 0.0 0.0 0.0 0.09000000357627869 0.0 0.0 0.09000000357627869 0.0 0.0 0.09000000357627869 0.09000000357627869 -0.27000001072883606 0.09000000357627869 0.0 0.09000000357627869 0.0 0.0 0.0 0.0 0.0 0.0 -0.27000001072883606 0.0 0.09000000357627869 0.09000000357627869 0.5099999904632568 -0.5099999904632568 0.0 0.0 0.0 0.09000000357627869 0.05000000074505806 0.09000000357627869 0.09000000357627869 -0.6600000262260437 0.4300000071525574 0.5099999904632568 -0.5099999904632568 0.0 0.0 0.0 0.0 0.0 0.0 0.0 0.0 0.0 -0.27000001072883606 0.09000000357627869 0.0 0.0 0.0 0.0 0.0 0.0 0.0 0.0 0.0 0.0 0.0 0.09000000357627869 0.0 0.09000000357627869 -0.6600000262260437 0.4300000071525574 -0.27000001072883606 0.09000000357627869 0.09000000357627869 0.09000000357627869 0.0 0.0 0.0 0.0 0.09000000357627869 0.09000000357627869 0.0 0.0 -0.18000000715255737 0.09000000357627869 -0.18000000715255737 0.09000000357627869 0.09000000357627869 0.0 0.0 0.0 0.0 0.0 -0.18000000715255737 0.09000000357627869 0.09000000357627869 0.5099999904632568 0.0 0.0 0.0 0.09000000357627869 0.0 0.0 -0.27000001072883606 0.09000000357627869 0.09000000357627869 0.09000000357627869 -0.18000000715255737 0.09000000357627869 0.09000000357627869 -0.27000001072883606 0.09000000357627869 0.09000000357627869 0.09000000357627869 0.0 -0.5099999904632568 0.0 0.0 0.0 0.0 0.0 0.0 0.0 0.0 0.0 0.0 0.0 0.0 0.0 0.0 0.0 -0.11999999731779099 0.11999999731779099 -0.11999999731779099 0.11999999731779099 0.0 0.0 0.0 0.0 0.0 0.0 -0.18000000715255737 0.09000000357627869 0.0 0.0 0.09000000357627869 0.550000011920929 -0.6200000047683716 0.3199999928474426 0.30000001192092896 0.0 0.0 0.0 0.0 0.0 0.0 0.09000000357627869 0.0 0.0 0.0 0.0 0.0 0.0 0.0 0.0 0.5099999904632568 -0.5099999904632568 0.0 0.11999999731779099 0.0 0.11999999731779099 0.0 0.0 0.0 -0.6600000262260437 0.4300000071525574 0.0 0.0 0.09000000357627869 0.09000000357627869 0.0 0.0 0.0 0.0 0.0 0.0 -0.5099999904632568 0.0 0.0 0.0 0.09000000357627869 0.0 0.09000000357627869 0.0 0.09000000357627869 0.0 0.0 0.0 0.3100000023841858 0.0 0.09000000357627869 -0.18000000715255737 0.09000000357627869 0.09000000357627869 -0.2800000011920929 0.09000000357627869 0.09000000357627869 0.6200000047683716 -0.7599999904632568 -0.7599999904632568 0.0 -0.5099999904632568 -0.4699999988079071 0.0 0.0 0.09000000357627869 0.0 -0.5099999904632568 0.0 0.0 0.0 0.0 0.0 0.09000000357627869 0.0 0.0 0.0 0.0 0.0 0.0 0.0 0.0 0.0 0.0 0.0 0.0 0.0 0.0 0.0 0.0 0.0 0.0 -0.27000001072883606 0.0 0.09000000357627869 0.09000000357627869 0.0 0.0 -0.4699999988079071 0.0 0.0 0.09000000357627869 0.0 0.09000000357627869 0.09000000357627869 0.0 0.09000000357627869 0.09000000357627869 -0.18000000715255737 0.09000000357627869 0.09000000357627869 0.20999999344348907 0.05000000074505806 0.05000000074505806 -0.30000001192092896 0.33000001311302185 0.0 0.0 -0.4699999988079071 0.0 0.0 0.09000000357627869 0.0 0.09000000357627869 0.0 0.09000000357627869 0.0 -0.5099999904632568 0.0 0.0 0.0 0.0 0.0 0.0 0.09000000357627869 0.0 0.0 0.0 -0.09000000357627869 0.0 0.0 0.0 0.0 0.5099999904632568 -0.5099999904632568 -0.4699999988079071 0.0 0.0 0.09000000357627869 0.0 0.0 0.09000000357627869 0.0 0.0 0.09000000357627869 0.0 -0.550000011920929 -0.6200000047683716 0.3199999928474426 0.30000001192092896 0.0 -0.5099999904632568 0.0 0.0 0.0 0.09000000357627869 -0.18000000715255737 0.09000000357627869 0.09000000357627869 0.550000011920929 -0.550000011920929 -0.6200000047683716 0.3199999928474426 0.30000001192092896 0.5099999904632568 -0.5099999904632568 -0.4699999988079071 0.0 0.0 0.0 0.09000000357627869 0.09000000357627869 0.5099999904632568 -0.4699999988079071 0.0 0.0 0.09000000357627869 -0.27000001072883606 0.09000000357627869 0.09000000357627869 0.09000000357627869 0.5099999904632568 -0.5099999904632568 0.0 0.0 0.0 -0.18000000715255737 0.09000000357627869 -0.18000000715255737 0.09000000357627869 0.09000000357627869 -0.18000000715255737 0.09000000357627869 0.09000000357627869 0.20999999344348907 0.05000000074505806 0.05000000074505806 -0.30000001192092896 0.33000001311302185 0.33000001311302185 0.33000001311302185
292 0.0 0.09000000357627869 0.0 0.09000000357627869 -0.18000000715255737 0.0 0.09000000357627869 0.550000011920929 -0.6200000047683716 0.3199999928474426 0.30000001192092896 0.0 0.0 -0.4699999988079071 0.0 0.0 0.09000000357627869 -0.18000000715255737 0.09000000357627869 0.09000000357627869 0.0 0.09000000357627869 0.09000000357627869 0.30000001192092896 0.5099999904632568 -0.5099999904632568 0.0 0.0 0.0 0.09000000357627869 0.09000000357627869 0.0 -0.5099999904632568 0.0 0.0 0.07000000029802322 0.09000000357627869 -0.2800000011920929 0.09000000357627869 0.09000000357627869 0.6200000047683716 -0.7599999904632568 -0.7599999904632568 0.0 0.0 0.0 0.0 0.0 0.0 0.0 0.09000000357627869 0.0 0.0 0.09000000357627869 0.0 0.0 0.09000000357627869 0.09000000357627869 -0.27000001072883606 0.09000000357627869 0.0 0.09000000357627869 0.0 0.0 0.0 0.0 0.0 0.0 -0.27000001072883606 0.0 0.09000000357627869 0.09000000357627869 0.5099999904632568 -0.5099999904632568 0.0 0.0 0.0 0.09000000357627869 0.05000000074505806 0.09000000357627869 0.09000000357627869 -0.6600000262260437 0.4300000071525574 0.5099999904632568 -0.5099999904632568 0.0 0.0 0.0 0.09000000357627869 0.0 0.0 0.0 0.09000000357627869 0.09000000357627869 0.0 -0.27000001072883606 0.09000000357627869 0.09000000357627869 0.09000000357627869 0.0 -0.5099999904632568 0.0 0.0 0.0 0.09000000357627869 0.0 0.09000000357627869 -0.6600000262260437 0.4300000071525574 -0.27000001072883606 0.09000000357627869 0.09000000357627869 0.09000000357627869 0.0 0.0 0.0 0.0 0.09000000357627869 0.09000000357627869 0.0 0.0 -0.18000000715255737 0.09000000357627869 0.09000000357627869 -0.18000000715255737 0.09000000357627869 0.09000000357627869 0.0 0.0 0.0 0.0 0.0 0.0 -0.18000000715255737 0.09000000357627869 0.09000000357627869 -0.2800000011920929 0.09000000357627869 0.09000000357627869 0.6200000047683716 -0.7599999904632568 -0.7599999904632568 0.5099999904632568 -0.5099999904632568 0.0 0.0 0.0 0.09000000357627869 0.0 0.0 -0.27000001072883606 0.09000000357627869 0.09000000357627869 0.09000000357627869 -0.18000000715255737 0.09000000357627869 0.09000000357627869 -0.27000001072883606 0.09000000357627869 0.09000000357627869 0.09000000357627869 0.0 -0.5099999904632568 0.0 0.0 0.0 0.0 0.0 0.0 0.0 0.0 0.0 0.0 0.0 0.0 0.0 0.0 0.0 0.0 0.0 0.0 0.0 0.0 0.0 -0.27000001072883606 0.0 0.09000000357627869 0.0 -0.28999999165534973 0.0 0.0 -0.18000000715255737 0.09000000357627869 0.0 0.0 0.0 0.0 0.0 0.0 0.0 0.0 0.0 0.0 0.0 0.09000000357627869 0.09000000357627869 0.0 0.09000000357627869 0.0 0.0 0.0 0.0 0.0 0.0 0.0 0.0 0.0 0.0 0.0 0.0 0.09000000357627869 -0.27000001072883606 0.0 0.09000000357627869 0.0 0.0 0.0 0.0 0.0 0.0 0.09000000357627869 0.09000000357627869 0.09000000357627869 0.09000000357627869 0.0 0.0 0.09000000357627869 0.09000000357627869 -0.5099999904632568 0.0 0.09000000357627869 0.0 0.09000000357627869 0.09000000357627869 0.0 -0.11999999731779099 0.11999999731779099 -0.11999999731779099 0.11999999731779099 0.0 0.0 -0.11999999731779099 0.11999999731779099 0.0 0.0 0.0 0.0 0.0 0.0 0.0 0.0 -0.18000000715255737 0.09000000357627869 0.0 0.0 0.09000000357627869 0.550000011920929 -0.6200000047683716 0.3199999928474426 0.30000001192092896 0.5099999904632568 -0.5099999904632568 0.0 -0.27000001072883606 0.0 0.09000000357627869 0.0 0.0 0.0 0.0 0.0 0.0 0.0 0.0 0.0 0.0 0.09000000357627869 0.0 0.0 0.0 0.0 0.0 0.0 0.0 0.0 0.5099999904632568 -0.5099999904632568 0.0 0.0 0.0 0.09000000357627869 0.0 0.5099999904632568 -0.5099999904632568 0.0 0.0 0.0 0.0 -0.5099999904632568 0.0 0.0 0.0 0.0 0.0 0.0 0.0 0.0 0.0 0.11999999731779099 0.0 0.11999999731779099 0.0 0.0 0.0 0.0 0.0 0.0 0.0 0.0 0.0 0.0 0.0 0.0 0.0 0.0 0.09000000357627869 -0.6600000262260437 0.4300000071525574 0.5099999904632568 0.0 -0.4699999988079071 0.0 0.0 0.0 0.0 0.0 0.0 0.0 0.0 0.0 0.0 0.0 0.0 0.0 0.0 0.0 0.0 0.0 0.0 0.09000000357627869 0.09000000357627869 0.0 0.0 0.0 0.0 0.09000000357627869 0.0 0.0 0.0 0.09000000357627869 0.0 0.0 0.0 0.0 0.0 0.0 0.0 0.0 -0.09000000357627869 0.0 0.0 0.0 0.0 0.0 0.09000000357627869 0.0 0.09000000357627869 0.0 0.0 0.0 0.0 0.0 0.0 0.0 0.0 0.0 -0.27000001072883606 0.09000000357627869 0.0 0.09000000357627869 -0.28999999165534973 0.0 0.0 0.09000000357627869 -0.18000000715255737 0.0 0.0 0.09000000357627869 0.0 0.0 0.0 0.0 0.0 0.0 0.0 0.0 0.0 0.0 0.0 -0.4699999988079071 0.0 0.09000000357627869 0.0 0.0 0.0 0.0 0.0 0.09000000357627869 0.0 0.0 0.0 0.0 0.0 -0.5099999904632568 0.0 0.3100000023841858 0.0 0.0 0.0 0.09000000357627869 0.0 0.09000000357627869 0.0 0.09000000357627869 -0.27000001072883606 0.09000000357627869 0.0 0.09000000357627869 0.0 0.0 0.0 0.3100000023841858 0.0 0.09000000357627869 -0.18000000715255737 0.09000000357627869 0.09000000357627869 -0.2800000011920929 0.09000000357627869 0.09000000357627869 0.0 -0.5099999904632568 -0.4699999988079071 0.0 0.0 0.09000000357627869 0.0 0.0 -0.5099999904632568 0.0 0.0 0.0 0.0 0.0 0.09000000357627869 0.0 0.0 0.0 0.0 0.0 0.0 0.0 0.0 0.0 0.0 0.0 0.0 0.0 0.0 0.0 0.0 0.0 0.0 -0.27000001072883606 0.0 0.09000000357627869 0.09000000357627869 0.0 0.0 -0.4699999988079071 0.0 0.0 0.09000000357627869 0.0 0.09000000357627869 0.09000000357627869 0.0 0.09000000357627869 0.09000000357627869 0.0 0.0 -0.4699999988079071 0.0 0.0 0.09000000357627869 0.0 0.09000000357627869 0.0 0.09000000357627869 0.0 -0.5099999904632568 0.0 0.0 0.0 0.0 0.0 0.0 0.09000000357627869 0.0 0.0 0.0 -0.09000000357627869 0.0 0.0 0.0 0.0 0.5099999904632568 -0.5099999904632568 -0.4699999988079071 0.0 0.0 0.09000000357627869 0.0 0.0 0.09000000357627869 0.0 0.0 0.09000000357627869 0.0 -0.550000011920929 -0.6200000047683716 0.3199999928474426 0.30000001192092896 0.0 -0.5099999904632568 0.0 0.0 0.0 0.09000000357627869 0.5099999904632568 -0.4699999988079071 0.0 0.0 0.0 0.09000000357627869 0.09000000357627869 0.0 -0.6200000047683716 0.30000001192092896 0.5099999904632568 -0.4699999988079071 0.0 0.0 0.09000000357627869 -0.27000001072883606 0.09000000357627869 0.09000000357627869 0.09000000357627869 0.5099999904632568 0.0 0.09000000357627869 0.05000000074505806
293 -0.5099999904632568 0.0 0.0 0.0 0.0 0.0 0.0 0.0 0.09000000357627869 0.0 0.0 -0.27000001072883606 0.0 0.09000000357627869 0.0 0.0 0.0 0.0 0.0 0.0 -0.27000001072883606 0.0 0.09000000357627869 0.09000000357627869 0.5099999904632568 -0.5099999904632568 0.0 0.0 0.0 0.09000000357627869 0.05000000074505806 0.09000000357627869 0.09000000357627869 -0.6600000262260437 0.4300000071525574 0.5099999904632568 -0.5099999904632568 0.0 0.0 0.0 0.09000000357627869 0.0 0.0 0.0 0.09000000357627869 0.09000000357627869 0.0 -0.27000001072883606 0.09000000357627869 0.09000000357627869 0.09000000357627869 0.0 -0.5099999904632568 0.0 0.0 0.0 0.0 0.0 0.0 0.0 0.0 0.0 -0.27000001072883606 0.09000000357627869 0.0 0.0 0.0 0.0 0.0 0.0 0.0 0.0 0.0 0.0 0.09000000357627869 0.09000000357627869 0.0 0.0 -0.18000000715255737 0.09000000357627869 0.09000000357627869 -0.18000000715255737 0.09000000357627869 0.09000000357627869 0.0 0.0 0.0 0.0 0.0 0.0 -0.18000000715255737 0.09000000357627869 0.09000000357627869 -0.2800000011920929 0.09000000357627869 0.09000000357627869 0.6200000047683716 -0.7599999904632568 -0.7599999904632568 0.5099999904632568 -0.5099999904632568 0.0 0.0 0.0 0.09000000357627869 0.0 0.0 -0.27000001072883606 0.09000000357627869 0.09000000357627869 0.09000000357627869 -0.18000000715255737 0.09000000357627869 0.09000000357627869 -0.27000001072883606 0.09000000357627869 0.09000000357627869 0.09000000357627869 0.0 -0.5099999904632568 0.0 0.0 0.0 0.0 0.0 0.0 0.0 0.0 0.0 0.0 0.0 0.0 0.0 0.0 0.0 0.0 0.0 0.0 0.0 0.0 0.0 -0.27000001072883606 0.0 0.09000000357627869 0.09000000357627869 0.0 0.0 -0.28999999165534973 0.0 0.0 0.09000000357627869 0.0 -0.18000000715255737 0.09000000357627869 -0.18000000715255737 0.09000000357627869 0.09000000357627869 0.0 0.0 0.0 0.0 0.0 0.0 0.0 0.0 0.0 0.0 0.09000000357627869 0.09000000357627869 0.0 0.09000000357627869 0.0 0.0 0.0 0.0 0.0 0.0 0.0 0.09000000357627869 0.0 0.0 0.0 0.0 0.0 0.09000000357627869 -0.27000001072883606 0.0 0.0 0.0 0.0 0.0 0.09000000357627869 0.09000000357627869 0.0 0.0 -0.5099999904632568 0.0 0.0 0.09000000357627869 0.0 0.0 0.09000000357627869 0.0 0.550000011920929 -0.6200000047683716 0.3199999928474426 0.30000001192092896 0.0 0.09000000357627869 -0.18000000715255737 0.09000000357627869 0.0 0.0 -0.27000001072883606 0.09000000357627869 0.09000000357627869 0.09000000357627869 0.0 0.0 0.09000000357627869 0.09000000357627869 0.5099999904632568 -0.5099999904632568 0.0 0.09000000357627869 0.0 0.09000000357627869 0.09000000357627869 0.0 -0.11999999731779099 0.11999999731779099 -0.11999999731779099 0.11999999731779099 0.0 0.0 -0.11999999731779099 0.11999999731779099 0.0 0.0 0.0 0.0 0.0 0.0 0.0 0.09000000357627869 -0.6200000047683716 0.30000001192092896 0.0 0.0 0.0 0.0 0.0 0.0 0.09000000357627869 0.0 0.0 0.0 0.0 0.0 0.0 0.0 0.0 0.0 0.11999999731779099 0.0 0.11999999731779099 0.0 0.0 0.0 -0.27000001072883606 0.09000000357627869 0.0 0.09000000357627869 0.0 0.0 0.0 0.0 0.0 0.0 0.0 0.0 0.0 0.0 -0.27000001072883606 0.0 0.09000000357627869 0.09000000357627869 0.0 0.0 -0.4699999988079071 0.09000000357627869 0.0 -0.5099999904632568 0.0 0.0 0.0 0.0 0.0 0.0 0.09000000357627869 0.0 0.0 0.0 -0.09000000357627869 0.0 0.0 0.0 0.0 0.5099999904632568 -0.5099999904632568 -0.4699999988079071 0.0 0.0 0.09000000357627869 0.0 0.0 0.09000000357627869 0.0 0.0 0.09000000357627869 0.0 -0.550000011920929 -0.6200000047683716 0.3199999928474426 0.30000001192092896 0.0 -0.5099999904632568 0.0 0.0 0.0 0.09000000357627869 0.30000001192092896 0.5099999904632568 -0.5099999904632568 -0.4699999988079071 0.0 0.0 0.09000000357627869 -0.27000001072883606 0.09000000357627869 0.09000000357627869 0.09000000357627869 0.5099999904632568 -0.5099999904632568 0.0 0.0 0.0 0.09000000357627869 -0.18000000715255737 0.09000000357627869 0.09000000357627869 0.20999999344348907 0.05000000074505806 0.05000000074505806 0.33000001311302185 0.09000000357627869 0.6200000047683716 -0.7599999904632568 0.33000001311302185
294 0.4300000071525574 -0.5099999904632568 0.0 0.0 0.0 0.0 0.0 0.0 0.09000000357627869 0.0 0.0 0.0 0.0 0.0 0.0 0.0 -0.27000001072883606 0.0 0.09000000357627869 0.09000000357627869 0.5099999904632568 -0.5099999904632568 0.0 0.0 0.0 0.09000000357627869 0.05000000074505806 0.09000000357627869 0.09000000357627869 -0.6600000262260437 0.4300000071525574 0.5099999904632568 -0.5099999904632568 0.0 0.0 0.0 0.09000000357627869 0.0 0.0 0.0 0.09000000357627869 0.0 -0.27000001072883606 0.09000000357627869 0.0 -0.5099999904632568 0.0 0.0 0.0 0.0 0.0 0.0 0.0 0.0 0.0 -0.27000001072883606 0.09000000357627869 0.0 0.0 0.0 0.0 0.0 0.0 0.0 0.0 0.0 0.0 0.0 0.09000000357627869 0.0 0.09000000357627869 -0.6600000262260437 0.4300000071525574 -0.27000001072883606 0.09000000357627869 0.09000000357627869 0.09000000357627869 0.0 0.0 0.0 0.0 0.0 0.0 -0.18000000715255737 0.09000000357627869 0.09000000357627869 -0.2800000011920929 0.09000000357627869 0.09000000357627869 0.6200000047683716 -0.7599999904632568 -0.7599999904632568 0.5099999904632568 -0.5099999904632568 0.0 0.0 0.0 0.09000000357627869 0.0 0.0 -0.27000001072883606 0.09000000357627869 0.09000000357627869 0.09000000357627869 -0.18000000715255737 0.09000000357627869 0.09000000357627869 -0.27000001072883606 0.09000000357627869 0.09000000357627869 0.09000000357627869 0.0 -0.5099999904632568 0.0 0.0 0.0 0.0 0.0 0.0 0.0 0.0 0.0 0.0 0.0 0.0 0.0 0.0 0.0 0.0 0.0 0.0 0.0 0.0 0.0 -0.27000001072883606 0.0 0.09000000357627869 0.09000000357627869 0.0 0.0 -0.28999999165534973 0.0 0.0 0.09000000357627869 0.0 0.09000000357627869 -0.18000000715255737 0.09000000357627869 0.09000000357627869 -0.18000000715255737 0.09000000357627869 0.09000000357627869 0.0 -0.5099999904632568 0.0 0.0 0.0 0.0 0.0 0.0 0.0 0.0 0.0 0.0 0.0 0.09000000357627869 0.09000000357627869 0.0 0.09000000357627869 0.0 0.0 0.0 0.0 0.0 0.0 0.0 0.09000000357627869 0.0 0.0 0.09000000357627869 0.0 0.0 0.0 0.0 0.0 0.09000000357627869 -0.27000001072883606 0.0 0.09000000357627869 0.0 0.0 -0.5099999904632568 0.0 0.0 0.0 0.0 -0.27000001072883606 0.0 0.09000000357627869 0.0 0.09000000357627869 0.0 0.0 0.0 0.0 0.0 -0.27000001072883606 0.09000000357627869 0.09000000357627869 0.09000000357627869 0.5099999904632568 0.0 -0.4699999988079071 0.0 0.09000000357627869 0.5099999904632568 0.0 0.0 0.0 0.0 0.0 0.0 0.0 0.0 0.09000000357627869 0.0 0.0 0.0 0.0 0.09000000357627869 0.09000000357627869 0.0 0.09000000357627869 0.0 -0.27000001072883606 0.09000000357627869 0.0 0.0 0.0 -0.5099999904632568 0.0 0.0 0.0 0.09000000357627869 0.0 0.09000000357627869 0.09000000357627869 0.0 0.09000000357627869 0.0 0.550000011920929 -0.550000011920929 -0.6200000047683716 0.3199999928474426 0.30000001192092896 0.0 -0.5099999904632568 0.0 0.0 0.0 0.09000000357627869 -0.18000000715255737 0.09000000357627869 0.550000011920929 0.5099999904632568 -0.5099999904632568 0.0 0.0 0.0 0.09000000357627869 0.0 0.09000000357627869 -0.6600000262260437 0.4300000071525574 -0.27000001072883606 0.09000000357627869 0.0 0.09000000357627869 0.0 -0.5099999904632568 -0.4699999988079071 0.0 0.0 0.09000000357627869 -0.18000000715255737 0.09000000357627869 0.09000000357627869 0.0 0.0 -0.27000001072883606 0.09000000357627869 0.09000000357627869 0.09000000357627869 0.0 0.0 0.09000000357627869 0.09000000357627869 0.5099999904632568 -0.5099999904632568 0.0 0.3100000023841858 0.0 0.09000000357627869 0.0 0.09000000357627869 -0.6600000262260437 0.4300000071525574 -0.27000001072883606 0.09000000357627869 0.09000000357627869 0.5099999904632568 -0.5099999904632568 -0.4699999988079071 0.0 0.07000000029802322 0.05000000074505806 0.09000000357627869 0.0 0.5099999904632568 -0.5099999904632568 0.09000000357627869 0.5099999904632568 -0.5099999904632568 -0.4699999988079071 0.0 0.0 0.09000000357627869 0.0 0.09000000357627869 0.09000000357627869 0.0 -0.11999999731779099 0.11999999731779099 -0.11999999731779099 0.11999999731779099 0.0 0.0 -0.11999999731779099 0.11999999731779099 0.0 0.0 0.0 0.0 0.0 0.0 0.0 0.0 -0.18000000715255737 0.09000000357627869 0.09000000357627869 0.0 0.0 0.09000000357627869 0.550000011920929 -0.550000011920929 -0.6200000047683716 0.3199999928474426 0.30000001192092896 0.5099999904632568 0.0 -0.27000001072883606 0.09000000357627869 0.0 0.09000000357627869 0.0 0.0 0.0 0.0 0.0 0.0 0.0 0.0 0.0 0.09000000357627869 0.0 0.0 0.0 0.0 0.0 0.0 0.0 0.0 0.5099999904632568 0.0 0.0 0.0 0.0 0.11999999731779099 0.0 0.09000000357627869 0.0 0.09000000357627869 0.0 0.0 0.0 0.0 -0.27000001072883606 0.09000000357627869 0.09000000357627869
295 0.0 0.0 0.0 0.09000000357627869 0.5099999904632568 -0.5099999904632568 0.0 0.09000000357627869 0.5099999904632568 -0.5099999904632568 0.0 0.0 0.09000000357627869 0.0 -0.5099999904632568 0.0 0.0 0.0 0.0 0.0 0.0 0.0 0.0 0.0 0.0 0.0 0.0 0.0 0.0 0.0 0.0 0.0 0.0 0.09000000357627869 0.0 0.09000000357627869 -0.6600000262260437 0.4300000071525574 -0.27000001072883606 0.09000000357627869 0.09000000357627869 0.09000000357627869 0.0 0.0 0.0 0.0 0.09000000357627869 0.09000000357627869 0.0 0.0 -0.18000000715255737 0.09000000357627869 0.09000000357627869 -0.18000000715255737 0.09000000357627869 0.09000000357627869 0.0 0.0 0.0 0.0 0.0 0.09000000357627869 0.0 0.0 -0.27000001072883606 0.09000000357627869 0.09000000357627869 0.09000000357627869 -0.18000000715255737 0.09000000357627869 0.09000000357627869 -0.27000001072883606 0.09000000357627869 0.09000000357627869 0.09000000357627869 0.0 -0.5099999904632568 0.0 0.0 0.0 0.0 0.0 0.0 0.0 0.0 0.0 0.0 0.0 0.0 0.0 0.0 0.0 0.0 0.0 0.0 0.0 0.0 0.0 -0.27000001072883606 0.0 0.09000000357627869 0.09000000357627869 0.0 0.0 -0.28999999165534973 0.0 0.0 0.09000000357627869 0.0 0.09000000357627869 -0.18000000715255737 0.09000000357627869 0.09000000357627869 -0.18000000715255737 0.09000000357627869 0.09000000357627869 0.0 -0.5099999904632568 0.0 0.0 0.0 0.0 0.0 0.0 0.0 0.0 0.0 0.0 0.0 0.09000000357627869 0.09000000357627869 0.0 0.09000000357627869 0.0 0.0 0.0 0.0 0.0 0.0 0.0 0.0 0.0 0.09000000357627869 0.0 0.0 0.0 0.0 0.0 0.09000000357627869 0.0 0.0 0.0 -0.27000001072883606 0.0 0.09000000357627869 0.0 0.0 0.0 -0.27000001072883606 0.09000000357627869 0.09000000357627869 0.09000000357627869 0.5099999904632568 0.0 -0.4699999988079071 0.0 0.09000000357627869 -0.7599999904632568 0.5099999904632568 0.0 0.0 0.0 0.0 0.09000000357627869 0.0 0.0 0.0 0.0 0.09000000357627869 0.09000000357627869 0.0 0.09000000357627869 0.0 -0.27000001072883606 0.0 0.0 0.0 -0.5099999904632568 0.0 0.0 0.0 0.09000000357627869 0.0 0.09000000357627869 0.09000000357627869 0.0 0.09000000357627869 0.0 0.550000011920929 -0.550000011920929 -0.6200000047683716 0.3199999928474426 0.30000001192092896 0.0 -0.5099999904632568 0.0 0.0 0.0 0.09000000357627869 -0.18000000715255737 0.550000011920929 -0.550000011920929 0.5099999904632568 -0.5099999904632568 0.0 0.0 0.0 -0.4699999988079071 0.0 0.0 0.09000000357627869 -0.18000000715255737 0.09000000357627869 0.09000000357627869 0.0 0.0 -0.27000001072883606 0.09000000357627869 0.09000000357627869 0.09000000357627869 0.0 0.0 0.09000000357627869 0.09000000357627869 0.5099999904632568 -0.5099999904632568 0.0 0.09000000357627869 0.09000000357627869 0.0 -0.11999999731779099 0.11999999731779099 -0.11999999731779099 0.11999999731779099 0.0 0.0 -0.11999999731779099 0.11999999731779099 0.0 0.0 0.0 0.0 0.0 0.0 0.0 0.0 0.0 0.0 0.09000000357627869 -0.11999999731779099 0.11999999731779099 -0.11999999731779099 0.11999999731779099 0.0 -0.27000001072883606 0.09000000357627869 0.0 0.09000000357627869 0.09000000357627869 -0.09000000357627869 0.0 0.0 0.0 0.0 0.0 0.09000000357627869 -0.27000001072883606 0.09000000357627869 0.09000000357627869 0.09000000357627869 -0.5099999904632568 -0.7599999904632568 -0.30000001192092896 0.33000001311302185 0.33000001311302185 0.33000001311302185
296 0.0 0.0 0.0 0.0 0.0 0.0 0.0 0.5099999904632568 -0.5099999904632568 0.0 0.0 0.09000000357627869 0.5099999904632568 -0.5099999904632568 0.0 0.0 0.0 0.09000000357627869 0.0 0.0 0.0 0.09000000357627869 0.09000000357627869 0.0 -0.27000001072883606 0.09000000357627869 0.09000000357627869 0.09000000357627869 0.0 -0.5099999904632568 0.0 0.0 0.0 0.0 0.0 0.0 0.0 0.0 0.0 -0.27000001072883606 0.09000000357627869 0.0 0.0 0.0 0.0 0.0 0.0 0.0 0.0 0.0 0.0 0.0 0.09000000357627869 0.0 0.09000000357627869 -0.6600000262260437 0.4300000071525574 -0.27000001072883606 0.09000000357627869 0.09000000357627869 0.09000000357627869 0.0 0.0 0.0 0.0 0.09000000357627869 0.09000000357627869 0.0 0.0 -0.18000000715255737 0.09000000357627869 0.09000000357627869 -0.18000000715255737 0.09000000357627869 0.09000000357627869 0.0 0.0 0.0 0.0 0.0 0.0 -0.18000000715255737 0.09000000357627869 0.09000000357627869 -0.2800000011920929 0.09000000357627869 0.09000000357627869 0.6200000047683716 -0.7599999904632568 -0.7599999904632568 0.5099999904632568 -0.5099999904632568 0.0 0.0 0.0 0.0 0.0 0.0 0.0 0.0 0.0 0.0 0.0 0.0 0.0 0.0 0.0 0.0 0.0 0.0 0.0 0.0 0.0 -0.27000001072883606 0.0 0.09000000357627869 0.09000000357627869 0.0 0.0 -0.28999999165534973 0.0 0.0 0.09000000357627869 0.0 0.09000000357627869 -0.18000000715255737 0.09000000357627869 0.09000000357627869 -0.18000000715255737 0.09000000357627869 0.09000000357627869 0.0 -0.5099999904632568 0.0 0.0 0.0 0.0 0.0 0.0 0.0 0.0 0.0 0.0 0.0 0.09000000357627869 0.09000000357627869 0.0 0.09000000357627869 0.0 0.0 0.0 0.0 0.0 0.0 0.0 0.09000000357627869 0.0 0.0 0.09000000357627869 0.0 0.0 0.0 0.0 0.0 0.09000000357627869 -0.27000001072883606 0.0 0.09000000357627869 0.0 0.0 -0.5099999904632568 0.0 0.0 0.0 0.0 -0.27000001072883606 0.0 0.09000000357627869 0.09000000357627869 0.5099999904632568 0.0 0.0 0.0 0.09000000357627869 0.0 0.30000001192092896 0.0 0.0 0.0 0.0 0.0 0.0 -0.27000001072883606 0.09000000357627869 0.09000000357627869 0.0 0.0 0.0 0.0 0.0 0.09000000357627869 0.09000000357627869 0.0 -0.27000001072883606 0.09000000357627869 0.0 0.0 0.0 -0.5099999904632568 0.0 0.0 0.0 0.09000000357627869 0.0 0.09000000357627869 0.09000000357627869 0.0 0.09000000357627869 0.0 0.550000011920929 -0.550000011920929 -0.6200000047683716 0.3199999928474426 0.30000001192092896 0.09000000357627869 0.0 0.0 0.09000000357627869 0.0 0.0 0.09000000357627869 0.09000000357627869 0.0 -0.11999999731779099 0.11999999731779099 -0.11999999731779099 0.11999999731779099 0.0 0.0 -0.11999999731779099 0.11999999731779099 0.0 0.0 0.0 0.0 0.0 0.09000000357627869 0.0 0.0 0.0 0.0 0.0 0.0 0.0 0.0 0.0 0.0 0.0 0.11999999731779099 0.0 0.11999999731779099 0.0 0.0 0.0 0.0 0.0 0.0 0.09000000357627869 0.09000000357627869 0.0 0.0 0.0 0.0 0.0 0.0 0.0 -0.09000000357627869 0.0 0.0 0.0 0.0 0.0 0.0 0.09000000357627869 0.0 0.0 0.09000000357627869 0.0 -0.11999999731779099 0.11999999731779099 -0.11999999731779099 0.11999999731779099 -0.11999999731779099 0.0 0.0 0.0 -0.11999999731779099 0.11999999731779099 0.5099999904632568 -0.5099999904632568 -0.4699999988079071 0.3100000023841858 -0.019999999552965164 0.09000000357627869 0.0 -0.5099999904632568 -0.4699999988079071 0.0 0.0 0.09000000357627869 0.0 0.0 0.0 0.0 0.0 0.0 0.0 0.0 0.0 -0.27000001072883606 0.09000000357627869 0.0 0.09000000357627869 0.5099999904632568 -0.5099999904632568 -0.28999999165534973 0.0 0.0 0.09000000357627869 0.0 0.09000000357627869 -0.18000000715255737 0.09000000357627869 0.0 0.0 0.09000000357627869 0.0 0.0 0.0 0.0 0.0 0.0 0.0 0.0 0.0 0.0 0.0 0.0 0.0 0.0 0.0 0.0 0.0 0.0 0.0 0.0 0.0 0.0 0.0 0.0 0.0 0.0 0.0 0.0 0.0 -0.27000001072883606 0.0 0.09000000357627869 0.0 0.0 -0.4699999988079071 0.09000000357627869 0.0 0.0 -0.4699999988079071 0.0 0.0 0.09000000357627869 0.0 0.0 0.09000000357627869 0.0 -0.5099999904632568 0.0 0.0 0.0 0.0 0.0 0.0 0.09000000357627869 0.0 0.0 0.0 -0.09000000357627869 0.0 0.0 0.0 0.0 0.5099999904632568 -0.5099999904632568 -0.4699999988079071 0.0 0.0 0.09000000357627869 0.0 0.0 0.09000000357627869 0.0 0.0 0.09000000357627869 0.0 -0.550000011920929 -0.6200000047683716 0.30000001192092896 0.0 -0.5099999904632568 0.0 0.0 0.0 0.09000000357627869 0.09000000357627869 0.5099999904632568 -0.5099999904632568 -0.4699999988079071 0.0 0.0 0.09000000357627869 0.0 0.09000000357627869 0.09000000357627869 0.0 -0.550000011920929 -0.6200000047683716 0.3199999928474426 0.30000001192092896 0.5099999904632568 -0.5099999904632568 -0.4699999988079071 0.0 0.0 0.09000000357627869 -0.27000001072883606 0.09000000357627869 0.09000000357627869 0.09000000357627869 0.5099999904632568 -0.5099999904632568 0.0 0.0 0.0 0.09000000357627869 -0.18000000715255737 0.09000000357627869 -0.18000000715255737 0.09000000357627869 0.09000000357627869 0.05000000074505806 0.5099999904632568 0.0 0.0 -0.6600000262260437 -0.4699999988079071 0.0 0.0 -0.2800000011920929 0.09000000357627869 0.09000000357627869 0.6200000047683716 -0.7599999904632568 -0.7599999904632568
297 -0.5099999904632568 0.0 0.0 0.0 0.0 0.0 0.0 0.0 0.09000000357627869 0.0 0.0 0.09000000357627869 0.0 0.0 0.09000000357627869 0.09000000357627869 -0.27000001072883606 0.09000000357627869 0.0 0.09000000357627869 0.0 0.0 0.0 0.0 0.0 0.0 -0.27000001072883606 0.0 0.09000000357627869 0.09000000357627869 0.5099999904632568 -0.5099999904632568 0.0 0.0 0.0 0.09000000357627869 0.5099999904632568 -0.5099999904632568 0.0 0.0 0.0 0.09000000357627869 0.0 0.0 0.0 0.09000000357627869 0.09000000357627869 0.0 -0.27000001072883606 0.0 -0.5099999904632568 0.0 0.0 0.0 0.0 0.0 0.0 0.0 0.0 0.0 -0.27000001072883606 0.09000000357627869 0.0 0.0 0.0 0.0 0.0 0.0 0.0 0.0 0.0 0.0 0.0 0.09000000357627869 0.0 0.09000000357627869 -0.6600000262260437 0.4300000071525574 -0.27000001072883606 0.09000000357627869 0.09000000357627869 0.09000000357627869 0.0 0.0 0.0 0.0 0.09000000357627869 0.09000000357627869 0.0 0.0 -0.18000000715255737 0.09000000357627869 0.09000000357627869 -0.18000000715255737 0.09000000357627869 0.09000000357627869 0.0 0.0 0.0 0.0 0.0 0.0 -0.18000000715255737 0.09000000357627869 0.09000000357627869 -0.2800000011920929 0.09000000357627869 0.09000000357627869 0.6200000047683716 -0.7599999904632568 -0.7599999904632568 0.5099999904632568 -0.5099999904632568 0.0 0.0 0.0 0.09000000357627869 0.0 0.0 -0.27000001072883606 0.09000000357627869 0.09000000357627869 0.09000000357627869 -0.18000000715255737 0.09000000357627869 0.09000000357627869 -0.27000001072883606 0.09000000357627869 0.09000000357627869 0.09000000357627869 0.0 -0.5099999904632568 0.0 0.0 0.0 0.0 -0.27000001072883606 0.0 0.09000000357627869 0.09000000357627869 0.0 0.0 -0.28999999165534973 0.0 0.0 0.09000000357627869 0.0 0.09000000357627869 -0.18000000715255737 0.09000000357627869 0.09000000357627869 -0.18000000715255737 0.09000000357627869 0.09000000357627869 0.0 -0.5099999904632568 0.0 0.0 0.0 0.0 0.0 0.0 0.0 0.0 0.0 0.0 0.0 0.09000000357627869 0.09000000357627869 0.0 0.09000000357627869 0.0 0.0 0.0 0.0 0.0 0.0 0.0 0.09000000357627869 0.0 0.0 0.09000000357627869 0.0 0.0 0.0 0.0 0.0 0.09000000357627869 -0.27000001072883606 0.0 0.09000000357627869 0.0 0.0 -0.5099999904632568 0.0 0.0 0.0 0.0 -0.27000001072883606 0.0 0.09000000357627869 0.09000000357627869 0.5099999904632568 -0.5099999904632568 0.0 0.0 0.0 0.09000000357627869 0.0 0.09000000357627869 0.0 0.550000011920929 -0.6200000047683716 0.30000001192092896 0.0 0.0 0.0 0.0 0.0 0.0 0.0 0.0 0.0 0.0 0.09000000357627869 0.0 0.0 0.0 0.09000000357627869 0.0 0.0 0.0 0.0 -0.18000000715255737 0.09000000357627869 0.0 0.550000011920929 0.0 0.3199999928474426 0.0 0.0 0.0 0.0 0.0 0.0 0.0 0.09000000357627869 0.0 0.09000000357627869 -0.27000001072883606 0.09000000357627869 0.09000000357627869 0.09000000357627869 0.09000000357627869 0.0 0.09000000357627869 -0.5099999904632568 -0.5099999904632568 0.0 0.09000000357627869 0.0 0.0 0.0 0.3100000023841858 0.0 0.0 -0.27000001072883606 0.09000000357627869 0.09000000357627869 0.09000000357627869 0.5099999904632568 0.0 -0.4699999988079071 0.0 0.0 0.0 0.0 0.0 0.09000000357627869 0.0 0.0 0.0 0.0 0.09000000357627869 0.09000000357627869 0.0 0.09000000357627869 0.0 -0.27000001072883606 0.09000000357627869 0.0 0.0 0.0 -0.5099999904632568 0.0 0.0 0.0 0.09000000357627869 0.0 0.09000000357627869 0.09000000357627869 0.0 0.09000000357627869 0.0 0.550000011920929 -0.550000011920929 -0.6200000047683716 0.3199999928474426 0.30000001192092896 0.0 0.0 0.09000000357627869 -0.18000000715255737 0.09000000357627869 0.0 0.0 0.0 0.0 0.09000000357627869 0.09000000357627869 -0.5099999904632568 0.5099999904632568 -0.5099999904632568 -0.4699999988079071 0.0 0.0 0.09000000357627869 0.0 0.09000000357627869 0.09000000357627869 0.0 -0.11999999731779099 0.11999999731779099 -0.11999999731779099 0.11999999731779099 0.0 0.0 -0.11999999731779099 0.11999999731779099 0.0 0.0 0.0 0.0 0.0 0.0 0.0 0.0 -0.18000000715255737 0.0 0.0 0.09000000357627869 0.30000001192092896 0.5099999904632568 -0.5099999904632568 -0.4699999988079071 0.0 -0.5099999904632568 -0.4699999988079071 0.0 0.0 0.0 -0.27000001072883606 0.09000000357627869 0.0 0.09000000357627869 0.0 0.0 0.0 0.0 0.0 0.0 0.0 0.0 0.0 0.0 0.09000000357627869 0.0 0.0 0.0 0.0 0.0 0.0 0.0 0.0 0.5099999904632568 -0.5099999904632568 0.0 0.0 0.0 0.0 0.5099999904632568 0.0 0.0 0.0 0.0 0.0 0.0 0.0 0.0 0.0 0.0 0.0 0.0 0.0 0.11999999731779099 0.0 0.11999999731779099 0.0 0.0 0.0 0.0 0.0 0.0 0.0 0.0 0.0 0.0 0.0 0.0 0.0 0.0 0.09000000357627869 -0.6600000262260437 0.0 0.0 0.0 0.0 0.0 0.0 0.0 0.0 0.0 0.0 0.0 0.0 0.0 0.0 0.0 0.09000000357627869 0.09000000357627869 0.0 0.0 0.0 0.09000000357627869 0.0 0.0 0.09000000357627869 0.0 0.09000000357627869 0.0 0.0 0.0 0.0 0.0 0.0 0.0 0.0 0.0 0.0 0.0 0.0 0.0 0.0 0.0 0.0 0.0 -0.09000000357627869 0.0 0.0 0.0 0.0 0.0 0.0 0.0 0.0 0.0 0.09000000357627869 0.0 0.0 0.09000000357627869 0.0 -0.11999999731779099 0.11999999731779099 -0.11999999731779099 0.11999999731779099 -0.11999999731779099 0.0 0.0 0.0 -0.11999999731779099 0.11999999731779099 0.5099999904632568 -0.5099999904632568 0.0 -0.4699999988079071 0.0 0.0 0.09000000357627869 0.0 0.0 0.0 0.0 0.0 0.0 0.0 0.0 0.0 -0.27000001072883606 0.09000000357627869 0.0 0.09000000357627869 0.5099999904632568 -0.28999999165534973 0.0 0.0 0.09000000357627869 0.0 0.0 0.0 0.0 0.0 0.0 0.0 0.0 0.0 0.0 -0.4699999988079071 0.0 0.0 0.0 0.0 0.09000000357627869 0.0 0.0 0.0 0.0 0.0 0.0 0.09000000357627869 0.0 0.09000000357627869 0.0 0.0 0.0 0.0 0.09000000357627869 0.0 0.0 0.0 0.0 0.0 0.0 0.0 0.0 0.0 0.0 0.0 0.0 0.0 0.0 0.0 0.0 0.0 0.0 -0.27000001072883606 0.0 0.09000000357627869 0.09000000357627869 0.0 0.0 -0.4699999988079071 0.0 0.0 -0.5099999904632568 0.0 0.0 0.0 0.0 0.0 0.0 0.09000000357627869 0.0 0.0 0.0 -0.09000000357627869 0.0 0.0 0.0 0.0 0.5099999904632568 -0.5099999904632568 -0.4699999988079071 0.0 0.0 0.09000000357627869 0.0 0.0 0.09000000357627869 0.30000001192092896 0.0 -0.27000001072883606 0.09000000357627869 0.09000000357627869 0.09000000357627869
298 0.0 0.0 0.0 0.0 0.0 0.0 0.0 -0.27000001072883606 0.0 0.0 0.0 0.0 0.0 0.0 0.0 0.0 0.0 0.09000000357627869 0.0 0.09000000357627869 -0.6600000262260437 0.4300000071525574 -0.27000001072883606 0.09000000357627869 0.09000000357627869 0.09000000357627869 0.0 0.0 0.0 0.0 0.09000000357627869 0.09000000357627869 0.0 0.0 -0.18000000715255737 0.09000000357627869 0.09000000357627869 -0.18000000715255737 0.09000000357627869 0.09000000357627869 0.0 0.0 0.0 0.0 0.0 0.0 -0.18000000715255737 0.09000000357627869 0.09000000357627869 -0.2800000011920929 0.09000000357627869 0.09000000357627869 0.6200000047683716 -0.7599999904632568 -0.7599999904632568 0.5099999904632568 -0.5099999904632568 0.0 0.0 0.0 0.09000000357627869 0.0 0.0 -0.27000001072883606 0.09000000357627869 0.09000000357627869 0.09000000357627869 -0.18000000715255737 0.09000000357627869 0.09000000357627869 -0.27000001072883606 0.09000000357627869 0.09000000357627869 0.09000000357627869 0.0 -0.5099999904632568 0.0 0.0 0.0 0.0 0.0 0.0 0.0 0.0 0.0 0.0 0.0 0.0 0.0 0.0 0.0 0.0 0.0 -0.28999999165534973 0.0 0.0 0.09000000357627869 0.0 0.09000000357627869 -0.18000000715255737 0.09000000357627869 0.09000000357627869 -0.18000000715255737 0.09000000357627869 0.09000000357627869 0.0 -0.5099999904632568 0.0 0.0 0.0 0.0 0.0 0.0 0.0 0.0 0.0 0.0 0.0 0.09000000357627869 0.09000000357627869 0.0 0.09000000357627869 0.0 0.0 0.0 0.0 0.0 0.0 0.0 0.09000000357627869 0.0 0.0 0.09000000357627869 0.0 0.0 0.0 0.0 0.0 0.09000000357627869 -0.27000001072883606 0.0 0.09000000357627869 0.0 0.0 -0.5099999904632568 0.0 0.0 0.0 0.0 -0.27000001072883606 0.0 0.09000000357627869 0.09000000357627869 0.5099999904632568 -0.5099999904632568 0.0 0.0 0.0 0.09000000357627869 0.0 0.09000000357627869 0.0 0.550000011920929 -0.550000011920929 -0.6200000047683716 0.3199999928474426 0.30000001192092896 0.0 0.0 -0.4699999988079071 0.3100000023841858 0.09000000357627869 0.0 0.0 0.0 0.0 0.0 0.0 0.09000000357627869 0.0 0.0 0.0 0.09000000357627869 0.0 0.0 0.0 -0.18000000715255737 0.09000000357627869 0.0 0.550000011920929 -0.550000011920929 0.0 0.3199999928474426 0.0 0.09000000357627869 0.09000000357627869 0.09000000357627869 -0.28999999165534973 0.0 0.09000000357627869 0.09000000357627869 0.0 0.0 0.09000000357627869 0.0 0.0 0.09000000357627869 0.09000000357627869 0.0 -0.5099999904632568 0.0 0.3100000023841858 0.0 0.09000000357627869 0.0 -0.5099999904632568 0.0 0.0 0.0 0.09000000357627869 0.0 0.09000000357627869 0.0 0.4300000071525574 -0.27000001072883606 0.09000000357627869 0.09000000357627869 0.0 0.0 0.0 0.3100000023841858 0.0 0.0 -0.27000001072883606 0.09000000357627869 0.09000000357627869 0.09000000357627869 0.5099999904632568 0.0 -0.4699999988079071 0.0 0.0 0.09000000357627869 -0.2800000011920929 0.09000000357627869 0.09000000357627869 0.6200000047683716 -0.7599999904632568 -0.7599999904632568 0.5099999904632568 0.0 0.0 0.0 0.0 0.09000000357627869 0.0 0.0 0.09000000357627869 -0.2800000011920929 0.09000000357627869 0.0 0.0 0.0 0.0 0.0 0.09000000357627869 0.0 0.0 0.0 0.0 0.09000000357627869 0.09000000357627869 0.0 0.09000000357627869 0.0 -0.27000001072883606 0.09000000357627869 0.0 0.0 0.0 -0.5099999904632568 0.0 0.0 0.0 0.09000000357627869 0.0 0.09000000357627869 0.09000000357627869 0.0 0.09000000357627869 0.0 0.550000011920929 -0.550000011920929 -0.6200000047683716 0.3199999928474426 0.30000001192092896 0.0 -0.5099999904632568 0.0 0.0 0.0 0.09000000357627869 -0.18000000715255737 0.09000000357627869 0.550000011920929 -0.6200000047683716 0.3199999928474426 0.30000001192092896 0.5099999904632568 0.0 0.0 0.0 0.0 0.09000000357627869 -0.6600000262260437 0.0 -0.5099999904632568 -0.4699999988079071 0.0 0.0 0.09000000357627869 -0.18000000715255737 0.09000000357627869 0.09000000357627869 0.0 0.0 -0.27000001072883606 0.09000000357627869 0.09000000357627869 0.09000000357627869 0.0 0.0 0.09000000357627869 0.09000000357627869 0.5099999904632568 -0.5099999904632568 -0.4699999988079071 0.0 0.09000000357627869 0.0 0.09000000357627869 0.09000000357627869 0.0 -0.11999999731779099 0.11999999731779099 -0.11999999731779099 0.11999999731779099 0.0 0.0 -0.11999999731779099 0.11999999731779099 0.0 0.0 0.0 0.0 -0.27000001072883606 0.09000000357627869 0.0 0.09000000357627869 0.0 0.0 0.0 0.0 0.0 0.0 0.0 0.0 0.0 0.0 0.0 0.0 0.0 0.0 0.0 0.0 0.0 0.0 0.0 0.0 0.0 0.0 0.0 0.0 0.0 0.0 0.0 0.09000000357627869 0.0 -0.11999999731779099 0.11999999731779099 -0.11999999731779099 0.11999999731779099 -0.11999999731779099 0.0 0.0 0.0 -0.11999999731779099 0.11999999731779099 0.0 -0.27000001072883606 0.09000000357627869 0.0 0.0 0.0 0.0 0.0 0.0
299 0.0 0.0 0.0 0.0 0.0 0.0 0.0 0.0 0.0 0.0 0.0 0.0 0.0 0.09000000357627869 0.0 0.09000000357627869 -0.6600000262260437 0.4300000071525574 0.0 0.0 0.0 0.0 0.09000000357627869 0.09000000357627869 0.0 0.0 -0.18000000715255737 0.09000000357627869 0.09000000357627869 -0.18000000715255737 0.09000000357627869 0.09000000357627869 0.0 0.0 0.0 0.0 0.0 0.0 -0.18000000715255737 0.09000000357627869 0.09000000357627869 -0.2800000011920929 0.09000000357627869 0.09000000357627869 0.6200000047683716 -0.7599999904632568 -0.7599999904632568 0.5099999904632568 -0.5099999904632568 0.0 0.0 0.0 0.09000000357627869 0.0 0.0 -0.27000001072883606 0.09000000357627869 0.09000000357627869 0.09000000357627869 -0.18000000715255737 0.09000000357627869 0.09000000357627869 -0.27000001072883606 0.09000000357627869 0.09000000357627869 0.09000000357627869 0.0 -0.5099999904632568 0.0 0.0 0.0 0.0 0.0 0.0 0.0 0.0 0.0 0.0 0.0 0.0 0.0 0.0 0.0 0.0 0.0 0.0 0.0 0.0 0.0 -0.27000001072883606 0.0 0.09000000357627869 0.09000000357627869 0.0 0.0 0.0 0.0 0.0 0.0 0.0 0.0 0.0 0.0 0.0 0.0 0.0 0.09000000357627869 0.09000000357627869 0.0 0.09000000357627869 0.0 0.0 0.0 0.0 0.0 0.0 0.0 0.09000000357627869 0.0 0.0 0.09000000357627869 0.0 0.0 0.0 0.0 0.0 0.09000000357627869 -0.27000001072883606 0.0 0.09000000357627869 0.0 0.0 -0.5099999904632568 0.0 0.0 0.0 0.0 -0.27000001072883606 0.0 0.09000000357627869 0.09000000357627869 0.5099999904632568 -0.5099999904632568 0.0 0.0 0.0 0.09000000357627869 0.0 0.09000000357627869 0.0 0.550000011920929 -0.550000011920929 -0.6200000047683716 0.3199999928474426 0.30000001192092896 0.0 0.0 -0.4699999988079071 0.3100000023841858 0.0 0.09000000357627869 -0.27000001072883606 0.09000000357627869 0.09000000357627869 0.5099999904632568 -0.5099999904632568 -0.4699999988079071 0.0 0.0 0.0 0.0 0.09000000357627869 0.6200000047683716 -0.7599999904632568 0.0 0.0 0.0 0.0 0.0 0.0 0.0 0.0 0.0 0.09000000357627869 0.0 0.0 0.0 0.09000000357627869 0.0 0.0 0.0 0.0 0.0 0.0 0.0 0.09000000357627869 -0.18000000715255737 0.09000000357627869 0.0 0.550000011920929 -0.550000011920929 0.0 0.3199999928474426 0.0 0.0 -0.5099999904632568 0.0 -0.5099999904632568 0.0 0.0 0.0 0.09000000357627869 0.0 0.09000000357627869 0.09000000357627869 0.0 0.0 0.0 0.3100000023841858 0.0 0.0 -0.27000001072883606 0.09000000357627869 0.09000000357627869 0.09000000357627869 0.5099999904632568 0.0 -0.4699999988079071 0.0 0.0 0.09000000357627869 -0.2800000011920929 0.6200000047683716 -0.7599999904632568 -0.7599999904632568 0.5099999904632568 0.0 0.0 0.0 0.0 0.0 0.09000000357627869 0.0 0.0 0.0 0.0 0.09000000357627869 0.09000000357627869 0.0 0.09000000357627869 0.0 -0.27000001072883606 0.09000000357627869 0.0 0.0 0.0 -0.5099999904632568 0.0 0.0 0.0 0.09000000357627869 0.0 0.09000000357627869 0.09000000357627869 0.0 0.09000000357627869 0.0 0.550000011920929 -0.550000011920929 -0.6200000047683716 0.3199999928474426 0.30000001192092896 0.0 0.0 0.0 0.09000000357627869 -0.11999999731779099 0.0 0.0 -0.11999999731779099 0.11999999731779099 0.0 0.0 0.0 0.0 0.0 0.0 0.0 0.0 0.0 0.0 0.0 0.0 0.0 0.09000000357627869 0.0 0.09000000357627869 0.0 0.0 0.0 0.0 -0.27000001072883606 0.0 -0.27000001072883606 0.09000000357627869 0.09000000357627869 0.0 0.0 0.0 0.0 0.0 0.0 0.0 0.0 0.0 0.09000000357627869 -0.18000000715255737 0.09000000357627869 0.09000000357627869 0.30000001192092896 0.0 -0.5099999904632568 0.0 0.0 0.0 0.09000000357627869 0.0 0.0 0.09000000357627869 0.0 -0.11999999731779099 0.11999999731779099 -0.11999999731779099 0.11999999731779099 -0.11999999731779099 0.0 0.0 0.0 -0.11999999731779099 0.11999999731779099 0.5099999904632568 -0.5099999904632568 -0.4699999988079071 0.3100000023841858 -0.019999999552965164 0.09000000357627869 0.0 -0.5099999904632568 -0.4699999988079071 0.0 0.0 0.09000000357627869 0.0 0.0 0.0 0.0 0.0 0.0 0.0 0.0 0.0 -0.27000001072883606 0.09000000357627869 0.0 0.09000000357627869 0.09000000357627869 0.0 0.0 -0.09000000357627869 0.0 0.0 0.0 0.0
3 -0.30000001192092896 0.33000001311302185 0.33000001311302185 0.33000001311302185 0.0 0.10000000149011612 0.0 0.09000000357627869 0.09000000357627869 -0.14000000059604645 0.09000000357627869 0.09000000357627869 -0.09000000357627869 -0.2199999988079071 0.09000000357627869 0.09000000357627869 0.09000000357627869 0.5099999904632568 -0.5099999904632568 -0.4699999988079071 0.3100000023841858 0.0 0.09000000357627869 0.0 0.09000000357627869 -0.6600000262260437 0.4300000071525574 -0.27000001072883606 0.09000000357627869 0.09000000357627869 0.09000000357627869 0.5099999904632568 -0.5099999904632568 0.0 0.3100000023841858 0.07000000029802322 0.09000000357627869 0.05000000074505806 0.09000000357627869 0.09000000357627869 -0.6600000262260437 0.4300000071525574 0.5099999904632568 -0.5099999904632568 -0.4699999988079071 0.3100000023841858 -0.019999999552965164 0.09000000357627869 0.09000000357627869 0.5099999904632568 -0.5099999904632568 0.0 0.3100000023841858 0.0 0.09000000357627869 -0.27000001072883606 0.09000000357627869 0.09000000357627869 0.09000000357627869 0.0 -0.5099999904632568 -0.4699999988079071 0.3100000023841858 0.0 0.09000000357627869 -0.18000000715255737 0.09000000357627869 0.09000000357627869 0.0 0.09000000357627869 -0.27000001072883606 0.09000000357627869 0.09000000357627869 0.09000000357627869 -0.27000001072883606 0.09000000357627869 0.09000000357627869 0.09000000357627869 0.5099999904632568 -0.4699999988079071 0.3100000023841858
30 0.0 0.11999999731779099 0.0 0.0 0.0 0.0 0.0 0.0 0.0 0.0 0.0 0.0 0.0 0.0 0.0 0.0 0.0 0.0 0.0 0.0 0.0 0.0 0.0 0.0 0.0 0.0 0.0 0.0 0.0 0.0 0.0 0.0 0.0 0.0 0.0 0.0 0.0 0.0 0.0 0.0 -0.09000000357627869 -0.2199999988079071 0.09000000357627869 0.09000000357627869 0.0 0.0 -0.5099999904632568 0.0 0.3100000023841858 0.0 0.09000000357627869 0.05000000074505806 0.09000000357627869 0.09000000357627869 -0.6600000262260437 0.4300000071525574 0.0 0.0 -0.4699999988079071 0.3100000023841858 0.0 0.0 -0.18000000715255737 0.09000000357627869 0.09000000357627869 0.0 -0.5099999904632568 0.0 0.0 0.09000000357627869 0.0 0.09000000357627869 0.0 -0.18000000715255737 0.09000000357627869 0.20999999344348907 0.05000000074505806 0.05000000074505806 -0.30000001192092896 0.33000001311302185 0.33000001311302185 0.0 0.0 0.0 0.09000000357627869 0.0 0.09000000357627869 0.0 0.09000000357627869 -0.27000001072883606 0.09000000357627869 0.0 0.0 -0.5099999904632568 0.0 0.0 0.0 0.09000000357627869 0.0 0.09000000357627869 -0.6600000262260437 0.4300000071525574 -0.27000001072883606 0.09000000357627869 0.09000000357627869 0.09000000357627869 0.0 -0.5099999904632568 0.0 0.0 0.09000000357627869 0.09000000357627869 0.0 0.0 -0.18000000715255737 0.09000000357627869 0.09000000357627869 -0.18000000715255737 0.09000000357627869 0.09000000357627869 0.5099999904632568 -0.5099999904632568 -0.4699999988079071 0.0 0.0 0.09000000357627869 0.0 0.09000000357627869 0.09000000357627869 0.6200000047683716 -0.7599999904632568 -0.7599999904632568 0.0 0.0 0.0 0.3100000023841858 0.0 0.09000000357627869 -0.18000000715255737 0.09000000357627869 0.09000000357627869 0.0 0.09000000357627869 0.09000000357627869 -0.18000000715255737 0.09000000357627869 0.20999999344348907 0.05000000074505806 0.05000000074505806 0.5099999904632568 -0.5099999904632568 0.0 0.0 0.0 0.09000000357627869 0.0 0.0 0.0 -0.18000000715255737 0.09000000357627869 0.09000000357627869 0.20000000298023224 0.09000000357627869 0.09000000357627869 -0.699999988079071 0.4399999976158142 0.6399999856948853 -0.800000011920929 0.46000000834465027 0.46000000834465027 -0.800000011920929 0.46000000834465027 0.46000000834465027 0.5099999904632568 0.0 0.0 0.3100000023841858 0.0 0.0 0.0 0.09000000357627869 0.0 -0.18000000715255737 0.09000000357627869 0.09000000357627869 0.0 0.0 0.0 0.0 0.0 0.0 0.0 0.0 0.0 0.0 0.0 0.0 0.0 0.0 0.0 0.09000000357627869 0.0 0.0 0.0 0.0 0.0 0.0 0.0 0.0 0.0 0.0 0.0 0.0 0.0 0.09000000357627869 0.0 0.0 0.0 0.0 0.0 0.0 0.0 0.0 0.11999999731779099 0.0 0.11999999731779099 0.0 0.0 0.0 0.0 0.0 0.0 -0.5099999904632568 0.0 0.0 0.0 0.0 0.0 0.0 0.0 0.0 0.0 0.0 0.0 0.0 -0.18000000715255737 0.09000000357627869 0.0 0.0 0.0 0.0 0.0 0.0 0.0 0.0 0.0 0.0 0.0 0.0 0.0 0.0 0.0 0.0 0.0 0.0 0.0 0.0 0.0 0.0 0.0 0.0 0.0 0.0 0.0 0.0 0.0 0.0 0.0 0.0 0.0 0.0 0.0 0.0 0.0 0.0 0.0 -0.7599999904632568 0.0 0.0 0.0 0.0 0.09000000357627869 0.0 0.0 0.0 0.0 0.0 0.0 0.0 -0.6600000262260437 0.4300000071525574 0.0 0.4300000071525574 0.0 0.09000000357627869 -0.27000001072883606 0.09000000357627869 0.09000000357627869 0.0 0.0 0.0 0.3100000023841858 0.0 0.0 0.0 0.09000000357627869 -0.27000001072883606 0.09000000357627869 0.09000000357627869 0.0 0.0 0.0 -0.5099999904632568 0.0 0.0 0.0 0.09000000357627869 0.0 0.0 0.09000000357627869 0.0 0.09000000357627869 0.0 0.6200000047683716 -0.7599999904632568 -0.7599999904632568 0.5099999904632568 -0.5099999904632568 0.0 0.0 0.0 0.09000000357627869 -0.2800000011920929 0.09000000357627869 0.09000000357627869 0.6200000047683716 -0.7599999904632568 -0.7599999904632568 0.5099999904632568 0.0 -0.4699999988079071 0.3100000023841858 0.0 0.0 -0.2800000011920929 0.09000000357627869 0.09000000357627869 0.0 -0.5099999904632568 0.0 0.0 0.0 0.0 0.0 0.0 0.0 0.0 0.09000000357627869 0.09000000357627869 0.0 -0.27000001072883606 0.09000000357627869 0.09000000357627869 0.09000000357627869 0.0 0.11999999731779099 0.0 0.0 0.0 0.11999999731779099 0.09000000357627869 0.0 0.0 0.0 0.0 0.0 0.0 0.0 0.09000000357627869 0.0 0.0 -0.27000001072883606 0.09000000357627869 0.09000000357627869 0.09000000357627869 0.0 0.0 0.0 0.0 0.0 0.0 0.09000000357627869 0.0 0.0 0.0 0.11999999731779099 0.0 0.0 0.0 0.0 0.0 0.0 0.0 0.0 0.0 0.0 0.0 0.0 0.0 0.0 0.0 0.0 0.0 0.0 0.0 0.0 0.0 0.0 0.0 0.0 0.0 0.0 0.0 0.09000000357627869 -0.18000000715255737 0.0 0.05000000074505806 0.0 -0.30000001192092896 0.33000001311302185 0.33000001311302185 0.33000001311302185 0.0 0.0 -0.5099999904632568 0.0 0.0 0.0 0.09000000357627869 0.0 0.0 0.09000000357627869 0.0 0.0 -0.27000001072883606 0.09000000357627869 0.0 0.09000000357627869 -0.27000001072883606 0.09000000357627869 0.09000000357627869 0.09000000357627869 0.0 0.0 0.0 0.3100000023841858 0.0 0.0 0.0 0.0 0.0 0.0 -0.11999999731779099 0.0 -0.11999999731779099 -0.11999999731779099 0.0 0.11999999731779099 0.0 0.11999999731779099 0.0 -0.5099999904632568 0.0 0.0 0.0 0.0 -0.18000000715255737 0.0 0.09000000357627869 0.0 0.0 0.0 -0.11999999731779099 0.11999999731779099 -0.11999999731779099 0.11999999731779099 0.0 0.0 0.0 0.0 0.5099999904632568 0.0 0.0 0.0 0.0 0.0 -0.18000000715255737 0.09000000357627869 0.0 -0.029999999329447746 0.0 0.0 0.0 0.0 0.23999999463558197 0.10999999940395355 -0.25 0.17000000178813934 -0.20000000298023224 0.14000000059604645 -0.27000001072883606 0.0 -0.14000000059604645 0.14000000059604645 0.5099999904632568 0.0 0.0 0.0 0.0 0.0 0.0 0.0 0.0 -0.09000000357627869 0.0 0.0 0.0 -0.5099999904632568 0.0 0.0 0.0 0.09000000357627869 0.0 0.0 0.09000000357627869 0.0 0.09000000357627869 0.0 0.550000011920929 -0.550000011920929 -0.6200000047683716 0.0 0.0
300 0.0 0.0 0.0 0.0 0.0 0.0 0.0 0.0 0.0 -0.27000001072883606 0.09000000357627869 0.0 0.0 0.0 0.0 0.0 0.0 0.0 0.0 0.0 0.0 0.0 0.09000000357627869 0.0 -0.6600000262260437 0.4300000071525574 0.0 0.0 0.0 0.0 0.0 -0.18000000715255737 0.09000000357627869 0.09000000357627869 0.0 0.0 0.0 0.0 0.0 0.0 -0.18000000715255737 0.09000000357627869 0.09000000357627869 -0.7599999904632568 0.5099999904632568 -0.5099999904632568 0.0 0.0 0.0 0.09000000357627869 0.0 0.0 -0.27000001072883606 0.09000000357627869 0.09000000357627869 0.09000000357627869 -0.18000000715255737 0.09000000357627869 0.09000000357627869 -0.27000001072883606 0.09000000357627869 0.09000000357627869 0.09000000357627869 0.0 -0.5099999904632568 0.0 0.0 0.0 0.0 0.0 0.0 0.0 0.0 0.0 0.0 0.0 0.0 0.0 0.0 0.0 0.0 0.0 0.0 0.0 0.0 0.0 -0.27000001072883606 0.0 0.09000000357627869 0.09000000357627869 0.0 0.0 -0.28999999165534973 0.0 0.0 0.09000000357627869 0.0 0.09000000357627869 -0.18000000715255737 0.09000000357627869 0.09000000357627869 -0.18000000715255737 0.09000000357627869 0.09000000357627869 0.0 -0.5099999904632568 0.0 0.0 0.0 0.09000000357627869 0.0 0.0 0.09000000357627869 0.0 0.0 0.0 0.0 0.0 0.09000000357627869 -0.27000001072883606 0.0 0.09000000357627869 0.0 0.0 -0.5099999904632568 0.0 0.0 0.0 0.0 -0.27000001072883606 0.0 0.09000000357627869 0.09000000357627869 0.5099999904632568 -0.5099999904632568 0.0 0.0 0.0 0.09000000357627869 0.0 0.09000000357627869 0.0 0.550000011920929 -0.550000011920929 -0.6200000047683716 0.3199999928474426 0.30000001192092896 0.0 0.0 -0.4699999988079071 0.3100000023841858 0.0 0.09000000357627869 -0.27000001072883606 0.09000000357627869 0.09000000357627869 0.09000000357627869 0.5099999904632568 -0.5099999904632568 -0.4699999988079071 0.0 0.0 0.09000000357627869 0.0 0.0 0.09000000357627869 0.6200000047683716 -0.7599999904632568 -0.7599999904632568 0.0 -0.5099999904632568 0.0 0.0 0.0 0.0 0.0 0.0 0.0 0.0 0.09000000357627869 0.0 0.0 0.0 0.09000000357627869 0.0 0.0 0.0 0.0 0.0 0.0 0.0 0.0 0.09000000357627869 0.09000000357627869 -0.18000000715255737 0.09000000357627869 0.0 0.550000011920929 -0.550000011920929 0.0 0.3199999928474426 0.0 0.0 0.0 -0.4699999988079071 0.0 0.09000000357627869 0.0 0.0 0.0 0.0 0.09000000357627869 0.0 0.09000000357627869 0.09000000357627869 0.0 0.0 0.0 0.0 0.0 0.0 0.0 0.09000000357627869 0.0 0.0 0.0 0.0 0.0 0.0 0.09000000357627869 0.0 0.09000000357627869 0.0 0.0 0.0 -0.27000001072883606 0.09000000357627869 0.09000000357627869 0.09000000357627869 0.0 -0.5099999904632568 0.09000000357627869 0.0 -0.5099999904632568 0.0 0.0 0.09000000357627869 0.0 0.0 0.0 0.3100000023841858 0.0 0.0 -0.27000001072883606 0.09000000357627869 0.09000000357627869 0.09000000357627869 0.5099999904632568 0.0 -0.4699999988079071 0.0 0.0 0.0 0.0 0.0 0.0 0.09000000357627869 0.09000000357627869 0.0 0.09000000357627869 0.0 -0.27000001072883606 0.09000000357627869 0.0 0.0 0.0 0.0 0.0 0.0 0.09000000357627869 0.0 0.550000011920929 -0.6200000047683716 0.3199999928474426 0.30000001192092896 0.0 -0.11999999731779099 0.11999999731779099 0.0 0.0 -0.11999999731779099 0.11999999731779099 0.0 0.0 0.0 0.0 -0.27000001072883606 0.09000000357627869 0.0 0.09000000357627869 0.0 0.0 0.0 0.0 0.0 0.0 0.0 0.0 0.0 0.09000000357627869 0.0 0.0 0.0 0.0 0.0 0.0 0.0 0.5099999904632568 -0.5099999904632568 0.0 0.0 -0.5099999904632568 0.0 0.0 0.0 0.0 0.0 0.0 0.0 0.0 0.0 0.11999999731779099 0.0 0.11999999731779099 0.0 0.0 0.0 0.0 0.0 0.0 0.0 0.0 0.0 0.0 0.0 0.0 0.0 0.09000000357627869 0.0 0.09000000357627869 0.0 0.0 0.0 0.0 0.0 0.0 0.0 0.0 0.0 0.0 0.0 0.0 0.0 0.0 0.0 0.0 0.09000000357627869 0.09000000357627869 0.0 0.0 0.0 0.0 0.0 0.09000000357627869 0.0 0.0 0.09000000357627869 0.0 0.0 0.09000000357627869 0.09000000357627869 0.0 0.09000000357627869 0.0 0.0 0.0 0.0 0.0 0.3100000023841858 0.0 0.0 0.0 0.0 0.0 0.0 0.5099999904632568 -0.5099999904632568 0.0 0.0 0.0 0.09000000357627869 0.0 0.0 0.0 0.0 0.09000000357627869 -0.27000001072883606 0.09000000357627869 0.0 0.0 -0.27000001072883606 0.09000000357627869 0.09000000357627869 0.09000000357627869 0.0 0.0 0.0 0.0 0.0 0.0 0.0 0.0 0.0 0.0 0.0 0.0 -0.09000000357627869 0.0 0.0 0.0 0.0 0.0 0.0 0.0 0.0 0.0 0.09000000357627869 0.5099999904632568 -0.5099999904632568 -0.4699999988079071 0.0 0.0 0.09000000357627869 0.0 0.09000000357627869 0.09000000357627869 -0.18000000715255737 0.09000000357627869 0.09000000357627869 0.30000001192092896 0.0 -0.5099999904632568 0.0 0.0 0.0 0.09000000357627869 0.0 0.0 0.09000000357627869 0.0 -0.11999999731779099 0.11999999731779099 -0.11999999731779099 0.11999999731779099 -0.11999999731779099 0.0 0.0 0.0 -0.11999999731779099 0.11999999731779099 0.5099999904632568 -0.5099999904632568 -0.4699999988079071 0.3100000023841858 -0.019999999552965164 0.09000000357627869 0.09000000357627869 0.0 -0.5099999904632568 -0.4699999988079071 0.0 0.0 0.09000000357627869 0.0 0.0 0.0 0.0 0.0 0.0 0.0 0.0 0.0 -0.27000001072883606 0.09000000357627869 0.0 0.09000000357627869 0.5099999904632568 -0.5099999904632568 -0.28999999165534973 0.0 0.0 0.09000000357627869 0.0 -0.18000000715255737 0.0 0.0 0.09000000357627869 0.0 0.0 0.0 0.0 0.0 0.0 0.0 0.0 0.0 0.0 -0.4699999988079071 0.0 0.0 0.0 0.0 0.0 0.0 0.09000000357627869 0.0 0.0 0.0 0.0 0.09000000357627869 0.0 0.0 0.0 0.0 0.0 0.09000000357627869 0.0 0.0 0.0 0.0 0.0 0.0 0.0 0.0 0.0 0.0 0.0 0.0 0.0 0.0 0.0 0.0 0.0 0.0 0.0 0.0 0.0 0.09000000357627869 0.0 0.0 0.0 -0.09000000357627869 0.0 0.0 0.0 0.0 0.09000000357627869 -0.6200000047683716 0.30000001192092896
301 0.0 0.09000000357627869 0.0 0.09000000357627869 0.0 0.0 0.0 0.0 0.0 0.0 -0.27000001072883606 0.0 0.09000000357627869 0.09000000357627869 0.5099999904632568 -0.5099999904632568 0.0 0.0 0.0 0.0 0.0 0.0 0.0 0.0 0.0 -0.27000001072883606 0.09000000357627869 0.0 0.0 0.0 0.0 0.0 0.0 0.0 0.0 0.0 0.0 0.0 0.09000000357627869 0.09000000357627869 0.0 0.0 0.0 0.0 0.09000000357627869 0.09000000357627869 0.0 0.0 -0.18000000715255737 0.09000000357627869 0.09000000357627869 -0.18000000715255737 0.09000000357627869 0.09000000357627869 0.0 0.0 0.0 0.0 0.0 0.0 -0.18000000715255737 0.09000000357627869 0.09000000357627869 0.5099999904632568 -0.5099999904632568 0.0 0.0 0.0 0.09000000357627869 0.0 0.0 -0.27000001072883606 0.09000000357627869 0.09000000357627869 0.09000000357627869 -0.18000000715255737 0.09000000357627869 0.0 -0.5099999904632568 0.0 0.0 0.0 0.0 0.0 0.0 0.0 0.0 0.0 0.0 0.0 0.0 0.0 0.0 0.0 0.0 0.0 0.0 0.0 0.0 0.0 -0.27000001072883606 0.0 0.09000000357627869 0.09000000357627869 0.0 0.0 -0.28999999165534973 0.0 0.0 0.09000000357627869 0.0 0.09000000357627869 -0.18000000715255737 0.09000000357627869 0.09000000357627869 -0.18000000715255737 0.09000000357627869 0.09000000357627869 0.0 -0.5099999904632568 0.0 0.0 0.0 0.0 0.0 0.0 0.0 0.0 0.0 0.0 0.0 0.09000000357627869 0.09000000357627869 0.0 0.09000000357627869 0.0 0.0 0.0 0.0 0.0 0.0 0.0 0.0 -0.27000001072883606 0.0 0.09000000357627869 0.09000000357627869 0.5099999904632568 -0.5099999904632568 0.0 0.0 0.0 0.09000000357627869 0.0 0.09000000357627869 0.0 0.550000011920929 -0.550000011920929 -0.6200000047683716 0.3199999928474426 0.30000001192092896 0.0 0.0 -0.4699999988079071 0.3100000023841858 0.0 0.09000000357627869 -0.27000001072883606 0.09000000357627869 0.09000000357627869 0.09000000357627869 0.5099999904632568 -0.5099999904632568 -0.4699999988079071 0.0 0.0 0.09000000357627869 0.0 0.0 0.09000000357627869 0.0 -0.5099999904632568 0.0 0.0 0.0 0.0 0.0 0.0 0.0 0.0 0.09000000357627869 0.0 0.0 0.0 0.09000000357627869 0.0 0.0 0.0 0.0 0.0 0.0 0.0 0.0 0.09000000357627869 0.09000000357627869 -0.18000000715255737 0.09000000357627869 0.0 0.550000011920929 -0.550000011920929 0.0 0.3199999928474426 0.0 0.0 0.0 -0.4699999988079071 0.0 0.0 0.09000000357627869 -0.18000000715255737 0.09000000357627869 0.09000000357627869 0.0 0.0 0.0 0.0 0.0 0.0 0.09000000357627869 0.0 0.09000000357627869 0.09000000357627869 0.0 -0.5099999904632568 0.0 0.0 0.0 0.09000000357627869 0.0 0.0 0.0 0.0 0.09000000357627869 0.0 0.0 0.0 0.0 0.0 0.0 0.09000000357627869 0.0 0.0 0.0 0.0 0.0 0.0 0.0 0.09000000357627869 0.09000000357627869 0.09000000357627869 0.0 -0.27000001072883606 0.0 0.0 0.09000000357627869 0.0 -0.5099999904632568 0.0 0.3100000023841858 0.0 0.09000000357627869 0.0 0.09000000357627869 0.09000000357627869 0.0 0.09000000357627869 0.0 0.0 0.09000000357627869 0.0 -0.27000001072883606 0.09000000357627869 0.09000000357627869 0.09000000357627869 0.5099999904632568 -0.5099999904632568 -0.28999999165534973 0.0 0.09000000357627869 0.09000000357627869 0.0 0.09000000357627869 0.0 0.09000000357627869 0.0 0.0 0.09000000357627869 0.09000000357627869 0.0 -0.5099999904632568 0.0 0.3100000023841858 0.0 0.09000000357627869 0.0 0.09000000357627869 0.09000000357627869 -0.18000000715255737 0.09000000357627869 0.09000000357627869 0.550000011920929 -0.6200000047683716 0.30000001192092896 0.0 -0.5099999904632568 0.0 0.0 0.0 0.09000000357627869 0.0 0.09000000357627869 0.0 -0.27000001072883606 0.09000000357627869 0.09000000357627869 0.0 0.0 0.0 0.3100000023841858 0.0 0.0 -0.27000001072883606 0.09000000357627869 0.09000000357627869 0.09000000357627869 0.5099999904632568 0.0 -0.4699999988079071 0.0 0.0 0.09000000357627869 0.5099999904632568 0.0 0.0 0.0 0.0 0.0 0.09000000357627869 -0.7599999904632568 0.0 0.0 0.0 0.0 0.0 0.09000000357627869 0.0 0.0 0.0 0.0 0.09000000357627869 0.09000000357627869 0.0 0.09000000357627869 0.0 -0.27000001072883606 0.09000000357627869 0.0 0.0 0.0 -0.5099999904632568 0.0 0.0 0.0 0.09000000357627869 0.0 0.09000000357627869 0.0 0.09000000357627869 0.0 0.550000011920929 -0.6200000047683716 0.30000001192092896 0.0 0.0 0.0 0.0 0.0 0.0 0.09000000357627869 -0.6600000262260437 0.4300000071525574 -0.27000001072883606 0.09000000357627869 0.0 0.0 -0.5099999904632568 -0.4699999988079071 0.0 0.09000000357627869 0.0 0.0 0.0 0.0 0.09000000357627869 0.09000000357627869 0.0 -0.5099999904632568 0.0 0.0 0.0 0.0 0.0 0.09000000357627869 0.0 0.09000000357627869 0.09000000357627869 0.0 0.09000000357627869 -0.550000011920929 0.5099999904632568 -0.5099999904632568 -0.4699999988079071 0.0 0.0 0.09000000357627869 0.0 0.09000000357627869 0.09000000357627869 0.0 -0.11999999731779099 0.11999999731779099 -0.11999999731779099 0.11999999731779099 0.0 0.0 -0.11999999731779099 0.11999999731779099 0.0 0.0 0.0 0.0 0.0 0.0 0.0 0.0 -0.18000000715255737 0.09000000357627869 0.09000000357627869 0.0 0.0 0.09000000357627869 0.5099999904632568 -0.5099999904632568 -0.4699999988079071 0.0 0.0 0.09000000357627869 0.0 0.09000000357627869 0.09000000357627869 0.0 -0.5099999904632568 -0.4699999988079071 0.0 0.0 0.0 -0.27000001072883606 0.09000000357627869 0.0 0.09000000357627869 0.0 0.0 0.0 0.0 0.0 0.0 0.0 0.0 0.0 0.0 0.09000000357627869 0.0 0.0 0.0 0.0 0.0 0.0 0.0 0.0 0.5099999904632568 -0.5099999904632568 0.0 0.0 0.0 0.09000000357627869 0.0 0.5099999904632568 -0.5099999904632568 0.0 0.0 0.0 0.09000000357627869 0.0 0.0 0.09000000357627869 0.0 0.09000000357627869 0.09000000357627869 -0.09000000357627869 -0.2199999988079071 0.09000000357627869 0.09000000357627869 0.0 -0.5099999904632568 0.0 0.0 0.0 0.0 0.0 0.0 0.0 0.0 0.0 0.11999999731779099 0.0 0.11999999731779099 0.0 0.0 0.0 0.0 0.0 0.0 0.0 0.0 0.0 0.0 0.0 0.0 0.0 0.0 0.09000000357627869 0.5099999904632568 -0.4699999988079071 0.0 0.09000000357627869 -0.4699999988079071 0.0 0.0 0.0 0.09000000357627869 0.0 0.09000000357627869 0.0 0.0 0.0 0.0 0.0 0.0 0.0 0.0 0.0 0.0 0.0 0.09000000357627869 0.09000000357627869 0.0 0.0 0.0 0.09000000357627869 0.0 0.0 0.09000000357627869 0.0 0.0 0.09000000357627869 0.09000000357627869 0.0 0.09000000357627869 0.0 0.0 0.0 0.0 0.0 0.0 -0.27000001072883606 0.09000000357627869 0.0 0.0 -0.27000001072883606 0.09000000357627869 0.0 0.0 0.0 0.0 -0.09000000357627869 0.0 0.0 0.0 0.0 0.09000000357627869 0.0 0.0 0.09000000357627869 0.0 -0.11999999731779099 0.11999999731779099 -0.11999999731779099 0.11999999731779099 -0.11999999731779099 0.0 0.0 0.0 -0.11999999731779099 0.11999999731779099 0.0 0.0 0.0 0.0 -0.27000001072883606 0.09000000357627869 0.0 0.0 0.0 0.0 0.0 0.0 0.0 0.0
302 0.0 0.0 0.09000000357627869 0.0 0.0 0.0 0.0 0.0 0.5099999904632568 -0.5099999904632568 0.0 0.0 0.0 0.09000000357627869 0.09000000357627869 0.0 -0.5099999904632568 0.0 0.0 0.0 0.0 0.0 0.0 0.0 0.0 0.0 0.0 0.0 0.0 0.0 0.0 0.0 0.0 0.0 0.0 0.0 0.0 0.0 -0.27000001072883606 0.0 0.09000000357627869 0.09000000357627869 0.0 0.0 -0.28999999165534973 0.0 0.0 0.09000000357627869 0.0 0.09000000357627869 -0.18000000715255737 0.09000000357627869 0.09000000357627869 -0.18000000715255737 0.09000000357627869 0.09000000357627869 0.0 -0.5099999904632568 0.0 0.0 0.0 0.0 0.0 0.0 0.0 0.0 0.0 0.0 0.0 0.09000000357627869 0.09000000357627869 0.0 0.09000000357627869 0.0 0.0 0.0 0.0 0.0 0.0 0.0 0.09000000357627869 0.0 0.0 0.09000000357627869 0.0 0.0 0.0 0.0 0.0 0.09000000357627869 -0.27000001072883606 0.0 0.09000000357627869 0.0 0.0 -0.5099999904632568 0.0 0.0 0.0 0.09000000357627869 0.0 0.09000000357627869 0.0 0.550000011920929 -0.550000011920929 -0.6200000047683716 0.3199999928474426 0.30000001192092896 0.0 0.0 -0.4699999988079071 0.3100000023841858 0.0 0.09000000357627869 -0.27000001072883606 0.09000000357627869 0.09000000357627869 0.09000000357627869 0.5099999904632568 -0.5099999904632568 -0.4699999988079071 0.0 0.0 0.09000000357627869 0.0 0.0 0.09000000357627869 0.6200000047683716 -0.7599999904632568 -0.7599999904632568 0.0 -0.5099999904632568 0.0 0.0 0.0 0.0 0.0 0.0 0.0 0.0 0.09000000357627869 0.0 0.0 0.0 0.09000000357627869 0.0 0.0 0.0 0.0 0.0 0.0 0.0 0.0 0.09000000357627869 0.09000000357627869 -0.18000000715255737 0.09000000357627869 0.0 0.550000011920929 -0.550000011920929 0.0 0.3199999928474426 0.0 0.0 0.0 -0.4699999988079071 0.0 0.09000000357627869 -0.2800000011920929 0.09000000357627869 0.0 0.0 0.0 0.0 0.0 0.0 0.0 0.0 0.0 0.0 0.09000000357627869 0.0 0.0 0.0 0.09000000357627869 0.0 0.09000000357627869 0.09000000357627869 0.0 0.09000000357627869 0.0 0.0 0.09000000357627869 0.0 -0.27000001072883606 0.09000000357627869 0.09000000357627869 0.09000000357627869 0.5099999904632568 -0.5099999904632568 -0.28999999165534973 0.0 0.09000000357627869 0.09000000357627869 0.0 0.09000000357627869 0.0 0.09000000357627869 0.0 0.0 0.09000000357627869 0.09000000357627869 0.0 -0.5099999904632568 0.0 0.3100000023841858 0.0 0.09000000357627869 0.0 0.09000000357627869 0.09000000357627869 -0.18000000715255737 0.09000000357627869 0.09000000357627869 0.550000011920929 -0.550000011920929 -0.6200000047683716 0.3199999928474426 0.30000001192092896 0.0 -0.5099999904632568 0.0 0.0 0.0 0.09000000357627869 0.0 0.09000000357627869 0.0 0.4300000071525574 -0.27000001072883606 0.09000000357627869 0.09000000357627869 0.09000000357627869 0.0 0.0 0.0 0.3100000023841858 0.0 0.0 -0.27000001072883606 0.09000000357627869 0.09000000357627869 0.09000000357627869 0.5099999904632568 0.0 -0.4699999988079071 0.0 0.0 0.09000000357627869 -0.2800000011920929 0.09000000357627869 0.09000000357627869 0.6200000047683716 -0.7599999904632568 -0.7599999904632568 0.5099999904632568 0.0 0.0 0.0 0.0 0.09000000357627869 0.0 0.0 0.09000000357627869 -0.2800000011920929 0.09000000357627869 0.6200000047683716 -0.7599999904632568 0.0 0.0 0.0 0.0 0.0 0.09000000357627869 0.0 0.0 0.0 0.0 0.09000000357627869 0.09000000357627869 0.0 0.09000000357627869 0.0 -0.27000001072883606 0.09000000357627869 0.0 0.0 0.0 -0.5099999904632568 0.0 0.0 0.0 0.09000000357627869 0.0 0.09000000357627869 0.09000000357627869 0.0 0.09000000357627869 0.0 0.550000011920929 -0.550000011920929 -0.6200000047683716 0.3199999928474426 0.30000001192092896 0.0 0.0 0.09000000357627869 0.0 0.0 -0.11999999731779099 0.11999999731779099 0.0 0.0 -0.27000001072883606 0.09000000357627869 0.0 0.09000000357627869 0.0 0.0 0.0 0.0 0.0 0.0 0.0 0.0 0.0 0.0 0.0 0.0 0.09000000357627869 0.0 -0.27000001072883606 0.0 -0.27000001072883606 0.09000000357627869 0.09000000357627869 0.0 0.09000000357627869 0.0 -0.11999999731779099 0.11999999731779099 -0.11999999731779099 0.11999999731779099 -0.11999999731779099 0.0 0.0 0.0 -0.11999999731779099 0.11999999731779099
303 0.0 -0.5099999904632568 0.0 0.0 0.0 0.0 0.0 0.0 0.0 0.0 0.0 0.0 0.0 0.0 0.0 0.0 0.0 0.0 0.0 0.0 -0.27000001072883606 0.0 0.09000000357627869 0.09000000357627869 0.0 0.0 -0.28999999165534973 0.0 0.0 0.09000000357627869 0.0 0.09000000357627869 -0.18000000715255737 0.09000000357627869 0.09000000357627869 -0.18000000715255737 0.09000000357627869 0.09000000357627869 0.0 -0.5099999904632568 0.0 0.0 0.0 0.0 0.0 0.0 0.0 0.0 0.0 0.0 0.0 0.09000000357627869 0.09000000357627869 0.0 0.09000000357627869 0.0 0.0 0.0 0.0 0.0 0.0 0.0 0.09000000357627869 0.0 0.0 0.09000000357627869 0.0 0.0 0.0 0.0 0.0 0.09000000357627869 -0.27000001072883606 0.0 0.09000000357627869 0.0 0.0 -0.5099999904632568 0.0 0.0 0.0 0.0 -0.27000001072883606 0.0 0.09000000357627869 0.09000000357627869 0.5099999904632568 -0.5099999904632568 -0.4699999988079071 0.3100000023841858 0.0 0.09000000357627869 -0.27000001072883606 0.09000000357627869 0.09000000357627869 0.09000000357627869 0.5099999904632568 -0.5099999904632568 -0.4699999988079071 0.0 0.0 0.09000000357627869 0.0 0.0 0.09000000357627869 0.6200000047683716 -0.7599999904632568 -0.7599999904632568 0.0 -0.5099999904632568 0.0 0.0 0.0 0.0 0.0 0.0 0.0 0.0 0.09000000357627869 0.0 0.0 0.0 0.09000000357627869 0.0 0.0 0.0 0.0 0.0 0.0 0.0 0.0 0.09000000357627869 0.09000000357627869 -0.18000000715255737 0.09000000357627869 0.0 0.550000011920929 -0.550000011920929 0.0 0.3199999928474426 0.0 0.0 0.0 -0.4699999988079071 0.0 0.0 0.09000000357627869 -0.18000000715255737 0.09000000357627869 0.09000000357627869 -0.2800000011920929 0.09000000357627869 0.09000000357627869 0.6200000047683716 -0.7599999904632568 -0.7599999904632568 0.0 -0.5099999904632568 0.0 0.0 0.0 0.09000000357627869 0.0 0.0 0.09000000357627869 0.0 0.09000000357627869 0.09000000357627869 0.20000000298023224 0.09000000357627869 0.0 -0.5099999904632568 0.0 0.0 0.0 0.09000000357627869 0.0 0.0 0.0 0.0 0.09000000357627869 0.0 0.0 0.0 0.0 0.0 0.0 0.09000000357627869 0.0 0.0 0.0 0.0 0.0 0.09000000357627869 0.0 0.0 -0.27000001072883606 0.09000000357627869 0.09000000357627869 0.09000000357627869 -0.27000001072883606 0.09000000357627869 0.0 0.09000000357627869 0.09000000357627869 0.0 0.0 0.0 0.09000000357627869 0.0 -0.27000001072883606 0.09000000357627869 0.09000000357627869 0.09000000357627869 0.09000000357627869 0.0 0.0 -0.5099999904632568 0.0 0.3100000023841858 0.0 0.09000000357627869 0.0 0.09000000357627869 0.09000000357627869 -0.18000000715255737 0.09000000357627869 0.09000000357627869 -0.6200000047683716 0.30000001192092896 0.0 -0.5099999904632568 0.0 0.0 0.0 0.09000000357627869 0.0 0.09000000357627869 -0.27000001072883606 0.09000000357627869 0.09000000357627869 0.0 0.0 0.0 0.3100000023841858 0.0 0.0 -0.27000001072883606 0.09000000357627869 0.09000000357627869 0.09000000357627869 0.5099999904632568 0.0 -0.4699999988079071 0.0 0.0 0.0 0.0 0.0 0.0 0.09000000357627869 0.09000000357627869 0.0 0.09000000357627869 0.0 -0.27000001072883606 0.09000000357627869 0.0 0.0 0.0 0.09000000357627869 0.0 0.0 0.0 0.0 0.0 0.0 0.0 0.0 0.0 0.0 0.0 0.09000000357627869 0.0 0.09000000357627869 0.0 0.0 0.09000000357627869 0.09000000357627869 0.0 0.09000000357627869 0.0 0.0 0.0 0.0 0.09000000357627869 0.5099999904632568 -0.5099999904632568 0.0 0.0 0.0 0.09000000357627869 0.0 0.0 0.0 0.0 0.09000000357627869 -0.27000001072883606 0.09000000357627869 0.0 0.0 -0.27000001072883606 0.09000000357627869 0.09000000357627869 0.09000000357627869 0.0 0.0 0.0 0.0 0.0 0.0 0.0 0.0 0.0 -0.09000000357627869 0.0 0.0 0.0 0.0 0.0 0.09000000357627869 0.5099999904632568 -0.5099999904632568 -0.4699999988079071 0.0 0.0 0.09000000357627869 0.0 0.09000000357627869 0.09000000357627869 -0.18000000715255737 0.09000000357627869 0.09000000357627869 0.550000011920929 -0.550000011920929 -0.6200000047683716 0.3199999928474426 0.30000001192092896 0.0 -0.5099999904632568 0.0 0.0 0.0 0.09000000357627869 0.0 0.0 0.09000000357627869 0.0 -0.11999999731779099 0.11999999731779099 -0.11999999731779099 0.11999999731779099 -0.11999999731779099 0.0 0.0 0.0 -0.11999999731779099 0.11999999731779099 0.5099999904632568 -0.5099999904632568 -0.4699999988079071 0.3100000023841858 0.0 0.0 0.0 0.0 0.0 0.0 0.09000000357627869
304 0.0 0.0 0.0 0.09000000357627869 -0.18000000715255737 0.09000000357627869 0.0 -0.5099999904632568 0.0 0.0 0.0 0.0 0.0 0.0 0.0 0.0 0.0 0.0 0.09000000357627869 0.0 0.0 0.0 0.0 0.0 0.09000000357627869 0.0 0.0 0.09000000357627869 0.0 0.0 -0.27000001072883606 0.09000000357627869 0.0 0.0 -0.5099999904632568 0.0 0.0 0.0 0.0 -0.27000001072883606 0.0 0.09000000357627869 0.09000000357627869 0.5099999904632568 -0.5099999904632568 0.0 0.0 0.0 0.09000000357627869 0.0 0.09000000357627869 0.0 0.550000011920929 -0.550000011920929 -0.6200000047683716 0.3199999928474426 0.30000001192092896 0.0 0.0 -0.4699999988079071 0.0 0.0 0.09000000357627869 0.0 0.0 0.09000000357627869 0.6200000047683716 -0.7599999904632568 -0.7599999904632568 0.0 -0.5099999904632568 0.0 0.0 0.0 0.0 0.0 0.0 0.0 0.0 0.09000000357627869 0.0 0.0 0.0 0.09000000357627869 0.0 0.0 0.0 0.0 0.0 0.0 0.0 0.0 0.09000000357627869 0.09000000357627869 -0.18000000715255737 0.09000000357627869 0.0 0.550000011920929 -0.550000011920929 0.0 0.3199999928474426 0.0 0.0 0.0 -0.4699999988079071 0.0 0.0 0.09000000357627869 -0.18000000715255737 0.09000000357627869 0.09000000357627869 -0.2800000011920929 0.09000000357627869 0.09000000357627869 0.6200000047683716 -0.7599999904632568 -0.7599999904632568 0.0 -0.5099999904632568 0.0 0.0 0.0 0.09000000357627869 0.0 0.0 0.09000000357627869 0.0 0.09000000357627869 0.09000000357627869 0.20000000298023224 0.09000000357627869 0.09000000357627869 -0.699999988079071 0.4399999976158142 0.6399999856948853 -0.800000011920929 0.46000000834465027 -0.800000011920929 0.46000000834465027 0.46000000834465027 0.0 -0.5099999904632568 0.0 0.0 0.0 0.09000000357627869 0.0 0.0 0.0 0.0 0.09000000357627869 0.0 0.0 0.0 0.0 0.0 0.0 0.09000000357627869 0.0 0.0 0.0 0.0 0.0 0.0 0.0 0.0 0.09000000357627869 0.09000000357627869 0.0 0.0 -0.27000001072883606 0.09000000357627869 0.09000000357627869 0.09000000357627869 -0.27000001072883606 0.09000000357627869 0.09000000357627869 0.09000000357627869 0.5099999904632568 -0.28999999165534973 0.0 0.0 0.09000000357627869 -0.18000000715255737 0.09000000357627869 0.0 0.0 0.09000000357627869 0.09000000357627869 0.0 0.0 0.0 0.09000000357627869 0.0 -0.27000001072883606 0.09000000357627869 -0.5099999904632568 0.0 -0.5099999904632568 0.0 0.3100000023841858 0.0 0.09000000357627869 0.0 0.09000000357627869 0.09000000357627869 -0.18000000715255737 0.09000000357627869 0.09000000357627869 0.550000011920929 -0.550000011920929 -0.6200000047683716 0.3199999928474426 0.30000001192092896 0.0 -0.5099999904632568 0.0 0.0 0.0 0.09000000357627869 -0.27000001072883606 0.09000000357627869 0.09000000357627869 0.0 0.0 0.3100000023841858 0.09000000357627869 -0.27000001072883606 0.09000000357627869 0.0 0.0 0.0 0.09000000357627869 0.0 0.0 0.09000000357627869 0.09000000357627869 0.09000000357627869 0.0 0.09000000357627869 0.0 0.0 0.0 0.0 0.09000000357627869 -0.27000001072883606 0.09000000357627869 0.0 0.0 -0.27000001072883606 0.09000000357627869 0.09000000357627869 0.09000000357627869 0.09000000357627869 0.09000000357627869 0.09000000357627869 0.0 -0.11999999731779099 0.11999999731779099 -0.11999999731779099 0.11999999731779099 -0.11999999731779099 0.0 0.0 0.0 -0.11999999731779099 0.11999999731779099
305 0.0 -0.5099999904632568 0.0 0.0 0.0 0.0 0.0 0.0 0.0 0.0 0.0 0.0 0.09000000357627869 0.0 0.0 0.0 0.0 0.0 0.0 0.09000000357627869 0.0 0.09000000357627869 0.0 -0.27000001072883606 0.0 0.09000000357627869 0.0 0.0 -0.5099999904632568 0.0 0.0 0.0 0.0 -0.27000001072883606 0.0 0.09000000357627869 0.09000000357627869 0.5099999904632568 -0.5099999904632568 0.0 0.0 0.0 0.09000000357627869 0.0 0.09000000357627869 0.0 0.550000011920929 -0.550000011920929 -0.6200000047683716 0.3199999928474426 0.30000001192092896 0.0 0.0 -0.4699999988079071 0.3100000023841858 0.0 0.09000000357627869 -0.27000001072883606 0.09000000357627869 0.09000000357627869 0.09000000357627869 0.5099999904632568 -0.5099999904632568 0.0 0.0 0.0 0.0 0.0 0.0 0.0 0.0 0.09000000357627869 0.0 0.0 0.0 0.09000000357627869 0.0 0.0 0.0 0.0 0.0 0.0 0.0 0.0 0.09000000357627869 0.09000000357627869 -0.18000000715255737 0.09000000357627869 0.0 0.550000011920929 -0.550000011920929 0.0 0.3199999928474426 0.0 0.0 0.0 -0.4699999988079071 0.0 0.0 0.09000000357627869 -0.18000000715255737 0.09000000357627869 0.09000000357627869 -0.2800000011920929 0.09000000357627869 0.09000000357627869 0.6200000047683716 -0.7599999904632568 -0.7599999904632568 0.0 -0.5099999904632568 0.0 0.0 0.0 0.09000000357627869 0.0 0.0 0.09000000357627869 0.0 0.09000000357627869 0.09000000357627869 0.20000000298023224 0.09000000357627869 0.09000000357627869 -0.699999988079071 0.4399999976158142 0.6399999856948853 -0.800000011920929 0.46000000834465027 0.46000000834465027 -0.800000011920929 0.46000000834465027 0.46000000834465027 0.0 -0.5099999904632568 0.0 0.0 0.0 0.09000000357627869 0.0 0.0 0.0 0.0 0.09000000357627869 0.0 0.0 0.0 0.0 0.0 0.0 0.09000000357627869 0.0 0.0 0.0 0.0 0.0 0.0 0.0 0.0 0.09000000357627869 0.09000000357627869 0.0 0.0 -0.27000001072883606 0.09000000357627869 0.09000000357627869 0.09000000357627869 -0.27000001072883606 0.09000000357627869 0.09000000357627869 0.5099999904632568 -0.28999999165534973 0.0 0.0 0.09000000357627869 -0.18000000715255737 -0.18000000715255737 0.09000000357627869 0.09000000357627869 0.0 -0.11999999731779099 0.11999999731779099 -0.11999999731779099 0.11999999731779099 0.0 0.0 0.09000000357627869 0.0 0.09000000357627869 -0.5099999904632568 0.0 0.0 0.0 0.0 0.0 0.0 0.0 0.09000000357627869 0.0 0.09000000357627869 0.0 0.09000000357627869 0.0 0.0 0.0 0.09000000357627869 -0.18000000715255737 0.09000000357627869 0.0 -0.18000000715255737 0.550000011920929 -0.550000011920929 0.5099999904632568 -0.5099999904632568 0.0 0.0 0.0 0.0 0.0 0.09000000357627869 0.0 0.0 0.09000000357627869 0.0 0.0 0.09000000357627869 0.09000000357627869 0.0 0.09000000357627869 0.0 0.0 0.0 0.0 0.0 0.3100000023841858 0.0 0.0 0.0 0.0 0.09000000357627869 0.09000000357627869 0.0 0.09000000357627869 -0.18000000715255737 0.09000000357627869 0.09000000357627869 -0.18000000715255737 0.09000000357627869 0.09000000357627869 0.5099999904632568 -0.5099999904632568 0.0 0.0 0.0 0.09000000357627869 0.0 0.0 0.0 0.0 0.09000000357627869 -0.27000001072883606 0.09000000357627869 0.0 0.0 -0.27000001072883606 0.09000000357627869 0.09000000357627869 0.09000000357627869 0.0 0.0 0.0 0.0 0.0 0.0 -0.09000000357627869 0.0 0.0 -0.4699999988079071 0.0 0.0 0.09000000357627869 0.0 0.09000000357627869 0.09000000357627869 -0.18000000715255737 0.09000000357627869 0.09000000357627869 0.550000011920929 -0.550000011920929 -0.6200000047683716 0.3199999928474426 0.30000001192092896 0.0 -0.5099999904632568 0.0 0.0 0.0 0.09000000357627869 0.0 0.0 0.0 -0.11999999731779099 0.11999999731779099 -0.11999999731779099 0.11999999731779099 -0.11999999731779099 0.0 0.0 0.0 -0.11999999731779099 0.11999999731779099
306 0.0 0.09000000357627869 0.0 -0.5099999904632568 0.0 0.0 0.0 0.0 0.0 0.0 0.0 0.0 0.0 0.0 0.0 0.0 0.0 0.0 0.0 0.0 0.0 0.0 0.0 0.0 0.0 0.0 0.0 -0.28999999165534973 0.0 0.0 0.0 0.09000000357627869 -0.18000000715255737 0.09000000357627869 0.09000000357627869 -0.18000000715255737 0.09000000357627869 0.09000000357627869 0.0 -0.5099999904632568 0.0 0.0 0.0 0.0 0.0 0.0 0.0 0.0 0.0 0.0 0.0 0.09000000357627869 0.09000000357627869 0.0 0.09000000357627869 0.0 0.0 0.0 0.0 0.0 0.0 0.0 0.09000000357627869 0.0 0.0 0.09000000357627869 0.0 0.0 0.0 0.0 0.0 0.09000000357627869 -0.27000001072883606 0.0 0.09000000357627869 0.0 0.0 -0.5099999904632568 0.0 0.0 0.0 0.0 -0.27000001072883606 0.0 0.09000000357627869 0.09000000357627869 0.5099999904632568 -0.5099999904632568 0.0 0.0 0.0 0.09000000357627869 0.0 0.09000000357627869 0.0 0.550000011920929 -0.550000011920929 -0.6200000047683716 0.3199999928474426 0.30000001192092896 0.0 0.0 -0.4699999988079071 0.3100000023841858 0.0 0.09000000357627869 -0.27000001072883606 0.09000000357627869 0.09000000357627869 0.09000000357627869 0.5099999904632568 -0.5099999904632568 -0.4699999988079071 0.0 0.0 0.09000000357627869 0.0 0.0 0.09000000357627869 0.6200000047683716 -0.7599999904632568 -0.7599999904632568 0.0 -0.5099999904632568 0.0 0.0 0.0 0.0 0.0 0.09000000357627869 0.09000000357627869 -0.18000000715255737 0.09000000357627869 0.0 0.550000011920929 -0.550000011920929 0.0 0.3199999928474426 0.0 0.0 0.0 -0.4699999988079071 0.0 0.0 0.09000000357627869 -0.18000000715255737 0.09000000357627869 0.09000000357627869 -0.2800000011920929 0.09000000357627869 0.09000000357627869 0.6200000047683716 -0.7599999904632568 -0.7599999904632568 0.0 -0.5099999904632568 0.0 0.0 0.0 0.09000000357627869 0.0 0.0 0.09000000357627869 0.0 0.09000000357627869 0.09000000357627869 0.20000000298023224 0.09000000357627869 0.09000000357627869 -0.699999988079071 0.4399999976158142 0.6399999856948853 -0.800000011920929 0.46000000834465027 0.46000000834465027 -0.800000011920929 0.46000000834465027 0.46000000834465027 0.0 -0.5099999904632568 0.0 0.0 0.0 0.09000000357627869 0.0 0.0 0.0 0.0 0.09000000357627869 0.0 0.0 0.0 0.0 0.0 0.0 0.09000000357627869 0.0 0.0 0.0 0.0 0.0 0.0 0.0 0.0 0.09000000357627869 0.09000000357627869 0.0 0.0 -0.27000001072883606 0.09000000357627869 0.09000000357627869 0.09000000357627869 -0.27000001072883606 0.09000000357627869 0.09000000357627869 0.09000000357627869 0.5099999904632568 -0.5099999904632568 -0.28999999165534973 0.0 0.0 0.09000000357627869 0.0 0.09000000357627869 -0.18000000715255737 0.09000000357627869 0.09000000357627869 -0.18000000715255737 0.09000000357627869 0.09000000357627869 0.0 0.0 0.0 0.0 -0.18000000715255737 0.09000000357627869 0.09000000357627869 0.0 -0.11999999731779099 0.10999999940395355 0.4300000071525574 -0.11999999731779099 0.11999999731779099 -0.11999999731779099 0.11999999731779099 0.5099999904632568 0.0 0.0 -0.18000000715255737 0.09000000357627869 0.0 0.0 -0.27000001072883606 0.0 0.0 0.09000000357627869 0.3100000023841858 0.0 0.09000000357627869 0.0 0.09000000357627869 0.09000000357627869 0.0 0.09000000357627869 0.0 0.0 0.09000000357627869 0.0 -0.27000001072883606 0.09000000357627869 0.09000000357627869 0.09000000357627869 0.5099999904632568 0.0 0.09000000357627869 0.0 -0.5099999904632568 0.0 0.09000000357627869 0.09000000357627869 0.0 -0.5099999904632568 0.0 0.09000000357627869 0.0 0.0 0.09000000357627869 0.0 0.09000000357627869 -0.27000001072883606 0.09000000357627869 0.0 0.0 0.11999999731779099 0.0 0.0 0.0 -0.5099999904632568 -0.4699999988079071 0.0 0.0 0.0 -0.27000001072883606 0.09000000357627869 0.0 0.09000000357627869 0.0 0.0 0.0 0.0 0.0 0.0 0.0 0.0 0.0 0.09000000357627869 0.0 0.0 0.0 0.0 0.5099999904632568 -0.5099999904632568 0.5099999904632568 0.0 0.0 0.0 0.09000000357627869 0.0 0.0 0.09000000357627869 0.0 0.09000000357627869 0.09000000357627869 -0.09000000357627869 0.0 -0.5099999904632568 0.0 0.0 0.0 0.0 0.0 0.0 0.0 0.0 0.0 0.11999999731779099 0.0 0.11999999731779099 0.0 0.0 0.0 0.0 0.0 0.0 0.0 0.0 0.0 0.0 0.0 0.0 0.5099999904632568 -0.4699999988079071 0.0 0.0 0.09000000357627869 0.5099999904632568 -0.5099999904632568 -0.4699999988079071 0.0 0.0 0.09000000357627869 0.0 0.09000000357627869 0.0 0.09000000357627869 0.0 0.0 0.0 0.0 0.0 0.0 0.0 0.0 0.0 0.0 0.0 0.0 0.0 0.0 0.0 0.09000000357627869 0.0 0.0 0.0 0.0 0.0 0.0 0.0 0.09000000357627869 -0.18000000715255737 0.09000000357627869 0.0 -0.18000000715255737 0.550000011920929 -0.550000011920929 0.5099999904632568 -0.5099999904632568 0.0 0.0 0.0 0.0 0.0 0.09000000357627869 0.0 0.0 0.09000000357627869 0.0 0.0 0.09000000357627869 0.09000000357627869 0.0 0.09000000357627869 0.0 0.0 0.0 0.0 0.0 0.3100000023841858 0.0 0.0 0.0 0.0 0.0 0.0 0.0 0.09000000357627869 0.09000000357627869 0.0 0.09000000357627869 -0.18000000715255737 0.09000000357627869 -0.18000000715255737 0.09000000357627869 0.5099999904632568 -0.5099999904632568 0.0 0.0 0.0 0.09000000357627869 0.0 0.0 0.0 0.0 0.09000000357627869 -0.27000001072883606 0.09000000357627869 0.0 0.0 -0.27000001072883606 0.09000000357627869 0.09000000357627869 0.09000000357627869 0.0 0.0 0.0 0.0 0.0 0.0 0.0 0.0 0.0 0.0 0.0 0.0 -0.09000000357627869 0.0 0.0 0.0 0.0 0.0 0.0 0.0 0.0 -0.4699999988079071 0.0 0.0 0.0 0.09000000357627869 0.09000000357627869 -0.18000000715255737 0.09000000357627869 0.09000000357627869 0.550000011920929 0.0 -0.5099999904632568 0.0 0.0 0.0 0.09000000357627869 0.0 0.0 0.09000000357627869 0.0 -0.11999999731779099 0.11999999731779099 -0.11999999731779099 0.11999999731779099 -0.11999999731779099 0.0 0.0 0.0 -0.11999999731779099 0.11999999731779099 0.5099999904632568 0.0 0.0 0.0 0.0 0.0 0.0 -0.27000001072883606 0.09000000357627869 0.0 0.0 0.0 0.0 0.0 0.0
307 0.0 0.0 0.0 0.0 0.0 0.0 -0.27000001072883606 0.0 0.09000000357627869 0.0 0.0 -0.28999999165534973 0.0 0.09000000357627869 -0.18000000715255737 0.0 -0.5099999904632568 0.0 0.0 0.0 0.0 0.0 0.0 0.0 0.0 0.0 0.0 0.0 0.09000000357627869 0.0 0.0 0.0 0.0 0.0 0.09000000357627869 0.0 0.0 0.09000000357627869 0.0 0.0 0.0 0.0 0.0 0.09000000357627869 -0.27000001072883606 0.0 0.09000000357627869 0.0 0.0 -0.5099999904632568 0.0 0.0 0.0 0.0 -0.27000001072883606 0.0 0.09000000357627869 0.09000000357627869 0.5099999904632568 -0.5099999904632568 0.0 0.0 0.0 0.09000000357627869 0.0 0.09000000357627869 0.0 0.550000011920929 -0.550000011920929 -0.6200000047683716 0.3199999928474426 0.30000001192092896 0.0 0.0 -0.4699999988079071 0.3100000023841858 0.0 0.09000000357627869 -0.27000001072883606 0.09000000357627869 0.09000000357627869 0.09000000357627869 0.5099999904632568 -0.5099999904632568 -0.4699999988079071 0.0 0.0 0.09000000357627869 0.0 0.0 0.09000000357627869 0.6200000047683716 -0.7599999904632568 -0.7599999904632568 0.0 -0.5099999904632568 0.0 0.0 0.0 0.0 0.0 0.0 0.0 0.0 0.09000000357627869 0.0 0.0 0.0 0.09000000357627869 0.0 0.0 0.0 -0.4699999988079071 0.0 0.0 0.09000000357627869 -0.18000000715255737 0.09000000357627869 0.09000000357627869 -0.2800000011920929 0.09000000357627869 0.09000000357627869 0.6200000047683716 -0.7599999904632568 -0.7599999904632568 0.0 -0.5099999904632568 0.0 0.0 0.0 0.09000000357627869 0.0 0.0 0.09000000357627869 0.0 0.09000000357627869 0.09000000357627869 0.20000000298023224 0.09000000357627869 0.09000000357627869 -0.699999988079071 0.4399999976158142 0.6399999856948853 -0.800000011920929 0.46000000834465027 -0.800000011920929 0.46000000834465027 0.0 -0.5099999904632568 0.0 0.0 0.0 0.09000000357627869 0.0 0.0 0.0 0.0 0.09000000357627869 0.0 0.0 0.0 0.0 0.0 0.0 0.09000000357627869 0.0 0.0 0.0 0.0 0.0 0.0 0.0 0.0 0.09000000357627869 0.09000000357627869 0.0 0.0 -0.27000001072883606 0.09000000357627869 0.09000000357627869 0.09000000357627869 -0.27000001072883606 0.09000000357627869 0.09000000357627869 0.09000000357627869 0.5099999904632568 -0.5099999904632568 -0.28999999165534973 0.0 0.0 0.09000000357627869 0.0 0.09000000357627869 -0.18000000715255737 0.09000000357627869 0.09000000357627869 -0.18000000715255737 0.09000000357627869 0.09000000357627869 0.0 -0.5099999904632568 0.0 0.0 0.0 0.09000000357627869 -0.18000000715255737 0.09000000357627869 0.09000000357627869 0.0 -0.11999999731779099 0.10999999940395355 -0.11999999731779099 0.11999999731779099 -0.11999999731779099 0.11999999731779099 0.5099999904632568 -0.5099999904632568 0.0 0.0 0.0 0.0 -0.18000000715255737 0.09000000357627869 0.09000000357627869 0.0 0.0 -0.27000001072883606 0.0 0.0 0.09000000357627869 0.0 0.09000000357627869 0.0 0.0 0.5099999904632568 -0.5099999904632568 -0.4699999988079071 0.0 0.09000000357627869 0.05000000074505806 0.09000000357627869 0.0 -0.5099999904632568 0.0 0.3100000023841858 0.0 0.09000000357627869 0.0 0.09000000357627869 0.09000000357627869 0.0 0.09000000357627869 0.0 0.0 0.09000000357627869 0.0 -0.27000001072883606 0.09000000357627869 0.09000000357627869 0.09000000357627869 0.5099999904632568 -0.5099999904632568 -0.28999999165534973 0.0 0.09000000357627869 0.09000000357627869 0.0 0.09000000357627869 0.0 0.09000000357627869 0.0 0.0 0.09000000357627869 0.09000000357627869 0.0 -0.5099999904632568 0.0 0.3100000023841858 0.0 0.09000000357627869 0.0 0.09000000357627869 0.09000000357627869 -0.18000000715255737 0.09000000357627869 0.09000000357627869 0.550000011920929 -0.550000011920929 -0.6200000047683716 0.3199999928474426 0.30000001192092896 0.0 -0.5099999904632568 0.0 0.0 0.0 0.09000000357627869 0.0 0.09000000357627869 0.0 0.4300000071525574 -0.27000001072883606 0.09000000357627869 0.09000000357627869 0.09000000357627869 0.0 0.0 0.0 0.3100000023841858 0.0 0.0 -0.27000001072883606 0.09000000357627869 0.09000000357627869 0.09000000357627869 0.5099999904632568 0.0 -0.4699999988079071 0.0 0.0 0.0 0.0 0.0 0.0 0.09000000357627869 -0.2800000011920929 0.09000000357627869 0.09000000357627869 0.6200000047683716 -0.7599999904632568 -0.7599999904632568 0.0 0.0 0.0 0.0 0.09000000357627869 0.0 0.0 0.0 0.0 0.09000000357627869 0.09000000357627869 0.0 0.09000000357627869 0.0 -0.27000001072883606 0.09000000357627869 0.0 0.0 0.0 0.0 -0.5099999904632568 0.09000000357627869 0.11999999731779099 0.0 -0.4699999988079071 0.0 0.0 0.0 -0.27000001072883606 0.09000000357627869 0.0 0.09000000357627869 0.0 0.0 0.0 0.0 0.0 0.09000000357627869 0.0 0.0 0.09000000357627869 0.0 0.09000000357627869 0.09000000357627869 -0.09000000357627869 -0.2199999988079071 0.09000000357627869 0.0 -0.5099999904632568 0.0 0.0 0.0 0.0 0.0 0.0 0.0 0.0 0.0 0.0 0.0 0.0 0.0 0.0 0.09000000357627869 0.0 0.09000000357627869 0.0 0.0 0.0 0.09000000357627869 0.0 0.09000000357627869 0.0 0.0 0.09000000357627869 0.09000000357627869 0.0 0.09000000357627869 0.0 0.0 0.0 0.0 0.0 0.0 0.09000000357627869 -0.27000001072883606 0.09000000357627869 0.0 0.0 -0.27000001072883606 0.09000000357627869 0.09000000357627869 0.09000000357627869 -0.11999999731779099 0.11999999731779099 -0.11999999731779099 0.0 0.0 -0.11999999731779099 0.11999999731779099
308 0.0 0.0 0.0 0.0 0.0 0.09000000357627869 0.0 0.09000000357627869 -0.27000001072883606 0.09000000357627869 0.0 0.0 -0.5099999904632568 0.0 0.0 0.0 0.0 0.5099999904632568 -0.5099999904632568 0.0 0.0 0.0 0.09000000357627869 0.0 0.09000000357627869 0.0 0.550000011920929 -0.550000011920929 -0.6200000047683716 0.3199999928474426 0.30000001192092896 0.0 0.0 -0.4699999988079071 0.3100000023841858 0.0 0.09000000357627869 -0.27000001072883606 0.09000000357627869 0.09000000357627869 0.09000000357627869 0.5099999904632568 -0.5099999904632568 -0.4699999988079071 0.0 0.0 0.09000000357627869 0.0 0.0 0.09000000357627869 0.6200000047683716 -0.7599999904632568 -0.7599999904632568 0.0 -0.5099999904632568 0.0 0.0 0.0 0.0 0.0 0.0 0.0 0.0 0.09000000357627869 0.0 0.0 0.0 0.09000000357627869 0.0 0.0 0.0 0.0 0.0 0.0 0.0 0.0 0.09000000357627869 0.09000000357627869 -0.18000000715255737 0.09000000357627869 0.0 0.550000011920929 -0.550000011920929 0.0 0.3199999928474426 0.0 0.0 0.0 0.0 0.0 0.0 0.09000000357627869 0.0 0.0 0.09000000357627869 0.0 0.09000000357627869 0.09000000357627869 0.20000000298023224 0.09000000357627869 0.09000000357627869 -0.699999988079071 0.4399999976158142 0.6399999856948853 -0.800000011920929 0.46000000834465027 0.46000000834465027 -0.800000011920929 0.46000000834465027 0.46000000834465027 0.0 -0.5099999904632568 0.0 0.0 0.0 0.09000000357627869 0.0 0.0 0.0 0.0 0.09000000357627869 0.0 0.0 0.0 0.0 0.0 0.0 0.09000000357627869 0.0 0.0 0.0 0.0 0.0 0.0 0.0 0.0 0.09000000357627869 0.09000000357627869 0.0 0.0 -0.27000001072883606 0.09000000357627869 0.09000000357627869 0.09000000357627869 -0.27000001072883606 0.09000000357627869 0.09000000357627869 0.09000000357627869 0.5099999904632568 -0.5099999904632568 -0.28999999165534973 0.0 0.0 0.09000000357627869 0.0 0.09000000357627869 -0.18000000715255737 0.09000000357627869 0.09000000357627869 -0.18000000715255737 0.09000000357627869 0.09000000357627869 0.0 -0.5099999904632568 0.0 0.0 0.0 0.09000000357627869 -0.18000000715255737 0.09000000357627869 0.09000000357627869 0.0 -0.11999999731779099 0.11999999731779099 -0.11999999731779099 0.10999999940395355 -0.5400000214576721 0.4300000071525574 -0.11999999731779099 0.11999999731779099 -0.11999999731779099 0.11999999731779099 0.5099999904632568 -0.5099999904632568 0.0 0.0 0.0 0.0 -0.18000000715255737 0.09000000357627869 0.09000000357627869 0.0 0.0 -0.27000001072883606 0.0 0.0 0.09000000357627869 0.3100000023841858 0.0 0.0 0.09000000357627869 0.09000000357627869 0.0 0.09000000357627869 0.0 0.0 0.09000000357627869 0.0 -0.27000001072883606 0.09000000357627869 0.09000000357627869 0.09000000357627869 -0.5099999904632568 0.09000000357627869 -0.18000000715255737 0.09000000357627869 -0.6200000047683716 0.3199999928474426 0.30000001192092896 -0.5099999904632568 0.09000000357627869 0.0 0.0 0.0 0.09000000357627869 0.0 0.09000000357627869 0.0 0.09000000357627869 -0.18000000715255737 0.09000000357627869 0.0 0.550000011920929 -0.550000011920929 -0.6200000047683716 0.3199999928474426 -0.5099999904632568 0.0 0.0 0.09000000357627869 0.0 0.09000000357627869 0.0 0.0 0.09000000357627869 0.09000000357627869 0.0 0.09000000357627869 0.0 0.0 0.0 0.0 0.0 0.09000000357627869 -0.27000001072883606 0.09000000357627869 0.0 0.0 -0.27000001072883606 0.09000000357627869 0.09000000357627869 0.09000000357627869 0.0 0.11999999731779099
309 0.0 0.0 0.0 0.0 0.0 0.0 0.0 0.0 0.09000000357627869 -0.27000001072883606 0.0 0.09000000357627869 0.0 0.0 -0.5099999904632568 0.5099999904632568 0.0 0.0 0.0 0.09000000357627869 0.0 0.09000000357627869 0.0 0.550000011920929 -0.550000011920929 -0.6200000047683716 0.3199999928474426 0.30000001192092896 0.0 0.0 -0.4699999988079071 0.3100000023841858 0.0 0.09000000357627869 -0.27000001072883606 0.09000000357627869 0.09000000357627869 0.09000000357627869 0.5099999904632568 -0.5099999904632568 -0.4699999988079071 0.0 0.0 0.09000000357627869 0.0 0.0 0.09000000357627869 0.6200000047683716 -0.7599999904632568 -0.7599999904632568 0.0 -0.5099999904632568 0.0 0.0 0.0 0.0 0.0 0.0 0.0 0.0 0.09000000357627869 0.0 0.0 0.0 0.09000000357627869 0.0 0.0 0.0 0.0 0.0 0.0 0.0 0.0 0.09000000357627869 0.09000000357627869 -0.18000000715255737 0.09000000357627869 0.0 0.550000011920929 -0.550000011920929 0.0 0.3199999928474426 0.0 0.0 0.0 -0.4699999988079071 0.0 0.0 0.09000000357627869 -0.18000000715255737 0.09000000357627869 0.09000000357627869 -0.2800000011920929 0.09000000357627869 0.09000000357627869 0.6200000047683716 -0.7599999904632568 -0.7599999904632568 0.0 -0.5099999904632568 0.0 0.0 0.0 0.09000000357627869 0.0 0.0 0.0 0.0 0.09000000357627869 0.0 0.0 0.0 0.0 0.0 0.0 0.09000000357627869 0.0 0.0 0.0 0.0 0.0 0.0 0.0 0.0 0.09000000357627869 0.09000000357627869 0.0 0.0 -0.27000001072883606 0.09000000357627869 0.09000000357627869 0.09000000357627869 -0.27000001072883606 0.09000000357627869 0.09000000357627869 0.09000000357627869 0.5099999904632568 -0.5099999904632568 -0.28999999165534973 0.0 0.0 0.09000000357627869 0.0 0.09000000357627869 -0.18000000715255737 0.09000000357627869 0.09000000357627869 -0.18000000715255737 0.09000000357627869 0.09000000357627869 0.0 -0.5099999904632568 0.0 0.0 0.0 0.09000000357627869 -0.18000000715255737 0.09000000357627869 0.09000000357627869 0.0 -0.11999999731779099 0.11999999731779099 -0.11999999731779099 0.11999999731779099 0.10999999940395355 -0.5400000214576721 0.4300000071525574 -0.11999999731779099 0.11999999731779099 -0.11999999731779099 0.11999999731779099 0.5099999904632568 -0.5099999904632568 0.0 0.0 0.0 0.0 -0.18000000715255737 0.09000000357627869 0.09000000357627869 0.0 0.0 -0.27000001072883606 0.0 0.0 0.09000000357627869 0.0 0.09000000357627869 0.0 0.5099999904632568 -0.5099999904632568 0.0 0.0 0.09000000357627869 0.09000000357627869 0.0 0.09000000357627869 0.0 0.0 0.09000000357627869 0.0 -0.27000001072883606 0.09000000357627869 0.09000000357627869 0.0 0.09000000357627869 0.0 0.0 0.0 0.0 0.09000000357627869 0.0 0.0 0.09000000357627869 0.0 0.09000000357627869 0.09000000357627869 -0.09000000357627869 -0.2199999988079071 0.09000000357627869 0.09000000357627869 0.0 -0.5099999904632568 0.0 0.0 0.0 0.0 0.0 0.0 0.0 0.0 0.0 0.0 0.0 0.0 0.0 0.0 0.0 0.0 0.0 0.0 0.0 0.5099999904632568 -0.4699999988079071 0.0 0.0 0.09000000357627869 -0.27000001072883606 0.09000000357627869 0.09000000357627869 0.09000000357627869 0.5099999904632568 -0.5099999904632568 -0.4699999988079071 0.0 0.0 0.09000000357627869 0.0 0.09000000357627869 0.0 0.09000000357627869 0.0 0.0 0.0 0.0 0.0 0.0 0.0 0.0 0.0 0.0 0.0 0.0 0.0 0.0 -0.4699999988079071 0.0 0.0 0.09000000357627869 0.05000000074505806 0.09000000357627869 0.09000000357627869 0.0 0.0 0.5099999904632568 -0.5099999904632568 0.0 0.0 0.0 0.09000000357627869 0.0 0.5099999904632568 -0.5099999904632568 0.0 0.0 0.0 0.09000000357627869 -0.18000000715255737 0.09000000357627869 0.0 -0.18000000715255737 0.09000000357627869 0.09000000357627869 0.550000011920929 -0.550000011920929 -0.6200000047683716 0.3199999928474426 0.30000001192092896 0.5099999904632568 -0.5099999904632568 0.0 0.0 0.0 0.0 0.0 0.09000000357627869 0.0 0.0 0.09000000357627869 0.0 0.0 0.09000000357627869 0.09000000357627869 0.0 0.09000000357627869 0.0 0.0 0.0 0.0 0.0 0.3100000023841858 0.0 0.0 0.0 0.0 0.0 0.0 0.0 0.09000000357627869 0.09000000357627869 0.0 0.09000000357627869 -0.18000000715255737 0.09000000357627869 0.09000000357627869 -0.18000000715255737 0.09000000357627869 0.09000000357627869 0.5099999904632568 -0.5099999904632568 0.0 0.0 0.0 0.09000000357627869 0.0 0.0 0.0 0.0 0.09000000357627869 -0.27000001072883606 0.09000000357627869 0.0 0.0 -0.27000001072883606 0.09000000357627869 0.09000000357627869 0.09000000357627869 0.0 0.0 0.0 0.0 -0.09000000357627869 0.0 0.0 0.0 0.0 -0.11999999731779099 0.0 -0.11999999731779099 0.11999999731779099 0.0 0.09000000357627869 -0.550000011920929
31 0.0 0.0 0.0 0.0 0.0 0.0 0.0 0.0 0.0 0.0 0.0 0.0 0.0 0.0 0.0 0.0 0.0 0.0 0.0 0.0 0.0 0.0 0.09000000357627869 0.0 0.0 0.0 0.09000000357627869 0.0 0.09000000357627869 0.09000000357627869 0.20999999344348907 0.05000000074505806 0.05000000074505806 -0.30000001192092896 0.33000001311302185 0.0 0.33000001311302185 0.0 0.0 0.0 0.3100000023841858 0.0 0.09000000357627869 0.05000000074505806 0.09000000357627869 0.09000000357627869 -0.6600000262260437 0.4300000071525574 0.0 0.0 -0.4699999988079071 0.3100000023841858 0.0 0.0 -0.18000000715255737 0.09000000357627869 0.09000000357627869 0.0 0.0 -0.27000001072883606 0.09000000357627869 0.0 0.09000000357627869 0.0 0.09000000357627869 0.09000000357627869 0.09000000357627869 0.0 -0.5099999904632568 0.0 0.0 0.0 0.09000000357627869 0.0 0.09000000357627869 0.09000000357627869 0.0 0.09000000357627869 0.0 -0.18000000715255737 0.09000000357627869 0.09000000357627869 0.20999999344348907 0.05000000074505806 0.05000000074505806 -0.30000001192092896 0.33000001311302185 0.33000001311302185 0.33000001311302185 0.0 -0.5099999904632568 0.0 -0.5099999904632568 0.0 0.0 0.0 0.09000000357627869 0.0 0.09000000357627869 -0.27000001072883606 0.09000000357627869 0.09000000357627869 0.09000000357627869 0.0 0.0 0.0 0.3100000023841858 0.0 0.0 0.0 0.09000000357627869 0.0 0.09000000357627869 0.0 0.09000000357627869 -0.27000001072883606 0.09000000357627869 0.0 0.09000000357627869 0.0 -0.5099999904632568 0.0 0.0 0.0 0.09000000357627869 0.0 0.09000000357627869 -0.6600000262260437 0.4300000071525574 -0.27000001072883606 0.09000000357627869 0.09000000357627869 0.09000000357627869 0.0 -0.5099999904632568 0.0 0.0 0.09000000357627869 0.09000000357627869 0.0 0.0 -0.18000000715255737 0.09000000357627869 0.09000000357627869 -0.18000000715255737 0.09000000357627869 0.09000000357627869 0.5099999904632568 -0.5099999904632568 -0.4699999988079071 0.0 0.0 0.09000000357627869 0.0 0.09000000357627869 0.09000000357627869 0.6200000047683716 -0.7599999904632568 -0.7599999904632568 0.0 0.0 0.0 0.3100000023841858 0.0 0.09000000357627869 -0.18000000715255737 0.09000000357627869 0.09000000357627869 0.0 0.09000000357627869 0.09000000357627869 -0.18000000715255737 0.20999999344348907 0.05000000074505806 0.05000000074505806 0.5099999904632568 -0.5099999904632568 0.0 0.0 0.0 0.0 0.0 0.0 -0.18000000715255737 0.09000000357627869 -0.699999988079071 0.4399999976158142 0.6399999856948853 -0.800000011920929 0.46000000834465027 0.46000000834465027 0.5099999904632568 0.0 0.0 0.0 0.0 0.0 0.0 0.0 0.09000000357627869 0.0 0.0 0.0 0.11999999731779099 0.0 0.0 0.0 -0.18000000715255737 0.09000000357627869 0.0 0.0 0.0 0.0 0.0 0.0 0.0 0.0 0.0 0.0 0.0 0.0 0.0 0.0 0.0 0.0 0.0 -0.7599999904632568 -0.2800000011920929 0.09000000357627869 0.09000000357627869 0.6200000047683716 -0.7599999904632568 -0.7599999904632568 0.09000000357627869 0.09000000357627869 0.0 0.11999999731779099 0.0 0.0 0.11999999731779099 0.0 0.0 0.0 0.0 0.0 0.0 0.0 0.09000000357627869 0.0 0.0 -0.27000001072883606 0.09000000357627869 0.0 0.09000000357627869 0.0 0.09000000357627869 0.09000000357627869 0.0 0.0 -0.5099999904632568 0.0 -0.18000000715255737 0.09000000357627869 0.09000000357627869 0.5099999904632568 -0.5099999904632568 0.0 0.0 0.0 0.09000000357627869 0.0 0.0 0.09000000357627869 -0.23000000417232513 0.0 0.5099999904632568 -0.5099999904632568 -0.28999999165534973 0.0 0.09000000357627869 0.09000000357627869 -0.18000000715255737 0.09000000357627869 0.09000000357627869 0.5099999904632568 -0.4699999988079071 0.3100000023841858 0.0 0.09000000357627869 0.05000000074505806 0.09000000357627869 0.09000000357627869 -0.6600000262260437 0.4300000071525574 0.5099999904632568 -0.5099999904632568 -0.4699999988079071 0.0 -0.019999999552965164 0.09000000357627869 0.5099999904632568 -0.5099999904632568 0.0 0.0 0.0 0.0 -0.18000000715255737 0.09000000357627869 0.09000000357627869 0.0 0.0 0.09000000357627869 0.20000000298023224 0.09000000357627869 0.09000000357627869 0.0 0.0 0.0 0.0 0.0 0.0 0.0 0.0 0.0 0.09000000357627869 0.0 0.0 -0.27000001072883606 0.09000000357627869 0.09000000357627869 0.09000000357627869 0.0 0.0 0.0 0.0 0.0 0.0 0.0 0.09000000357627869 0.0 0.0 0.0 0.0 0.11999999731779099 0.0 0.0 0.0 0.0 0.0 0.0 0.0 0.0 0.0 0.0 -0.27000001072883606 0.09000000357627869 0.0 0.09000000357627869 0.0 0.0 0.0 0.0 0.0 0.0 0.0 0.0 0.0 0.0 0.0 0.0 0.0 0.0 0.0 0.0 0.09000000357627869 -0.18000000715255737 0.0 0.05000000074505806 0.0 -0.30000001192092896 0.33000001311302185 0.33000001311302185 0.33000001311302185 0.0 0.3100000023841858 0.0 0.0 0.0 0.09000000357627869 0.0 0.09000000357627869 0.0 -0.5099999904632568 0.0 0.0 0.0 0.09000000357627869 0.0 0.0 0.09000000357627869 0.0 0.0 -0.27000001072883606 0.09000000357627869 0.0 0.09000000357627869 -0.27000001072883606 0.09000000357627869 0.09000000357627869 0.09000000357627869 0.0 0.0 0.0 0.3100000023841858 0.0 0.0 0.0 0.0 0.0 0.0 -0.11999999731779099 0.0 -0.11999999731779099 0.11999999731779099 -0.11999999731779099 0.11999999731779099 0.0 0.11999999731779099 0.0 0.11999999731779099 0.0 -0.5099999904632568 0.0 0.0 0.0 0.0 -0.18000000715255737 0.0 0.09000000357627869 0.0 0.0 0.0 -0.11999999731779099 0.11999999731779099 -0.11999999731779099 0.11999999731779099 0.0 0.0 0.0 0.0 0.5099999904632568 0.0 0.0 0.0 0.0 0.0 -0.18000000715255737 0.09000000357627869 0.0 -0.029999999329447746 0.0 0.0 0.0 0.0 0.23999999463558197 0.10999999940395355 -0.25 0.17000000178813934 -0.20000000298023224 0.14000000059604645 -0.27000001072883606 0.0 -0.14000000059604645 0.14000000059604645 0.5099999904632568 0.0 0.0 0.0 0.0 0.0 0.0 0.09000000357627869 0.09000000357627869 0.0 0.0 0.0 -0.09000000357627869 0.0 0.0 0.0 -0.5099999904632568 0.0 0.0 0.0 0.09000000357627869 0.0 0.0 0.09000000357627869 0.0 0.550000011920929 -0.6200000047683716 0.0 0.0
310 0.09000000357627869 -0.6200000047683716 0.3199999928474426 0.30000001192092896 0.0 0.0 0.0 0.0 0.0 0.0 0.0 0.0 0.0 0.0 0.0 0.0 0.0 0.0 0.0 0.0 0.0 0.0 0.0 0.0 0.0 0.0 0.0 0.0 0.0 0.0 0.0 0.0 0.0 0.0 0.0 0.0 0.09000000357627869 0.0 0.0 0.09000000357627869 0.0 0.0 0.0 0.0 0.0 0.09000000357627869 -0.27000001072883606 0.0 0.09000000357627869 0.0 0.0 -0.5099999904632568 0.0 0.0 0.0 0.0 -0.27000001072883606 0.0 0.5099999904632568 -0.5099999904632568 0.0 0.0 0.0 0.09000000357627869 0.0 0.09000000357627869 0.0 0.550000011920929 -0.550000011920929 -0.6200000047683716 0.0 0.0 -0.4699999988079071 0.3100000023841858 0.0 0.09000000357627869 -0.27000001072883606 0.09000000357627869 0.09000000357627869 0.09000000357627869 0.5099999904632568 -0.5099999904632568 -0.4699999988079071 0.0 0.0 0.09000000357627869 0.0 0.0 0.09000000357627869 0.6200000047683716 -0.7599999904632568 0.0 -0.5099999904632568 0.0 0.0 0.0 0.0 0.0 0.0 0.0 0.0 0.09000000357627869 0.0 0.0 0.0 0.09000000357627869 0.0 0.0 0.0 0.0 0.0 0.0 0.0 0.0 0.09000000357627869 0.09000000357627869 -0.18000000715255737 0.09000000357627869 0.0 0.550000011920929 -0.550000011920929 0.0 0.3199999928474426 0.0 0.0 0.0 -0.4699999988079071 0.0 0.0 0.09000000357627869 -0.18000000715255737 0.09000000357627869 0.09000000357627869 -0.2800000011920929 0.09000000357627869 0.09000000357627869 0.6200000047683716 -0.7599999904632568 -0.7599999904632568 0.0 -0.5099999904632568 0.0 0.0 0.0 0.09000000357627869 0.0 0.0 0.09000000357627869 0.0 0.09000000357627869 0.09000000357627869 0.20000000298023224 0.09000000357627869 0.09000000357627869 -0.699999988079071 0.4399999976158142 0.6399999856948853 -0.800000011920929 0.46000000834465027 0.46000000834465027 -0.800000011920929 0.46000000834465027 0.46000000834465027 0.0 -0.5099999904632568 0.0 0.0 0.0 0.0 0.0 0.09000000357627869 0.09000000357627869 0.0 0.0 -0.27000001072883606 0.09000000357627869 0.09000000357627869 0.09000000357627869 -0.27000001072883606 0.09000000357627869 0.09000000357627869 0.09000000357627869 0.5099999904632568 -0.5099999904632568 -0.28999999165534973 0.0 0.0 0.09000000357627869 0.0 0.09000000357627869 -0.18000000715255737 0.09000000357627869 0.09000000357627869 -0.18000000715255737 0.09000000357627869 0.09000000357627869 0.0 -0.5099999904632568 0.0 0.0 0.0 0.09000000357627869 -0.18000000715255737 0.09000000357627869 0.09000000357627869 0.0 -0.11999999731779099 0.11999999731779099 -0.11999999731779099 0.11999999731779099 0.10999999940395355 -0.5400000214576721 0.4300000071525574 -0.11999999731779099 0.11999999731779099 -0.11999999731779099 0.11999999731779099 0.5099999904632568 -0.5099999904632568 0.0 0.0 0.0 0.0 -0.18000000715255737 0.09000000357627869 0.09000000357627869 0.0 0.0 -0.27000001072883606 0.0 0.0 0.09000000357627869 0.0 0.09000000357627869 0.0 0.0 0.5099999904632568 -0.5099999904632568 -0.28999999165534973 0.0 0.0 0.09000000357627869 0.0 0.09000000357627869 -0.18000000715255737 0.09000000357627869 0.09000000357627869 -0.18000000715255737 0.09000000357627869 0.09000000357627869 0.5099999904632568 -0.5099999904632568 -0.4699999988079071 0.0 0.09000000357627869 0.0 -0.4699999988079071 0.3100000023841858 0.0 0.0 0.09000000357627869 0.0 0.0 0.09000000357627869 0.6200000047683716 -0.7599999904632568 -0.7599999904632568 0.5099999904632568 -0.5099999904632568 -0.4699999988079071 0.0 0.09000000357627869 0.0 -0.5099999904632568 0.0 0.3100000023841858 0.0 0.09000000357627869 0.0 0.09000000357627869 0.09000000357627869 0.0 0.09000000357627869 0.0 0.0 0.09000000357627869 0.0 -0.27000001072883606 0.09000000357627869 0.09000000357627869 0.09000000357627869 0.5099999904632568 -0.5099999904632568 -0.28999999165534973 0.0 0.09000000357627869 0.09000000357627869 0.0 0.0 0.0 0.0 0.09000000357627869 0.09000000357627869 0.0 -0.5099999904632568 0.0 0.0 0.09000000357627869 0.09000000357627869 0.30000001192092896 0.0 0.0 0.09000000357627869 0.0 0.09000000357627869 0.0 -0.27000001072883606 0.09000000357627869 0.0 0.0 0.0 0.09000000357627869 0.0 0.09000000357627869 0.09000000357627869 0.5099999904632568 -0.5099999904632568 -0.4699999988079071 0.0 0.0 0.09000000357627869 0.0 0.0 0.0 0.0 -0.11999999731779099 0.11999999731779099 0.0 0.0 0.0 0.0 0.0 0.0 0.0 0.5099999904632568 -0.5099999904632568 -0.4699999988079071 0.0 0.0 0.09000000357627869 0.0 0.09000000357627869 0.09000000357627869 -0.18000000715255737 0.09000000357627869 0.09000000357627869 0.550000011920929 0.0 -0.5099999904632568 -0.4699999988079071 0.0 0.0 0.0 -0.27000001072883606 0.09000000357627869 0.0 0.09000000357627869 0.0 0.0 0.0 0.0 0.0 0.0 0.0 0.0 0.0 0.0 0.09000000357627869 0.0 0.0 0.0 0.0 0.0 0.0 0.0 0.0 0.5099999904632568 -0.5099999904632568 0.0 0.0 0.0 0.09000000357627869 0.0 0.5099999904632568 -0.5099999904632568 0.0 0.0 0.0 0.09000000357627869 0.0 0.0 0.09000000357627869 0.0 0.09000000357627869 0.09000000357627869 -0.09000000357627869 -0.2199999988079071 0.09000000357627869 0.09000000357627869 0.09000000357627869 0.0 -0.5099999904632568 0.0 0.0 0.0 0.0 0.0 0.0 0.0 0.0 0.0 0.11999999731779099 0.0 0.11999999731779099 0.0 0.0 0.0 0.0 0.0 0.0 0.0 0.0 0.0 0.0 0.0 0.0 0.0 0.0 0.09000000357627869 -0.6600000262260437 0.5099999904632568 0.0 -0.4699999988079071 0.0 0.0 0.09000000357627869 -0.27000001072883606 0.09000000357627869 0.09000000357627869 0.09000000357627869 0.5099999904632568 -0.5099999904632568 -0.4699999988079071 0.0 0.0 0.09000000357627869 0.0 0.09000000357627869 0.0 0.09000000357627869 0.0 0.0 0.0 0.0 0.0 0.0 0.0 0.0 0.0 0.0 0.0 0.0 0.0 0.0 0.0 0.09000000357627869 0.09000000357627869 0.0 0.0 0.0 0.0 -0.4699999988079071 0.0 0.05000000074505806 0.09000000357627869 0.09000000357627869 0.0 0.0 0.0 0.0 0.0 0.09000000357627869 -0.18000000715255737 0.09000000357627869 0.0 -0.18000000715255737 0.09000000357627869 0.09000000357627869 0.550000011920929 -0.550000011920929 -0.6200000047683716 0.3199999928474426 0.5099999904632568 -0.5099999904632568 0.0 0.0 0.0 0.0 0.0 0.09000000357627869 0.0 0.0 0.09000000357627869 0.0 0.0 0.09000000357627869 0.09000000357627869 0.0 0.09000000357627869 0.0 0.0 0.0 0.0 0.0 0.3100000023841858 0.0 0.0 0.0 0.0 0.09000000357627869 -0.27000001072883606 0.09000000357627869 0.0 0.0 -0.27000001072883606 0.09000000357627869 0.09000000357627869 -0.09000000357627869 0.0 0.0 0.0 0.0 -0.11999999731779099 0.0 -0.11999999731779099 0.11999999731779099
311 0.09000000357627869 -0.27000001072883606 0.09000000357627869 0.0 0.0 -0.5099999904632568 0.0 0.0 -0.4699999988079071 0.3100000023841858 0.0 0.09000000357627869 -0.27000001072883606 0.09000000357627869 0.09000000357627869 0.09000000357627869 0.5099999904632568 -0.5099999904632568 -0.4699999988079071 0.0 0.0 0.09000000357627869 0.0 0.0 0.09000000357627869 -0.7599999904632568 0.0 -0.5099999904632568 0.0 0.0 0.0 0.0 0.0 0.0 0.0 0.0 0.09000000357627869 0.0 0.0 0.0 0.09000000357627869 0.0 0.0 0.0 0.0 0.0 0.0 0.0 0.0 0.09000000357627869 0.09000000357627869 -0.18000000715255737 0.09000000357627869 0.0 0.550000011920929 -0.550000011920929 0.0 0.3199999928474426 0.0 0.0 0.0 -0.4699999988079071 0.0 0.0 0.09000000357627869 -0.18000000715255737 0.09000000357627869 0.09000000357627869 -0.2800000011920929 0.09000000357627869 0.09000000357627869 0.6200000047683716 -0.7599999904632568 -0.7599999904632568 0.0 -0.5099999904632568 0.0 0.0 0.0 0.09000000357627869 0.0 0.0 0.09000000357627869 0.0 0.09000000357627869 0.09000000357627869 0.20000000298023224 0.09000000357627869 0.09000000357627869 -0.699999988079071 0.4399999976158142 0.6399999856948853 -0.800000011920929 0.46000000834465027 0.0 -0.5099999904632568 0.0 0.0 0.0 0.09000000357627869 0.0 0.0 0.0 0.0 0.09000000357627869 0.0 0.0 0.0 0.0 0.0 0.0 0.09000000357627869 0.0 0.0 0.0 -0.28999999165534973 0.0 0.0 0.09000000357627869 0.0 0.09000000357627869 -0.18000000715255737 0.09000000357627869 0.09000000357627869 -0.18000000715255737 0.09000000357627869 0.09000000357627869 0.0 -0.5099999904632568 0.0 0.0 0.0 0.09000000357627869 -0.18000000715255737 0.09000000357627869 0.09000000357627869 0.0 -0.11999999731779099 0.11999999731779099 -0.11999999731779099 0.11999999731779099 0.10999999940395355 -0.5400000214576721 0.4300000071525574 -0.11999999731779099 0.11999999731779099 -0.11999999731779099 0.11999999731779099 0.5099999904632568 -0.5099999904632568 0.0 0.0 0.0 0.0 -0.18000000715255737 0.09000000357627869 0.09000000357627869 0.0 0.0 -0.27000001072883606 0.0 0.0 0.09000000357627869 0.0 0.09000000357627869 0.0 0.0 0.5099999904632568 -0.5099999904632568 -0.28999999165534973 0.0 0.0 0.09000000357627869 0.0 0.09000000357627869 -0.18000000715255737 0.09000000357627869 0.09000000357627869 -0.18000000715255737 0.09000000357627869 0.09000000357627869 0.5099999904632568 -0.5099999904632568 -0.4699999988079071 0.3100000023841858 0.0 0.09000000357627869 0.05000000074505806 0.09000000357627869 0.09000000357627869 -0.6600000262260437 0.4300000071525574 0.5099999904632568 -0.5099999904632568 -0.4699999988079071 0.0 -0.019999999552965164 0.09000000357627869 0.5099999904632568 -0.5099999904632568 -0.4699999988079071 0.3100000023841858 0.0 0.09000000357627869 0.0 0.09000000357627869 0.0 0.0 0.09000000357627869 0.09000000357627869 0.6200000047683716 -0.7599999904632568 0.5099999904632568 -0.5099999904632568 -0.4699999988079071 0.3100000023841858 0.0 0.09000000357627869 0.05000000074505806 0.09000000357627869 0.09000000357627869 -0.6600000262260437 0.4300000071525574 0.0 -0.5099999904632568 0.0 0.3100000023841858 0.0 0.09000000357627869 0.0 0.09000000357627869 0.09000000357627869 0.0 0.09000000357627869 0.0 0.0 0.09000000357627869 0.0 -0.27000001072883606 0.09000000357627869 0.09000000357627869 0.09000000357627869 0.5099999904632568 -0.5099999904632568 -0.28999999165534973 0.0 0.09000000357627869 0.09000000357627869 0.0 0.09000000357627869 0.0 -0.5099999904632568 0.0 0.3100000023841858 0.0 0.09000000357627869 0.0 0.09000000357627869 0.09000000357627869 -0.18000000715255737 0.09000000357627869 0.09000000357627869 0.550000011920929 -0.550000011920929 -0.6200000047683716 0.3199999928474426 0.30000001192092896 0.0 0.0 0.0 -0.27000001072883606 0.09000000357627869 0.09000000357627869 0.0 0.0 0.0 0.0 0.0 0.09000000357627869 0.0 0.0 0.09000000357627869 0.0 0.09000000357627869 0.09000000357627869 -0.09000000357627869 -0.2199999988079071 0.09000000357627869 0.09000000357627869 0.09000000357627869 0.0 -0.5099999904632568 0.0 0.0 0.0 0.0 0.0 0.0 0.09000000357627869 -0.4699999988079071 0.0 0.0 0.09000000357627869 0.0 0.09000000357627869 0.0 0.09000000357627869 -0.550000011920929 0.0 0.0 0.09000000357627869 0.09000000357627869 0.0 0.09000000357627869 0.0 0.0
312 0.5099999904632568 -0.5099999904632568 -0.4699999988079071 0.0 0.09000000357627869 0.09000000357627869 0.0 -0.5099999904632568 0.0 0.0 0.0 0.0 0.0 0.0 0.0 0.0 0.09000000357627869 0.0 0.09000000357627869 0.0 0.0 0.0 0.0 0.0 0.0 0.0 0.09000000357627869 0.09000000357627869 -0.18000000715255737 0.09000000357627869 0.0 0.550000011920929 0.0 0.0 -0.4699999988079071 0.0 0.0 0.09000000357627869 -0.18000000715255737 0.09000000357627869 0.09000000357627869 -0.2800000011920929 0.09000000357627869 0.09000000357627869 0.6200000047683716 -0.7599999904632568 -0.7599999904632568 0.0 -0.5099999904632568 0.0 0.0 0.0 0.09000000357627869 0.0 0.0 0.09000000357627869 0.0 0.09000000357627869 0.09000000357627869 0.20000000298023224 0.09000000357627869 0.09000000357627869 -0.699999988079071 0.4399999976158142 0.6399999856948853 -0.800000011920929 0.46000000834465027 0.46000000834465027 -0.800000011920929 0.46000000834465027 0.46000000834465027 0.0 -0.5099999904632568 0.0 0.0 0.0 0.09000000357627869 0.0 0.0 0.0 0.0 0.09000000357627869 0.0 0.0 0.0 0.0 0.0 0.0 0.09000000357627869 0.0 0.0 0.0 0.0 0.0 0.0 0.0 0.0 0.09000000357627869 0.09000000357627869 0.0 0.0 -0.27000001072883606 0.09000000357627869 0.09000000357627869 0.09000000357627869 -0.27000001072883606 0.09000000357627869 0.09000000357627869 0.09000000357627869 0.5099999904632568 -0.5099999904632568 0.0 0.0 0.0 0.09000000357627869 -0.18000000715255737 0.09000000357627869 0.09000000357627869 0.0 -0.11999999731779099 0.11999999731779099 -0.11999999731779099 0.11999999731779099 0.10999999940395355 -0.5400000214576721 0.4300000071525574 -0.11999999731779099 0.11999999731779099 -0.11999999731779099 0.11999999731779099 0.5099999904632568 -0.5099999904632568 0.0 0.0 0.0 0.0 -0.18000000715255737 0.09000000357627869 0.09000000357627869 0.0 0.0 -0.27000001072883606 0.0 0.0 0.09000000357627869 0.0 0.09000000357627869 0.0 0.0 0.5099999904632568 -0.5099999904632568 -0.28999999165534973 0.0 0.0 0.09000000357627869 0.0 0.09000000357627869 -0.18000000715255737 0.09000000357627869 0.09000000357627869 -0.18000000715255737 0.09000000357627869 0.09000000357627869 0.5099999904632568 -0.5099999904632568 -0.4699999988079071 0.3100000023841858 0.0 0.09000000357627869 0.05000000074505806 0.09000000357627869 0.09000000357627869 -0.6600000262260437 0.4300000071525574 0.0 0.3100000023841858 0.0 -0.5099999904632568 0.3100000023841858 0.0 0.09000000357627869 0.0 0.09000000357627869 0.0 0.0 0.09000000357627869 0.0 -0.27000001072883606 0.09000000357627869 0.09000000357627869 0.0 0.09000000357627869 0.0 0.0 0.09000000357627869 0.0 0.09000000357627869 0.09000000357627869 -0.09000000357627869 -0.2199999988079071 0.09000000357627869 0.09000000357627869 0.09000000357627869 0.0 -0.5099999904632568 0.0 0.0 -0.27000001072883606 0.09000000357627869 0.09000000357627869 0.5099999904632568 -0.5099999904632568 -0.4699999988079071 0.0 0.0 0.09000000357627869 0.0 0.09000000357627869 0.0 0.09000000357627869 0.0 0.0 0.05000000074505806 0.09000000357627869 0.09000000357627869 0.0 0.0 0.0 -0.18000000715255737 0.09000000357627869 0.0 -0.18000000715255737 0.09000000357627869 0.09000000357627869 0.550000011920929 -0.550000011920929 -0.6200000047683716 0.3199999928474426 0.30000001192092896 0.09000000357627869 0.0 0.0 0.09000000357627869 0.09000000357627869 0.0 0.09000000357627869 0.0
313 -0.019999999552965164 0.09000000357627869 0.09000000357627869 0.09000000357627869 0.09000000357627869 0.0 -0.550000011920929 -0.6200000047683716 0.3199999928474426 0.30000001192092896 0.09000000357627869 0.0 -0.5099999904632568 0.0 0.0 0.0 0.0 0.0 0.0 0.09000000357627869 0.0 0.09000000357627869 0.0 0.0 0.0 0.0 0.0 0.0 0.0 0.09000000357627869 0.09000000357627869 0.0 0.0 -0.4699999988079071 0.0 0.0 0.09000000357627869 -0.18000000715255737 0.09000000357627869 0.09000000357627869 -0.2800000011920929 0.09000000357627869 0.0 -0.5099999904632568 0.0 0.0 0.0 0.09000000357627869 0.0 0.0 0.09000000357627869 0.0 0.09000000357627869 0.09000000357627869 0.20000000298023224 0.09000000357627869 0.09000000357627869 -0.699999988079071 0.4399999976158142 0.6399999856948853 -0.800000011920929 0.46000000834465027 0.46000000834465027 -0.800000011920929 0.46000000834465027 0.46000000834465027 0.0 -0.5099999904632568 0.0 0.0 0.0 0.09000000357627869 0.0 0.0 0.0 0.0 0.09000000357627869 0.0 0.0 0.0 0.0 0.0 0.0 0.09000000357627869 0.0 0.0 0.0 0.0 0.0 0.0 0.0 0.0 0.09000000357627869 0.09000000357627869 0.0 0.0 -0.27000001072883606 0.09000000357627869 0.09000000357627869 0.09000000357627869 -0.27000001072883606 0.09000000357627869 0.09000000357627869 0.09000000357627869 0.5099999904632568 -0.5099999904632568 -0.28999999165534973 0.0 0.0 0.09000000357627869 0.0 0.09000000357627869 -0.18000000715255737 0.09000000357627869 0.09000000357627869 -0.18000000715255737 0.09000000357627869 0.09000000357627869 0.0 -0.5099999904632568 0.0 0.0 0.0 0.0 -0.18000000715255737 0.09000000357627869 0.09000000357627869 0.0 0.0 -0.27000001072883606 0.0 0.0 0.09000000357627869 0.0 0.09000000357627869 0.0 0.0 0.5099999904632568 -0.5099999904632568 -0.28999999165534973 0.0 0.0 0.09000000357627869 0.0 0.09000000357627869 -0.18000000715255737 0.09000000357627869 0.09000000357627869 -0.18000000715255737 0.09000000357627869 0.09000000357627869 0.5099999904632568 -0.5099999904632568 -0.4699999988079071 0.3100000023841858 0.0 0.09000000357627869 0.05000000074505806 0.09000000357627869 0.09000000357627869 -0.6600000262260437 0.4300000071525574 0.5099999904632568 -0.4699999988079071 0.0 0.5099999904632568 -0.4699999988079071 0.3100000023841858 0.0 0.0 0.09000000357627869 0.0 0.0 0.09000000357627869 0.09000000357627869 0.6200000047683716 -0.7599999904632568 -0.7599999904632568 0.5099999904632568 -0.5099999904632568 0.3100000023841858 0.0 0.09000000357627869 0.0 0.09000000357627869 0.0 0.0 0.09000000357627869 0.0 -0.27000001072883606 0.09000000357627869 0.09000000357627869 0.09000000357627869 0.0 0.09000000357627869 0.0 0.09000000357627869 0.09000000357627869 -0.18000000715255737 0.09000000357627869 0.550000011920929 -0.6200000047683716 0.3199999928474426 0.30000001192092896 0.0 -0.5099999904632568 -0.4699999988079071 0.0 0.0 0.0 -0.27000001072883606 0.09000000357627869 0.09000000357627869 0.0 0.0 0.0 0.5099999904632568 -0.5099999904632568 0.0 0.0 0.0 0.09000000357627869 0.0 0.5099999904632568 -0.5099999904632568 0.0 0.0 0.0 0.09000000357627869 0.0 0.0 0.09000000357627869 0.0 0.09000000357627869 0.09000000357627869 -0.09000000357627869 -0.2199999988079071 0.09000000357627869 0.09000000357627869 0.09000000357627869 0.0 -0.5099999904632568 0.0 0.0 0.0 0.0 0.0 0.0 0.0 0.0 0.0 0.0 0.0 0.0 0.0 0.0 0.0 0.0 0.09000000357627869 0.5099999904632568 0.0 -0.4699999988079071 0.0 0.0 0.09000000357627869 -0.27000001072883606 0.09000000357627869 0.09000000357627869 0.09000000357627869 0.5099999904632568 -0.5099999904632568 -0.4699999988079071 0.0 0.0 0.09000000357627869 0.0 0.09000000357627869 0.0 0.09000000357627869 0.0 0.0 0.0 0.0 0.0 0.0 0.0 0.0 0.0 0.0 0.0 0.0 0.0 0.0 -0.27000001072883606 0.09000000357627869 0.09000000357627869 0.5099999904632568 -0.5099999904632568 -0.4699999988079071 0.0 0.0 0.09000000357627869 0.05000000074505806 0.09000000357627869 0.09000000357627869 0.0 0.0 0.5099999904632568 -0.5099999904632568 0.0 0.0 0.0 0.09000000357627869 0.0 0.5099999904632568 -0.5099999904632568 0.0 0.0 0.0 0.09000000357627869 -0.18000000715255737 0.09000000357627869 0.0 -0.18000000715255737 0.09000000357627869 0.09000000357627869 0.550000011920929 -0.550000011920929 -0.6200000047683716 0.3199999928474426 0.30000001192092896 0.5099999904632568 -0.5099999904632568 0.0 0.0 0.0 0.0 0.0 0.09000000357627869 0.0 0.0 0.09000000357627869 0.0 0.0 0.09000000357627869 0.09000000357627869 0.0 0.09000000357627869 0.0 0.0 0.0 0.3100000023841858 -0.27000001072883606 0.09000000357627869 0.0
314 0.09000000357627869 -0.6200000047683716 0.3199999928474426 0.09000000357627869 -0.27000001072883606 0.09000000357627869 0.0 -0.5099999904632568 -0.5099999904632568 0.09000000357627869 0.0 0.0 0.0 0.0 0.0 0.0 0.0 0.09000000357627869 0.09000000357627869 -0.18000000715255737 0.09000000357627869 0.0 0.550000011920929 -0.550000011920929 0.0 0.3199999928474426 0.0 0.0 0.0 -0.4699999988079071 0.0 0.0 0.09000000357627869 -0.18000000715255737 0.09000000357627869 0.09000000357627869 -0.2800000011920929 0.09000000357627869 0.09000000357627869 0.0 -0.5099999904632568 0.0 0.0 0.0 0.09000000357627869 0.0 0.0 0.09000000357627869 0.09000000357627869 0.0 -0.5099999904632568 0.0 0.0 0.0 0.09000000357627869 0.0 0.0 0.0 0.0 0.09000000357627869 0.0 0.0 0.0 0.0 0.0 0.0 0.09000000357627869 0.0 0.0 0.0 0.0 0.0 0.0 0.0 0.0 0.09000000357627869 0.09000000357627869 0.0 0.0 -0.27000001072883606 0.09000000357627869 0.09000000357627869 0.09000000357627869 -0.27000001072883606 0.09000000357627869 0.09000000357627869 0.09000000357627869 0.5099999904632568 -0.5099999904632568 -0.28999999165534973 0.0 0.0 0.09000000357627869 0.0 0.09000000357627869 -0.18000000715255737 0.09000000357627869 0.09000000357627869 -0.18000000715255737 0.09000000357627869 0.09000000357627869 0.0 -0.5099999904632568 0.0 0.0 0.0 0.09000000357627869 -0.18000000715255737 0.09000000357627869 0.09000000357627869 0.0 -0.11999999731779099 0.11999999731779099 -0.11999999731779099 0.11999999731779099 0.10999999940395355 -0.5400000214576721 0.4300000071525574 -0.11999999731779099 0.11999999731779099 -0.11999999731779099 0.11999999731779099 0.5099999904632568 -0.5099999904632568 -0.28999999165534973 0.0 0.0 0.09000000357627869 0.0 0.09000000357627869 -0.18000000715255737 0.09000000357627869 0.09000000357627869 -0.18000000715255737 0.09000000357627869 0.09000000357627869 0.5099999904632568 -0.5099999904632568 -0.4699999988079071 0.3100000023841858 0.0 0.09000000357627869 0.05000000074505806 0.09000000357627869 0.09000000357627869 -0.6600000262260437 0.4300000071525574 0.5099999904632568 -0.5099999904632568 -0.4699999988079071 0.0 -0.019999999552965164 0.09000000357627869 0.09000000357627869 0.5099999904632568 -0.5099999904632568 -0.4699999988079071 0.3100000023841858 0.0 0.09000000357627869 0.0 0.09000000357627869 0.0 0.0 0.09000000357627869 0.09000000357627869 0.6200000047683716 -0.7599999904632568 -0.7599999904632568 0.5099999904632568 -0.5099999904632568 -0.4699999988079071 0.3100000023841858 0.0 0.09000000357627869 0.05000000074505806 0.09000000357627869 0.09000000357627869 -0.6600000262260437 0.4300000071525574 0.0 -0.5099999904632568 0.0 0.3100000023841858 0.0 0.09000000357627869 0.0 0.09000000357627869 0.09000000357627869 0.0 0.09000000357627869 0.0 0.0 0.09000000357627869 0.0 -0.27000001072883606 0.09000000357627869 0.09000000357627869 0.09000000357627869 0.5099999904632568 -0.5099999904632568 -0.28999999165534973 0.0 0.09000000357627869 0.09000000357627869 0.0 0.09000000357627869 0.0 0.0 0.0 0.09000000357627869 0.09000000357627869 0.0 -0.5099999904632568 0.0 0.3100000023841858 0.0 0.09000000357627869 -0.18000000715255737 0.09000000357627869 0.09000000357627869 0.550000011920929 -0.6200000047683716 0.3199999928474426 0.30000001192092896 0.0 0.0 0.0 0.0 0.0 0.09000000357627869 0.0 0.09000000357627869 0.09000000357627869 0.0 0.09000000357627869 0.09000000357627869 0.550000011920929 -0.550000011920929 -0.6200000047683716 0.3199999928474426 0.30000001192092896 0.5099999904632568 -0.5099999904632568 -0.4699999988079071 0.09000000357627869 0.5099999904632568 -0.4699999988079071 0.0 0.0 0.09000000357627869 0.0 0.09000000357627869 0.09000000357627869 -0.18000000715255737 0.09000000357627869 0.09000000357627869 0.550000011920929 -0.550000011920929 -0.6200000047683716 0.3199999928474426 0.30000001192092896 0.0 -0.5099999904632568 -0.4699999988079071 0.0 0.0 0.0 -0.27000001072883606 0.09000000357627869 0.0 0.09000000357627869 0.0 0.0 0.0 0.0 0.0 0.0 0.0 0.09000000357627869 0.5099999904632568 -0.5099999904632568 0.0 0.0 0.0 0.09000000357627869 0.0 0.0 0.09000000357627869 0.0 0.09000000357627869 0.09000000357627869 -0.09000000357627869 -0.2199999988079071 0.09000000357627869 0.09000000357627869 0.09000000357627869 0.0 -0.5099999904632568 0.0 0.0 0.0 0.0 0.0 -0.27000001072883606 0.09000000357627869 0.09000000357627869 0.09000000357627869 0.0 0.0 0.09000000357627869 0.0
315 -0.5099999904632568 0.0 0.09000000357627869 -0.18000000715255737 0.09000000357627869 0.09000000357627869 0.5099999904632568 -0.5099999904632568 0.0 0.0 0.0 0.09000000357627869 0.5099999904632568 -0.5099999904632568 -0.4699999988079071 0.3100000023841858 -0.019999999552965164 0.09000000357627869 0.09000000357627869 0.0 -0.5099999904632568 0.0 0.0 0.09000000357627869 0.09000000357627869 -0.18000000715255737 0.09000000357627869 0.09000000357627869 0.3100000023841858 0.0 -0.550000011920929 -0.6200000047683716 0.3199999928474426 0.30000001192092896 -0.5099999904632568 0.0 0.0 0.09000000357627869 0.0 0.0 0.0 0.0 0.09000000357627869 0.0 0.0 0.09000000357627869 0.0 0.0 0.0 0.0 0.0 0.0 0.0 0.0 0.09000000357627869 0.09000000357627869 0.0 0.0 -0.27000001072883606 0.09000000357627869 0.09000000357627869 0.09000000357627869 0.5099999904632568 -0.5099999904632568 -0.28999999165534973 0.0 0.0 0.09000000357627869 0.0 0.09000000357627869 -0.18000000715255737 0.09000000357627869 0.09000000357627869 -0.18000000715255737 0.09000000357627869 0.0 -0.5099999904632568 0.0 0.0 0.0 0.09000000357627869 -0.18000000715255737 0.09000000357627869 0.09000000357627869 0.0 -0.11999999731779099 0.11999999731779099 -0.11999999731779099 0.11999999731779099 0.10999999940395355 -0.11999999731779099 0.11999999731779099 -0.11999999731779099 0.5099999904632568 -0.5099999904632568 0.0 0.0 0.0 0.0 -0.18000000715255737 0.09000000357627869 0.09000000357627869 0.0 0.0 -0.27000001072883606 0.0 0.0 0.09000000357627869 0.0 0.09000000357627869 0.0 0.0 0.5099999904632568 -0.5099999904632568 -0.4699999988079071 0.3100000023841858 0.0 0.09000000357627869 0.05000000074505806 0.09000000357627869 0.09000000357627869 -0.6600000262260437 0.4300000071525574 0.5099999904632568 -0.5099999904632568 -0.4699999988079071 0.0 -0.019999999552965164 0.09000000357627869 0.09000000357627869 0.5099999904632568 -0.5099999904632568 -0.4699999988079071 0.3100000023841858 0.0 0.09000000357627869 0.0 0.09000000357627869 0.0 0.0 0.09000000357627869 0.09000000357627869 0.6200000047683716 -0.7599999904632568 -0.7599999904632568 0.5099999904632568 -0.5099999904632568 -0.4699999988079071 0.3100000023841858 0.0 0.09000000357627869 0.05000000074505806 0.09000000357627869 0.09000000357627869 -0.6600000262260437 0.0 -0.5099999904632568 0.0 0.3100000023841858 0.0 0.09000000357627869 0.0 0.09000000357627869 0.0 0.09000000357627869 0.0 0.0 0.09000000357627869 0.0 -0.27000001072883606 0.09000000357627869 0.09000000357627869 0.09000000357627869 0.09000000357627869 0.0 0.09000000357627869 0.30000001192092896 -0.5099999904632568 -0.4699999988079071 0.0 0.0 0.09000000357627869 0.0 0.09000000357627869 0.09000000357627869 -0.18000000715255737 0.09000000357627869 0.09000000357627869 0.550000011920929 -0.550000011920929 -0.6200000047683716 0.3199999928474426 0.30000001192092896 0.0 -0.5099999904632568 -0.4699999988079071 0.0 0.0 0.0 -0.27000001072883606 0.09000000357627869 0.09000000357627869 0.0 0.0 0.0 0.0 0.09000000357627869 0.5099999904632568 -0.5099999904632568 0.0 0.0 0.0 0.09000000357627869 0.0 0.0 0.09000000357627869 0.0 0.09000000357627869 0.09000000357627869 -0.09000000357627869 -0.2199999988079071 0.09000000357627869 0.09000000357627869 0.09000000357627869 0.0 -0.5099999904632568 0.0 0.0 -0.27000001072883606 0.09000000357627869 0.09000000357627869 0.09000000357627869
316 0.0 0.0 0.0 0.0 0.0 0.0 0.09000000357627869 0.0 -0.27000001072883606 0.09000000357627869 0.09000000357627869 0.09000000357627869 0.5099999904632568 -0.5099999904632568 -0.28999999165534973 0.0 0.09000000357627869 0.0 -0.5099999904632568 0.0 0.0 0.0 0.09000000357627869 -0.18000000715255737 0.09000000357627869 0.09000000357627869 0.5099999904632568 -0.5099999904632568 0.0 0.0 0.0 0.0 -0.18000000715255737 0.09000000357627869 0.09000000357627869 0.0 0.0 -0.27000001072883606 0.0 0.0 0.09000000357627869 0.0 0.09000000357627869 0.0 0.0 0.5099999904632568 -0.5099999904632568 -0.28999999165534973 0.0 0.0 0.09000000357627869 0.0 0.09000000357627869 -0.18000000715255737 0.09000000357627869 0.09000000357627869 -0.18000000715255737 0.09000000357627869 0.09000000357627869 0.5099999904632568 -0.5099999904632568 -0.4699999988079071 0.0 -0.019999999552965164 0.09000000357627869 0.09000000357627869 0.5099999904632568 -0.5099999904632568 -0.4699999988079071 0.3100000023841858 0.0 0.09000000357627869 0.0 0.09000000357627869 0.0 0.0 0.09000000357627869 0.09000000357627869 0.6200000047683716 -0.7599999904632568 -0.7599999904632568 0.5099999904632568 -0.5099999904632568 -0.4699999988079071 0.3100000023841858 0.0 0.09000000357627869 0.05000000074505806 0.09000000357627869 0.09000000357627869 -0.6600000262260437 0.0 0.0 0.3100000023841858 0.09000000357627869 0.09000000357627869 0.3199999928474426 0.30000001192092896 -0.09000000357627869 -0.2199999988079071 0.09000000357627869 0.09000000357627869 0.09000000357627869
317 0.0 0.0 0.0 0.09000000357627869 -0.27000001072883606 0.09000000357627869 0.09000000357627869 0.09000000357627869 0.5099999904632568 -0.5099999904632568 0.09000000357627869 0.0 -0.5099999904632568 0.0 0.0 0.0 0.09000000357627869 0.5099999904632568 -0.5099999904632568 0.0 0.0 0.0 0.0 -0.18000000715255737 0.09000000357627869 0.09000000357627869 0.0 0.0 -0.27000001072883606 0.0 0.0 0.09000000357627869 0.0 0.09000000357627869 0.0 0.0 0.5099999904632568 -0.5099999904632568 -0.28999999165534973 0.0 0.0 0.09000000357627869 0.0 0.09000000357627869 -0.18000000715255737 0.09000000357627869 0.09000000357627869 -0.18000000715255737 0.09000000357627869 0.09000000357627869 0.5099999904632568 -0.5099999904632568 -0.4699999988079071 0.3100000023841858 0.0 0.09000000357627869 0.05000000074505806 0.09000000357627869 0.09000000357627869 -0.6600000262260437 0.4300000071525574 0.5099999904632568 -0.5099999904632568 -0.4699999988079071 0.3100000023841858 0.0 0.09000000357627869 0.0 0.09000000357627869 0.0 0.0 0.09000000357627869 0.09000000357627869 0.6200000047683716 -0.7599999904632568 -0.7599999904632568 0.5099999904632568 -0.5099999904632568 -0.4699999988079071 0.3100000023841858 0.0 0.09000000357627869 0.05000000074505806 0.09000000357627869 0.09000000357627869 -0.6600000262260437 0.4300000071525574 0.0 -0.5099999904632568 0.0 0.3100000023841858 0.0 0.09000000357627869 0.0 0.09000000357627869 0.0 0.09000000357627869 0.0 0.0 0.09000000357627869 0.5099999904632568 -0.5099999904632568 0.09000000357627869 0.09000000357627869 0.0 0.09000000357627869 0.0 0.09000000357627869 0.09000000357627869 0.550000011920929 -0.550000011920929 -0.6200000047683716 0.3199999928474426 0.30000001192092896 0.09000000357627869 0.550000011920929 -0.550000011920929 -0.6200000047683716 0.3199999928474426 0.30000001192092896 -0.09000000357627869 -0.2199999988079071 0.09000000357627869 0.09000000357627869 0.09000000357627869
318 0.0 0.09000000357627869 0.09000000357627869 0.09000000357627869 0.0 0.0 0.0 0.09000000357627869 -0.18000000715255737 0.09000000357627869 0.09000000357627869 -0.18000000715255737 0.09000000357627869 0.09000000357627869 0.5099999904632568 -0.5099999904632568 0.0 0.0 0.0 0.09000000357627869 0.5099999904632568 -0.4699999988079071 0.3100000023841858 -0.019999999552965164 0.09000000357627869 0.09000000357627869 -0.550000011920929 -0.6200000047683716 0.3199999928474426 0.0 0.09000000357627869 0.09000000357627869 0.0 0.0 0.09000000357627869 0.0 0.0 0.0 0.0 0.09000000357627869 0.0 0.0 0.09000000357627869 0.0 0.0 0.0 0.0 0.0 0.0 0.0 0.0 0.09000000357627869 0.09000000357627869 0.0 0.0 -0.27000001072883606 0.09000000357627869 0.09000000357627869 0.09000000357627869 -0.27000001072883606 0.09000000357627869 0.09000000357627869 0.09000000357627869 0.5099999904632568 -0.5099999904632568 -0.28999999165534973 0.0 0.09000000357627869 0.0 0.0 0.0 0.0 0.09000000357627869 -0.18000000715255737 0.09000000357627869 0.09000000357627869 0.5099999904632568 -0.5099999904632568 0.0 0.0 0.0 0.0 -0.18000000715255737 0.09000000357627869 0.09000000357627869 0.0 0.0 -0.27000001072883606 0.0 0.0 0.09000000357627869 0.0 0.09000000357627869 0.0 0.0 0.5099999904632568 -0.5099999904632568 -0.28999999165534973 0.0 0.0 0.09000000357627869 0.0 0.09000000357627869 -0.18000000715255737 0.09000000357627869 0.09000000357627869 -0.18000000715255737 0.09000000357627869 0.09000000357627869 0.5099999904632568 -0.5099999904632568 -0.4699999988079071 0.3100000023841858 0.0 0.09000000357627869 0.05000000074505806 0.09000000357627869 0.09000000357627869 -0.6600000262260437 0.4300000071525574 0.5099999904632568 -0.5099999904632568 -0.4699999988079071 0.0 -0.019999999552965164 0.09000000357627869 0.09000000357627869 0.5099999904632568 -0.5099999904632568 -0.4699999988079071 0.3100000023841858 0.0 0.09000000357627869 0.05000000074505806 0.09000000357627869 0.09000000357627869 -0.6600000262260437 0.4300000071525574 0.0 -0.5099999904632568 0.0 0.3100000023841858 0.0 0.09000000357627869 0.0 0.09000000357627869 0.09000000357627869 0.0 0.09000000357627869 0.0 0.0 0.09000000357627869 0.0 -0.27000001072883606 0.09000000357627869 0.09000000357627869 0.09000000357627869 0.5099999904632568 -0.5099999904632568 -0.28999999165534973 0.0 0.09000000357627869 0.09000000357627869 0.0 0.09000000357627869 0.0 0.09000000357627869 0.0 0.0 0.09000000357627869 0.09000000357627869 0.0 -0.5099999904632568 0.0 -0.18000000715255737 0.09000000357627869 0.09000000357627869 0.550000011920929 -0.6200000047683716 0.3199999928474426 0.30000001192092896 0.09000000357627869 0.0 0.07000000029802322 0.05000000074505806 0.0 -0.6600000262260437 0.4300000071525574 0.5099999904632568 -0.5099999904632568 -0.28999999165534973 0.0 0.09000000357627869 0.09000000357627869 0.0 0.0 -0.18000000715255737 0.09000000357627869 0.09000000357627869 -0.18000000715255737 0.09000000357627869 0.09000000357627869 0.0 0.0 0.0 0.0 0.0 0.09000000357627869 0.0 0.09000000357627869 0.09000000357627869 0.0 0.09000000357627869 0.09000000357627869 0.550000011920929 -0.550000011920929 -0.6200000047683716 0.3199999928474426 0.30000001192092896 0.5099999904632568 -0.5099999904632568 -0.4699999988079071 0.0 0.0 0.09000000357627869 0.0 0.09000000357627869 0.09000000357627869 0.0 0.0 0.0 0.0 0.0 0.0 -0.18000000715255737 0.09000000357627869 0.09000000357627869 0.0 0.09000000357627869 0.5099999904632568 -0.5099999904632568 -0.4699999988079071 0.0 0.0 0.09000000357627869 0.0 0.09000000357627869 0.09000000357627869 -0.18000000715255737 0.09000000357627869 0.09000000357627869 0.550000011920929 -0.550000011920929 -0.6200000047683716 0.3199999928474426 0.30000001192092896 0.0 -0.5099999904632568 -0.4699999988079071 0.0 0.0 0.0 -0.27000001072883606 0.09000000357627869 0.0 0.09000000357627869 0.0 0.0 0.0 0.0 0.0 0.5099999904632568 0.0 0.0 0.0 0.09000000357627869 0.5099999904632568 0.0 0.0 0.0 0.09000000357627869 0.0 0.0 0.09000000357627869 0.0 0.09000000357627869 0.09000000357627869 -0.09000000357627869 -0.2199999988079071 0.09000000357627869 0.09000000357627869 0.09000000357627869 0.0
319 0.09000000357627869 0.09000000357627869 0.09000000357627869 0.0 0.0 0.0 0.09000000357627869 0.09000000357627869 -0.18000000715255737 0.09000000357627869 0.0 0.550000011920929 -0.550000011920929 0.0 0.3199999928474426 0.0 0.0 0.0 0.0 0.0 0.0 0.0 0.0 0.09000000357627869 0.0 0.0 0.0 0.0 0.0 0.0 0.0 0.0 0.09000000357627869 0.09000000357627869 0.0 0.0 -0.27000001072883606 0.09000000357627869 0.09000000357627869 0.09000000357627869 -0.27000001072883606 0.09000000357627869 0.09000000357627869 0.09000000357627869 0.5099999904632568 -0.5099999904632568 0.0 0.0 0.0 0.0 -0.18000000715255737 0.09000000357627869 0.09000000357627869 0.0 0.0 -0.27000001072883606 0.0 0.0 0.09000000357627869 0.0 0.09000000357627869 0.0 0.0 0.5099999904632568 -0.5099999904632568 -0.28999999165534973 0.0 0.0 0.09000000357627869 0.0 0.09000000357627869 -0.18000000715255737 0.09000000357627869 -0.18000000715255737 0.09000000357627869 0.09000000357627869 0.5099999904632568 -0.5099999904632568 -0.4699999988079071 0.3100000023841858 0.0 0.09000000357627869 0.05000000074505806 0.09000000357627869 0.5099999904632568 -0.5099999904632568 -0.4699999988079071 0.0 -0.019999999552965164 0.09000000357627869 0.09000000357627869 0.5099999904632568 -0.5099999904632568 -0.4699999988079071 0.3100000023841858 0.0 0.09000000357627869 0.0 0.09000000357627869 0.0 0.0 0.09000000357627869 0.09000000357627869 0.6200000047683716 -0.7599999904632568 -0.7599999904632568 0.5099999904632568 -0.5099999904632568 0.0 0.3100000023841858 0.0 0.09000000357627869 0.0 0.09000000357627869 0.09000000357627869 0.0 0.09000000357627869 0.0 0.0 0.09000000357627869 0.0 -0.27000001072883606 0.09000000357627869 0.09000000357627869 0.09000000357627869 0.5099999904632568 -0.5099999904632568 -0.28999999165534973 0.0 0.09000000357627869 0.09000000357627869 0.0 0.09000000357627869 0.0 0.09000000357627869 0.0 0.0 0.09000000357627869 0.09000000357627869 0.0 -0.5099999904632568 0.0 0.3100000023841858 0.0 0.09000000357627869 0.0 0.09000000357627869 0.09000000357627869 -0.18000000715255737 0.09000000357627869 0.09000000357627869 0.550000011920929 -0.550000011920929 -0.6200000047683716 0.3199999928474426 0.30000001192092896 0.0 -0.5099999904632568 0.0 0.0 0.09000000357627869 0.0 0.0 0.09000000357627869 -0.2800000011920929 0.09000000357627869 0.6200000047683716 -0.7599999904632568 -0.7599999904632568 0.0 0.0 0.09000000357627869 0.0 0.09000000357627869 0.0 -0.27000001072883606 0.09000000357627869 0.0 0.0 0.09000000357627869 -0.6600000262260437 0.4300000071525574 -0.27000001072883606 0.09000000357627869 0.0 0.09000000357627869 0.05000000074505806 0.09000000357627869 0.0 -0.6600000262260437 0.4300000071525574 0.09000000357627869 0.0 0.0 0.0 0.0 0.0 0.09000000357627869 0.0 0.09000000357627869 0.09000000357627869 0.0 0.09000000357627869 0.09000000357627869 0.550000011920929 -0.550000011920929 -0.6200000047683716 0.3199999928474426 0.30000001192092896 0.5099999904632568 -0.5099999904632568 -0.4699999988079071 0.0 0.0 0.09000000357627869 0.09000000357627869 0.0 0.0 0.0 0.09000000357627869 0.09000000357627869 -0.18000000715255737 0.09000000357627869 0.550000011920929 -0.550000011920929 -0.6200000047683716 0.3199999928474426 0.30000001192092896 0.0 -0.4699999988079071 0.0 0.0 0.0 -0.27000001072883606 0.09000000357627869 0.0 0.09000000357627869 -0.09000000357627869 -0.2199999988079071 0.09000000357627869 0.09000000357627869 0.09000000357627869
32 0.0 0.0 0.0 0.0 0.0 0.0 0.0 0.0 0.0 0.0 0.09000000357627869 0.0 0.0 0.0 0.09000000357627869 0.0 0.09000000357627869 0.09000000357627869 0.20999999344348907 0.05000000074505806 0.05000000074505806 -0.30000001192092896 0.33000001311302185 0.0 0.33000001311302185 0.0 0.0 0.0 0.0 0.0 0.0 0.0 0.0 0.0 0.0 0.0 0.0 -0.09000000357627869 -0.2199999988079071 0.09000000357627869 0.09000000357627869 0.0 0.0 -0.5099999904632568 -0.4699999988079071 0.3100000023841858 0.0 0.0 -0.18000000715255737 0.09000000357627869 0.09000000357627869 0.0 0.0 -0.27000001072883606 0.09000000357627869 0.0 0.09000000357627869 0.0 0.09000000357627869 0.09000000357627869 0.09000000357627869 0.0 -0.5099999904632568 0.0 0.0 0.0 0.09000000357627869 0.0 0.09000000357627869 0.09000000357627869 0.0 0.09000000357627869 0.0 -0.18000000715255737 0.09000000357627869 0.09000000357627869 0.20999999344348907 0.05000000074505806 0.05000000074505806 -0.30000001192092896 0.33000001311302185 0.33000001311302185 0.33000001311302185 0.0 -0.5099999904632568 -0.4699999988079071 0.3100000023841858 -0.019999999552965164 0.0 0.09000000357627869 0.5099999904632568 -0.5099999904632568 -0.4699999988079071 0.3100000023841858 0.0 0.09000000357627869 0.0 0.0 -0.5099999904632568 0.0 0.0 0.0 0.09000000357627869 0.0 0.09000000357627869 -0.6600000262260437 0.4300000071525574 -0.27000001072883606 0.09000000357627869 0.09000000357627869 0.09000000357627869 0.0 0.0 0.0 0.3100000023841858 0.0 0.0 0.0 0.09000000357627869 0.0 0.09000000357627869 0.0 0.09000000357627869 -0.27000001072883606 0.09000000357627869 0.0 0.09000000357627869 0.0 -0.5099999904632568 0.0 0.0 0.0 0.09000000357627869 0.0 0.09000000357627869 -0.6600000262260437 0.4300000071525574 -0.27000001072883606 0.09000000357627869 0.09000000357627869 0.09000000357627869 0.0 -0.5099999904632568 0.0 0.0 0.09000000357627869 0.09000000357627869 0.0 0.0 -0.18000000715255737 0.09000000357627869 0.09000000357627869 -0.18000000715255737 0.09000000357627869 0.09000000357627869 0.5099999904632568 -0.5099999904632568 -0.4699999988079071 0.0 0.0 0.09000000357627869 0.0 0.09000000357627869 0.09000000357627869 0.6200000047683716 -0.7599999904632568 -0.7599999904632568 0.0 0.0 0.0 0.3100000023841858 0.0 0.09000000357627869 -0.18000000715255737 0.09000000357627869 0.0 0.09000000357627869 0.09000000357627869 0.05000000074505806 0.5099999904632568 0.0 0.0 0.0 0.0 -0.18000000715255737 0.09000000357627869 0.20000000298023224 0.09000000357627869 -0.699999988079071 0.4399999976158142 0.6399999856948853 -0.800000011920929 0.46000000834465027 -0.800000011920929 0.46000000834465027 0.46000000834465027 -0.18000000715255737 0.0 0.0 0.0 0.0 0.0 0.0 0.0 0.0 0.0 0.0 0.0 0.0 0.0 0.0 0.0 0.0 0.0 0.09000000357627869 0.0 0.6200000047683716 -0.7599999904632568 -0.7599999904632568 -0.5099999904632568 -0.2800000011920929 0.09000000357627869 0.09000000357627869 0.6200000047683716 -0.7599999904632568 -0.7599999904632568 0.09000000357627869 0.0 0.09000000357627869 0.0 0.0 0.0 0.0 0.0 0.09000000357627869 -0.18000000715255737 0.0 0.05000000074505806 0.0 -0.30000001192092896 0.33000001311302185 0.33000001311302185 0.33000001311302185 0.0 0.3100000023841858 0.0 0.0 0.0 0.09000000357627869 0.0 0.0 -0.5099999904632568 0.0 0.0 0.0 0.09000000357627869 0.0 0.0 0.09000000357627869 0.0 0.0 -0.27000001072883606 0.09000000357627869 0.0 0.09000000357627869 -0.27000001072883606 0.09000000357627869 0.09000000357627869 0.09000000357627869 0.0 0.0 0.0 0.3100000023841858 0.0 0.0 0.0 0.0 0.0 0.0 -0.11999999731779099 0.0 -0.11999999731779099 -0.11999999731779099 0.11999999731779099 0.0 0.11999999731779099 0.0 0.11999999731779099 0.0 -0.5099999904632568 0.0 0.0 0.0 0.0 -0.18000000715255737 0.0 0.09000000357627869 0.0 0.0 0.0 -0.11999999731779099 0.11999999731779099 -0.11999999731779099 0.11999999731779099 0.0 0.0 0.0 0.0 0.5099999904632568 0.0 0.0 0.0 -0.18000000715255737 0.0 -0.029999999329447746 0.0 0.0 0.0 0.0 0.23999999463558197 0.10999999940395355 -0.27000001072883606 0.0 0.3199999928474426 0.0 0.09000000357627869 0.09000000357627869 0.09000000357627869 0.09000000357627869 0.09000000357627869 0.09000000357627869 0.3199999928474426
320 0.0 0.0 0.0 0.0 0.0 0.0 0.0 0.0 0.0 0.0 0.0 0.0 0.0 0.09000000357627869 0.0 0.0 0.09000000357627869 0.0 0.0 0.0 0.0 0.0 0.09000000357627869 -0.27000001072883606 0.0 0.09000000357627869 0.0 0.0 -0.5099999904632568 0.0 0.0 0.0 0.0 -0.27000001072883606 0.0 0.09000000357627869 0.09000000357627869 0.5099999904632568 -0.5099999904632568 0.0 0.0 0.0 0.09000000357627869 0.0 0.0 0.0 0.0 -0.4699999988079071 0.3100000023841858 0.0 0.09000000357627869 -0.27000001072883606 0.09000000357627869 0.09000000357627869 0.5099999904632568 -0.5099999904632568 -0.4699999988079071 0.0 0.0 0.09000000357627869 0.0 -0.5099999904632568 0.0 0.0 0.0 0.0 0.0 0.0 0.0 0.0 0.09000000357627869 0.0 0.0 0.0 0.09000000357627869 0.0 0.0 0.0 0.0 0.0 0.0 0.0 0.0 0.09000000357627869 0.09000000357627869 -0.18000000715255737 0.09000000357627869 0.0 0.550000011920929 -0.550000011920929 0.0 0.3199999928474426 0.0 0.0 0.0 -0.4699999988079071 0.0 0.0 0.09000000357627869 -0.18000000715255737 0.09000000357627869 0.09000000357627869 -0.2800000011920929 0.09000000357627869 0.09000000357627869 0.0 -0.5099999904632568 0.0 0.0 0.0 0.09000000357627869 0.0 0.0 0.09000000357627869 0.0 0.09000000357627869 0.0 -0.5099999904632568 0.0 0.0 0.0 0.09000000357627869 0.0 0.0 0.0 0.0 0.09000000357627869 0.0 0.0 0.0 0.0 0.0 0.0 0.09000000357627869 0.0 0.0 0.0 0.0 0.0 0.0 0.0 0.0 0.09000000357627869 0.09000000357627869 0.0 0.0 -0.27000001072883606 0.09000000357627869 0.09000000357627869 0.09000000357627869 -0.27000001072883606 0.09000000357627869 0.09000000357627869 0.09000000357627869 0.5099999904632568 -0.5099999904632568 -0.28999999165534973 0.0 0.0 0.09000000357627869 0.0 0.09000000357627869 -0.18000000715255737 0.09000000357627869 0.09000000357627869 -0.18000000715255737 0.09000000357627869 0.09000000357627869 0.0 -0.5099999904632568 0.0 0.0 0.0 0.09000000357627869 -0.18000000715255737 0.09000000357627869 0.09000000357627869 0.0 -0.11999999731779099 -0.11999999731779099 0.11999999731779099 -0.11999999731779099 0.11999999731779099 0.5099999904632568 -0.5099999904632568 0.0 0.0 0.0 0.0 -0.18000000715255737 0.09000000357627869 0.09000000357627869 0.0 0.0 -0.27000001072883606 0.0 0.0 0.09000000357627869 0.0 0.09000000357627869 0.0 0.0 0.5099999904632568 -0.5099999904632568 -0.28999999165534973 0.0 0.0 0.09000000357627869 0.0 -0.18000000715255737 0.09000000357627869 0.09000000357627869 0.5099999904632568 -0.5099999904632568 0.09000000357627869 0.5099999904632568 -0.4699999988079071 0.0 -0.019999999552965164 0.09000000357627869 0.09000000357627869 0.5099999904632568 -0.5099999904632568 -0.4699999988079071 0.3100000023841858 0.0 0.09000000357627869 0.0 0.09000000357627869 0.0 0.0 0.09000000357627869 0.09000000357627869 0.6200000047683716 -0.7599999904632568 -0.7599999904632568 0.5099999904632568 -0.5099999904632568 -0.4699999988079071 0.3100000023841858 0.0 0.09000000357627869 0.05000000074505806 0.09000000357627869 0.09000000357627869 -0.6600000262260437 0.4300000071525574 0.0 -0.5099999904632568 -0.28999999165534973 0.0 0.09000000357627869 0.09000000357627869 0.0 0.09000000357627869 0.0 0.09000000357627869 0.0 0.0 0.09000000357627869 0.09000000357627869 0.0 -0.5099999904632568 0.0 0.3100000023841858 0.0 0.09000000357627869 0.0 0.09000000357627869 0.09000000357627869 -0.18000000715255737 0.09000000357627869 0.09000000357627869 0.550000011920929 -0.550000011920929 -0.6200000047683716 0.3199999928474426 0.30000001192092896 0.0 -0.5099999904632568 0.0 0.0 0.0 0.09000000357627869 0.0 0.09000000357627869 0.0 0.4300000071525574 -0.27000001072883606 0.09000000357627869 0.09000000357627869 0.09000000357627869 0.0 0.0 0.0 0.3100000023841858 0.0 0.0 0.0 0.0 0.0 0.09000000357627869 0.0 0.0 0.09000000357627869 -0.2800000011920929 0.09000000357627869 0.09000000357627869 0.6200000047683716 -0.7599999904632568 -0.7599999904632568 0.0 0.0 0.0 0.0 0.0 0.09000000357627869 0.0 0.0 0.0 0.0 0.09000000357627869 0.09000000357627869 0.0 0.09000000357627869 0.0 -0.27000001072883606 0.09000000357627869 0.0 0.0 0.0 0.0 0.09000000357627869 -0.6600000262260437 0.4300000071525574 -0.27000001072883606 0.09000000357627869 0.0 0.09000000357627869 0.05000000074505806 0.09000000357627869 0.0 -0.6600000262260437 0.4300000071525574 0.5099999904632568 -0.5099999904632568 0.0 0.09000000357627869 0.0 0.0 0.0 0.0 0.0 0.09000000357627869 0.0 0.09000000357627869 0.09000000357627869 0.0 0.09000000357627869 0.09000000357627869 0.550000011920929 -0.550000011920929 -0.6200000047683716 0.3199999928474426 0.30000001192092896 0.5099999904632568 -0.5099999904632568 -0.4699999988079071 0.0 0.0 0.09000000357627869 0.0 0.09000000357627869 0.09000000357627869 0.0 -0.11999999731779099 0.11999999731779099 0.0 -0.11999999731779099 0.11999999731779099 0.0 0.0 0.0 0.0 0.0 0.0 0.0 0.0 -0.18000000715255737 0.09000000357627869 0.5099999904632568 -0.5099999904632568 -0.4699999988079071 0.0 0.0 0.09000000357627869 0.0 0.09000000357627869 0.09000000357627869 -0.18000000715255737 0.09000000357627869 0.09000000357627869 0.550000011920929 -0.550000011920929 -0.6200000047683716 0.3199999928474426 0.30000001192092896 0.0 -0.5099999904632568 -0.4699999988079071 0.0 0.0 0.0 -0.27000001072883606 0.09000000357627869 0.0 0.09000000357627869 0.0 0.0 0.0 0.0 0.0 0.0 0.0 0.0 0.0 0.0 0.0 0.0 0.0 0.5099999904632568 -0.5099999904632568 0.0 0.0 0.0 0.09000000357627869 0.0 0.5099999904632568 -0.5099999904632568 0.0 0.0 0.0 0.09000000357627869 0.0 0.0 0.09000000357627869 0.0 0.09000000357627869 0.09000000357627869 -0.09000000357627869 -0.2199999988079071 0.09000000357627869 0.09000000357627869 0.09000000357627869 0.0 -0.5099999904632568 0.0 0.0 0.0 0.0 0.0 0.0 0.0 0.0 0.0 0.0 0.0 0.0 0.0 0.0 0.0 0.0 0.0 0.09000000357627869 0.0 0.0 0.09000000357627869 0.0 0.09000000357627869 0.0 0.09000000357627869 0.09000000357627869
321 0.0 -0.18000000715255737 0.09000000357627869 0.09000000357627869 0.0 0.0 0.0 0.0 0.0 0.0 0.0 0.0 0.0 0.0 -0.27000001072883606 0.0 0.09000000357627869 0.09000000357627869 0.0 0.0 -0.28999999165534973 0.09000000357627869 0.0 -0.5099999904632568 0.0 0.0 0.0 0.0 0.0 0.09000000357627869 0.0 0.0 0.09000000357627869 0.0 0.0 0.0 0.0 0.0 0.09000000357627869 -0.27000001072883606 0.0 0.09000000357627869 0.0 0.0 -0.5099999904632568 0.0 0.0 0.0 0.0 -0.27000001072883606 0.0 0.09000000357627869 0.09000000357627869 0.5099999904632568 -0.5099999904632568 0.0 0.0 0.0 0.09000000357627869 0.0 0.0 0.0 -0.4699999988079071 0.3100000023841858 0.0 0.09000000357627869 0.09000000357627869 -0.5099999904632568 0.0 0.0 0.0 0.0 0.09000000357627869 0.0 0.0 0.0 0.0 0.0 0.0 0.0 0.09000000357627869 0.09000000357627869 -0.18000000715255737 0.09000000357627869 0.0 0.550000011920929 -0.550000011920929 0.0 0.3199999928474426 0.0 0.0 0.0 -0.4699999988079071 0.0 0.0 0.0 0.0 0.0 0.09000000357627869 0.0 0.0 0.0 0.0 0.0 0.09000000357627869 0.0 0.0 0.0 0.09000000357627869 -0.27000001072883606 0.09000000357627869 0.09000000357627869 0.09000000357627869 0.0 0.0 -0.27000001072883606 0.0 0.0 0.09000000357627869 0.0 0.09000000357627869 0.0 0.0 -0.5099999904632568 -0.4699999988079071 0.3100000023841858 0.0 0.09000000357627869 0.0 0.09000000357627869 0.0 0.0 0.09000000357627869 0.09000000357627869 0.6200000047683716 -0.7599999904632568 -0.7599999904632568 0.5099999904632568 -0.5099999904632568 -0.4699999988079071 0.3100000023841858 0.0 0.09000000357627869 0.05000000074505806 0.09000000357627869 0.09000000357627869 -0.6600000262260437 0.4300000071525574 0.0 -0.5099999904632568 0.0 0.3100000023841858 0.0 0.09000000357627869 0.0 0.09000000357627869 0.09000000357627869 0.0 0.09000000357627869 0.0 0.0 0.09000000357627869 0.0 -0.27000001072883606 0.09000000357627869 0.09000000357627869 0.09000000357627869 0.5099999904632568 -0.5099999904632568 0.0 0.3100000023841858 0.0 0.09000000357627869 0.0 0.09000000357627869 0.09000000357627869 -0.18000000715255737 0.09000000357627869 0.09000000357627869 0.550000011920929 -0.550000011920929 -0.6200000047683716 0.3199999928474426 0.30000001192092896 0.0 -0.5099999904632568 0.0 0.0 0.0 0.09000000357627869 0.0 0.09000000357627869 0.0 0.4300000071525574 -0.27000001072883606 0.09000000357627869 0.09000000357627869 0.09000000357627869 0.0 0.0 0.0 0.3100000023841858 0.0 0.0 -0.27000001072883606 0.09000000357627869 0.09000000357627869 0.09000000357627869 0.5099999904632568 0.0 -0.4699999988079071 0.0 0.0 0.09000000357627869 -0.2800000011920929 0.09000000357627869 0.09000000357627869 0.6200000047683716 -0.7599999904632568 0.5099999904632568 0.0 0.0 0.0 0.0 0.09000000357627869 0.0 0.0 0.09000000357627869 -0.2800000011920929 0.09000000357627869 0.09000000357627869 0.6200000047683716 -0.7599999904632568 -0.7599999904632568 0.0 0.0 0.0 0.0 0.0 0.09000000357627869 0.0 0.0 0.0 0.0 0.09000000357627869 0.09000000357627869 0.0 0.09000000357627869 0.0 -0.27000001072883606 0.09000000357627869 0.0 0.0 0.0 -0.5099999904632568 0.0 0.0 0.0 0.09000000357627869 0.0 0.09000000357627869 0.09000000357627869 0.0 0.09000000357627869 0.0 0.0 -0.5099999904632568 0.0 0.0 0.0 0.09000000357627869 -0.18000000715255737 0.09000000357627869 0.09000000357627869 0.550000011920929 -0.6200000047683716 0.3199999928474426 0.30000001192092896 0.5099999904632568 -0.5099999904632568 0.0 0.0 0.0 0.09000000357627869 0.0 0.09000000357627869 -0.6600000262260437 0.4300000071525574 -0.27000001072883606 0.09000000357627869 0.0 0.09000000357627869 0.0 -0.5099999904632568 -0.4699999988079071 0.0 0.0 0.09000000357627869 -0.18000000715255737 0.0 0.0 0.0 0.0 0.09000000357627869 0.5099999904632568 -0.5099999904632568 0.0 0.3100000023841858 0.5099999904632568 -0.4699999988079071 0.0 0.07000000029802322 0.09000000357627869 0.05000000074505806 0.09000000357627869 0.0 -0.6600000262260437 0.4300000071525574 0.5099999904632568 -0.5099999904632568 -0.28999999165534973 0.0 0.09000000357627869 0.09000000357627869 0.0 0.0 -0.18000000715255737 0.09000000357627869 0.0 0.0 0.0 0.0 0.0 0.09000000357627869 0.0 0.09000000357627869 0.09000000357627869 0.0 0.09000000357627869 0.09000000357627869 0.550000011920929 -0.550000011920929 -0.6200000047683716 0.3199999928474426 0.30000001192092896 0.5099999904632568 -0.5099999904632568 -0.4699999988079071 0.0 0.0 0.09000000357627869 0.0 0.09000000357627869 0.09000000357627869 0.0 -0.11999999731779099 0.11999999731779099 -0.11999999731779099 0.11999999731779099 0.0 0.0 -0.11999999731779099 0.11999999731779099 0.0 0.0 0.0 0.0 0.0 0.0 0.0 0.0 0.09000000357627869 0.09000000357627869 0.5099999904632568 -0.4699999988079071 0.0 0.0 0.09000000357627869 0.0 0.09000000357627869 0.09000000357627869 -0.18000000715255737 0.09000000357627869 0.09000000357627869 0.550000011920929 -0.550000011920929 -0.6200000047683716 0.3199999928474426 0.30000001192092896 0.0 -0.5099999904632568 -0.4699999988079071 0.0 0.0 0.0 -0.27000001072883606 0.09000000357627869 0.0 0.09000000357627869 0.0 0.0 0.0 0.0 0.0 0.0 0.0 0.0 0.0 0.0 0.0 0.09000000357627869 0.0 0.09000000357627869 -0.09000000357627869 -0.2199999988079071 0.09000000357627869 0.09000000357627869 0.09000000357627869 0.0 0.0
322 0.0 0.0 0.0 -0.27000001072883606 0.09000000357627869 0.0 0.0 -0.28999999165534973 0.0 0.09000000357627869 0.0 -0.5099999904632568 0.0 0.0 0.0 0.0 0.0 0.0 0.09000000357627869 0.0 0.0 0.09000000357627869 0.0 0.0 0.0 0.0 0.09000000357627869 -0.27000001072883606 0.09000000357627869 0.0 0.0 -0.5099999904632568 0.0 0.0 0.0 0.0 -0.27000001072883606 0.0 0.09000000357627869 0.09000000357627869 0.5099999904632568 -0.5099999904632568 0.0 0.0 0.0 0.09000000357627869 0.0 0.09000000357627869 0.0 0.550000011920929 -0.550000011920929 0.0 0.0 -0.4699999988079071 0.3100000023841858 0.0 0.09000000357627869 -0.27000001072883606 0.09000000357627869 0.09000000357627869 0.09000000357627869 0.5099999904632568 -0.5099999904632568 -0.4699999988079071 0.0 0.0 0.0 0.0 0.0 0.0 0.09000000357627869 0.0 0.0 0.0 0.0 0.0 0.0 0.0 0.09000000357627869 0.09000000357627869 -0.18000000715255737 0.09000000357627869 0.0 0.550000011920929 -0.550000011920929 0.0 0.3199999928474426 0.0 0.0 0.0 -0.4699999988079071 0.0 0.0 0.09000000357627869 -0.18000000715255737 -0.2800000011920929 0.09000000357627869 0.09000000357627869 -0.7599999904632568 0.0 0.0 0.0 0.0 0.09000000357627869 0.0 0.0 0.0 0.0 0.0 0.0 0.09000000357627869 0.09000000357627869 0.0 0.0 -0.27000001072883606 0.09000000357627869 0.09000000357627869 0.09000000357627869 -0.27000001072883606 0.09000000357627869 0.09000000357627869 0.09000000357627869 -0.27000001072883606 0.0 0.0 0.09000000357627869 0.09000000357627869 0.5099999904632568 -0.5099999904632568 -0.4699999988079071 0.3100000023841858 0.0 0.09000000357627869 0.05000000074505806 0.09000000357627869 0.09000000357627869 -0.6600000262260437 0.4300000071525574 0.0 -0.5099999904632568 0.0 0.3100000023841858 0.0 0.09000000357627869 0.0 0.09000000357627869 0.09000000357627869 0.0 0.09000000357627869 0.0 0.0 0.09000000357627869 0.0 -0.27000001072883606 0.09000000357627869 0.09000000357627869 0.09000000357627869 0.5099999904632568 -0.5099999904632568 -0.28999999165534973 0.0 0.09000000357627869 0.09000000357627869 0.0 0.09000000357627869 0.0 0.09000000357627869 0.0 0.0 0.09000000357627869 0.09000000357627869 0.0 -0.5099999904632568 0.0 0.0 0.0 0.09000000357627869 0.0 0.09000000357627869 0.0 0.4300000071525574 -0.27000001072883606 0.09000000357627869 0.09000000357627869 0.09000000357627869 0.0 0.0 0.0 0.3100000023841858 0.0 0.0 -0.27000001072883606 0.09000000357627869 0.09000000357627869 0.09000000357627869 0.5099999904632568 0.0 -0.4699999988079071 0.0 0.0 0.09000000357627869 -0.2800000011920929 0.09000000357627869 0.09000000357627869 0.6200000047683716 -0.7599999904632568 -0.7599999904632568 0.5099999904632568 0.0 0.0 0.0 0.0 0.09000000357627869 0.0 0.0 0.09000000357627869 -0.2800000011920929 0.09000000357627869 0.09000000357627869 0.6200000047683716 -0.7599999904632568 -0.7599999904632568 0.0 0.0 0.0 0.0 0.0 0.09000000357627869 0.0 0.0 0.0 0.0 0.09000000357627869 0.09000000357627869 0.0 0.09000000357627869 0.0 -0.27000001072883606 0.09000000357627869 0.0 0.0 0.0 -0.5099999904632568 0.0 0.0 0.09000000357627869 0.0 0.09000000357627869 0.30000001192092896 0.0 0.0 0.09000000357627869 -0.6600000262260437 0.4300000071525574 -0.27000001072883606 0.09000000357627869 0.0 0.09000000357627869 0.0 0.09000000357627869 0.09000000357627869 0.0 0.550000011920929 -0.550000011920929 -0.6200000047683716 0.3199999928474426 0.09000000357627869 0.11999999731779099 -0.27000001072883606 0.09000000357627869 0.0 0.09000000357627869
323 0.09000000357627869 0.0 0.0 0.0 0.0 0.0 0.0 0.0 -0.27000001072883606 0.0 0.09000000357627869 0.09000000357627869 0.0 0.0 -0.28999999165534973 0.0 0.0 0.09000000357627869 0.0 0.09000000357627869 -0.18000000715255737 0.09000000357627869 0.0 -0.5099999904632568 0.0 0.0 0.0 0.0 0.0 0.0 0.0 0.0 0.09000000357627869 0.0 0.0 0.09000000357627869 0.0 0.0 0.0 0.0 0.0 0.09000000357627869 -0.27000001072883606 0.09000000357627869 0.0 -0.5099999904632568 0.0 0.0 0.0 0.0 -0.27000001072883606 0.0 0.09000000357627869 0.09000000357627869 0.5099999904632568 -0.5099999904632568 0.0 0.0 0.0 0.09000000357627869 0.0 0.09000000357627869 0.0 0.0 0.0 -0.4699999988079071 0.3100000023841858 0.0 0.09000000357627869 -0.27000001072883606 0.09000000357627869 0.0 0.0 0.09000000357627869 0.09000000357627869 -0.18000000715255737 0.09000000357627869 0.0 0.550000011920929 -0.550000011920929 0.0 0.3199999928474426 0.0 0.0 0.05000000074505806 0.09000000357627869 -0.6600000262260437 0.4300000071525574 0.0 -0.5099999904632568 0.0 0.3100000023841858 0.0 0.09000000357627869 0.0 0.09000000357627869 0.09000000357627869 0.0 0.09000000357627869 0.0 0.09000000357627869 0.0 -0.27000001072883606 0.09000000357627869 0.09000000357627869 0.5099999904632568 -0.5099999904632568 -0.28999999165534973 0.0 0.09000000357627869 0.09000000357627869 0.0 0.09000000357627869 0.0 0.09000000357627869 0.0 0.0 0.09000000357627869 0.09000000357627869 0.0 -0.5099999904632568 0.0 0.3100000023841858 0.0 0.09000000357627869 0.0 0.09000000357627869 0.09000000357627869 -0.18000000715255737 0.09000000357627869 0.09000000357627869 0.550000011920929 -0.550000011920929 -0.6200000047683716 0.3199999928474426 0.30000001192092896 0.0 -0.5099999904632568 0.0 0.3100000023841858 0.0 0.0 -0.27000001072883606 0.09000000357627869 0.09000000357627869 0.09000000357627869 0.5099999904632568 0.0 -0.4699999988079071 0.0 0.0 0.09000000357627869 -0.2800000011920929 0.09000000357627869 0.09000000357627869 0.6200000047683716 -0.7599999904632568 -0.7599999904632568 0.5099999904632568 0.0 0.0 0.0 0.0 0.09000000357627869 0.0 0.0 0.09000000357627869 -0.2800000011920929 0.09000000357627869 0.09000000357627869 0.6200000047683716 -0.7599999904632568 -0.7599999904632568 0.0 0.0 0.0 0.0 0.0 0.09000000357627869 0.0 0.0 0.0 0.0 0.09000000357627869 0.09000000357627869 0.0 0.09000000357627869 0.0 -0.27000001072883606 0.09000000357627869 0.0 0.0 0.0 -0.5099999904632568 0.0 0.0 0.0 0.09000000357627869 0.0 0.09000000357627869 0.09000000357627869 0.0 0.09000000357627869 0.0 0.550000011920929 -0.550000011920929 -0.6200000047683716 0.3199999928474426 0.30000001192092896 0.0 -0.5099999904632568 0.0 0.0 0.0 0.09000000357627869 -0.18000000715255737 0.09000000357627869 0.09000000357627869 0.550000011920929 -0.550000011920929 -0.6200000047683716 0.3199999928474426 0.30000001192092896 0.5099999904632568 -0.5099999904632568 0.0 0.0 0.0 0.09000000357627869 0.0 0.09000000357627869 -0.6600000262260437 0.4300000071525574 -0.27000001072883606 0.09000000357627869 0.0 0.09000000357627869 0.0 -0.5099999904632568 -0.4699999988079071 0.0 0.0 0.0 0.09000000357627869 0.09000000357627869 -0.550000011920929 0.09000000357627869 0.09000000357627869 -0.11999999731779099 0.11999999731779099 0.0 0.0
324 0.0 0.0 -0.18000000715255737 0.09000000357627869 0.09000000357627869 -0.18000000715255737 0.09000000357627869 0.09000000357627869 0.0 0.0 0.0 0.0 0.0 0.0 -0.18000000715255737 0.09000000357627869 -0.2800000011920929 0.09000000357627869 0.6200000047683716 -0.7599999904632568 -0.7599999904632568 0.5099999904632568 -0.5099999904632568 0.0 0.0 0.0 0.09000000357627869 0.0 -0.5099999904632568 0.0 0.0 0.0 0.0 0.0 0.0 0.0 0.0 0.0 0.0 0.0 0.0 0.0 -0.27000001072883606 0.0 0.09000000357627869 0.09000000357627869 0.0 0.0 -0.28999999165534973 0.0 0.0 0.09000000357627869 0.0 0.09000000357627869 -0.18000000715255737 0.09000000357627869 0.09000000357627869 -0.18000000715255737 0.09000000357627869 0.09000000357627869 0.0 -0.5099999904632568 0.0 0.0 0.0 0.0 0.0 0.0 0.0 0.0 0.09000000357627869 0.09000000357627869 0.0 0.0 0.0 0.0 0.0 0.09000000357627869 0.0 0.0 0.09000000357627869 0.0 0.0 0.0 0.0 0.0 0.09000000357627869 -0.27000001072883606 0.0 0.09000000357627869 0.0 0.0 -0.5099999904632568 0.0 0.0 0.0 0.0 -0.27000001072883606 0.0 0.09000000357627869 0.09000000357627869 0.5099999904632568 -0.5099999904632568 0.0 0.0 0.0 0.09000000357627869 0.0 0.09000000357627869 0.0 0.550000011920929 -0.6200000047683716 0.30000001192092896 0.0 0.0 -0.4699999988079071 0.3100000023841858 0.09000000357627869 0.09000000357627869 0.0 -0.18000000715255737 0.09000000357627869 0.0 0.550000011920929 -0.550000011920929 0.0 0.3199999928474426 0.0 0.09000000357627869 0.09000000357627869 0.5099999904632568 -0.5099999904632568 -0.28999999165534973 0.0 0.09000000357627869 0.09000000357627869 0.0 0.09000000357627869 0.0 0.09000000357627869 0.0 0.0 0.09000000357627869 0.09000000357627869 0.0 -0.5099999904632568 0.0 0.3100000023841858 0.0 0.09000000357627869 0.0 0.09000000357627869 0.09000000357627869 -0.18000000715255737 0.09000000357627869 0.09000000357627869 0.550000011920929 -0.550000011920929 0.0 -0.5099999904632568 0.0 0.0 0.0 0.09000000357627869 0.0 0.09000000357627869 0.0 0.4300000071525574 -0.27000001072883606 0.09000000357627869 0.09000000357627869 0.09000000357627869 0.0 0.0 -0.4699999988079071 0.0 0.0 0.09000000357627869 -0.2800000011920929 0.09000000357627869 0.09000000357627869 0.6200000047683716 -0.7599999904632568 -0.7599999904632568 0.5099999904632568 0.0 0.0 0.0 0.0 0.09000000357627869 0.0 0.0 0.09000000357627869 -0.2800000011920929 0.09000000357627869 0.09000000357627869 0.6200000047683716 -0.7599999904632568 -0.7599999904632568 0.0 0.0 0.0 0.0 0.0 0.09000000357627869 0.0 0.0 0.0 0.0 0.09000000357627869 0.09000000357627869 0.0 0.09000000357627869 0.0 -0.27000001072883606 0.09000000357627869 0.0 0.0 0.0 -0.5099999904632568 0.0 0.0 0.0 0.09000000357627869 0.0 0.09000000357627869 0.09000000357627869 0.0 0.09000000357627869 0.0 0.550000011920929 -0.550000011920929 -0.6200000047683716 0.3199999928474426 0.30000001192092896 0.0 -0.5099999904632568 0.0 0.0 0.0 0.09000000357627869 -0.18000000715255737 0.09000000357627869 0.09000000357627869 0.550000011920929 -0.550000011920929 -0.6200000047683716 0.3199999928474426 0.30000001192092896 0.5099999904632568 -0.5099999904632568 0.0 0.0 0.0 0.09000000357627869 0.0 0.09000000357627869 -0.6600000262260437 0.4300000071525574 -0.27000001072883606 0.09000000357627869 0.0 0.09000000357627869 0.0 -0.5099999904632568 -0.4699999988079071 0.0 0.0 0.09000000357627869 -0.18000000715255737 0.09000000357627869 0.09000000357627869 0.0 0.0 -0.27000001072883606 0.09000000357627869 0.09000000357627869 0.09000000357627869 0.0 0.0 0.09000000357627869 0.09000000357627869 0.0 0.09000000357627869 0.0 0.0 0.0 -0.11999999731779099 0.11999999731779099 0.0 0.0 -0.11999999731779099 0.11999999731779099 -0.11999999731779099 0.11999999731779099 -0.11999999731779099 0.0
325 -0.18000000715255737 0.09000000357627869 0.09000000357627869 0.0 0.0 0.0 0.0 0.6200000047683716 -0.7599999904632568 -0.7599999904632568 -0.5099999904632568 0.0 0.0 0.0 0.0 0.0 0.0 -0.27000001072883606 0.0 0.09000000357627869 0.09000000357627869 0.0 0.0 -0.28999999165534973 0.0 0.0 0.09000000357627869 0.0 0.09000000357627869 -0.18000000715255737 0.09000000357627869 -0.18000000715255737 0.0 -0.5099999904632568 0.0 0.0 0.0 0.0 0.0 0.0 0.09000000357627869 0.0 0.0 -0.5099999904632568 0.0 0.0 0.0 0.0 -0.27000001072883606 0.0 0.09000000357627869 0.09000000357627869 0.5099999904632568 -0.5099999904632568 0.0 0.0 0.3199999928474426 0.0 -0.28999999165534973 0.0 0.09000000357627869 0.0 0.09000000357627869 0.0 0.09000000357627869 0.0 0.0 0.09000000357627869 0.09000000357627869 0.0 -0.5099999904632568 0.0 0.3100000023841858 0.0 0.09000000357627869 0.0 0.09000000357627869 0.09000000357627869 -0.18000000715255737 0.0 -0.5099999904632568 0.0 0.0 0.0 0.09000000357627869 0.0 0.09000000357627869 0.0 0.4300000071525574 -0.27000001072883606 0.09000000357627869 0.09000000357627869 0.09000000357627869 0.0 0.0 0.0 0.3100000023841858 0.0 0.0 -0.27000001072883606 0.09000000357627869 0.09000000357627869 0.09000000357627869 0.5099999904632568 0.0 0.0 0.0 0.0 0.09000000357627869 0.0 0.0 0.09000000357627869 -0.2800000011920929 0.09000000357627869 0.09000000357627869 0.6200000047683716 -0.7599999904632568 -0.7599999904632568 0.0 0.0 0.0 0.0 0.0 0.09000000357627869 0.0 0.0 0.0 0.0 0.09000000357627869 0.09000000357627869 0.0 0.09000000357627869 0.0 -0.27000001072883606 0.09000000357627869 0.0 0.0 0.0 -0.5099999904632568 0.0 0.0 0.0 0.09000000357627869 0.0 0.09000000357627869 0.09000000357627869 0.0 0.09000000357627869 0.0 0.550000011920929 -0.550000011920929 -0.6200000047683716 0.3199999928474426 0.30000001192092896 0.0 -0.5099999904632568 0.0 0.0 0.0 0.09000000357627869 -0.18000000715255737 0.09000000357627869 0.09000000357627869 0.550000011920929 -0.550000011920929 -0.6200000047683716 0.3199999928474426 0.30000001192092896 0.5099999904632568 -0.5099999904632568 0.0 0.0 0.0 0.09000000357627869 0.0 0.09000000357627869 -0.6600000262260437 0.4300000071525574 -0.27000001072883606 0.09000000357627869 0.0 0.09000000357627869 0.0 -0.5099999904632568 -0.4699999988079071 0.0 0.0 0.09000000357627869 -0.18000000715255737 0.09000000357627869 0.09000000357627869 0.0 0.0 -0.27000001072883606 0.09000000357627869 0.09000000357627869 0.09000000357627869 0.0 0.0 0.09000000357627869 0.09000000357627869 0.5099999904632568 0.3100000023841858 0.09000000357627869 0.11999999731779099
326 0.0 0.0 -0.18000000715255737 0.09000000357627869 0.09000000357627869 -0.18000000715255737 0.09000000357627869 0.09000000357627869 0.0 0.0 0.0 0.0 0.0 0.0 0.0 -0.27000001072883606 0.0 0.09000000357627869 0.09000000357627869 0.0 0.0 -0.28999999165534973 0.09000000357627869 0.0 0.0 0.0 0.09000000357627869 0.0 0.0 0.0 0.0 0.09000000357627869 0.0 -0.5099999904632568 0.0 0.0 0.0 0.0 -0.27000001072883606 0.0 0.09000000357627869 0.09000000357627869 0.5099999904632568 -0.5099999904632568 -0.18000000715255737 0.09000000357627869 0.550000011920929 -0.550000011920929 0.0 0.3199999928474426 0.0 0.0 0.09000000357627869 0.05000000074505806 0.09000000357627869 0.09000000357627869 -0.6600000262260437 0.4300000071525574 0.0 -0.5099999904632568 0.0 0.3100000023841858 0.0 0.09000000357627869 0.0 0.09000000357627869 0.09000000357627869 0.0 -0.27000001072883606 0.09000000357627869 0.09000000357627869 0.5099999904632568 -0.5099999904632568 -0.28999999165534973 0.0 0.09000000357627869 0.09000000357627869 0.0 0.09000000357627869 0.0 0.09000000357627869 0.0 0.0 0.09000000357627869 0.09000000357627869 0.0 -0.5099999904632568 0.0 0.3100000023841858 0.0 0.09000000357627869 0.0 0.09000000357627869 0.09000000357627869 -0.18000000715255737 0.09000000357627869 0.09000000357627869 0.550000011920929 -0.550000011920929 -0.6200000047683716 0.3199999928474426 0.30000001192092896 0.0 -0.5099999904632568 0.0 0.0 0.0 0.09000000357627869 0.0 0.09000000357627869 0.0 0.4300000071525574 -0.27000001072883606 0.09000000357627869 0.09000000357627869 0.09000000357627869 0.0 0.0 0.0 0.3100000023841858 0.0 0.0 -0.27000001072883606 0.09000000357627869 0.09000000357627869 0.09000000357627869 0.5099999904632568 0.0 -0.4699999988079071 0.0 0.0 0.09000000357627869 -0.2800000011920929 0.09000000357627869 0.09000000357627869 0.6200000047683716 -0.7599999904632568 -0.7599999904632568 0.5099999904632568 0.0 0.0 0.0 0.0 0.09000000357627869 0.0 0.0 0.0 0.0 0.09000000357627869 0.09000000357627869 0.0 0.09000000357627869 0.0 -0.27000001072883606 0.09000000357627869 0.0 0.0 0.0 -0.5099999904632568 0.0 0.0 0.0 0.09000000357627869 0.0 0.09000000357627869 0.09000000357627869 0.0 0.09000000357627869 0.0 0.550000011920929 -0.550000011920929 -0.6200000047683716 0.3199999928474426 0.30000001192092896 0.0 -0.5099999904632568 0.0 0.0 0.0 0.09000000357627869 -0.18000000715255737 0.09000000357627869 0.09000000357627869 0.550000011920929 -0.550000011920929 -0.6200000047683716 0.3199999928474426 0.30000001192092896 0.5099999904632568 -0.5099999904632568 0.0 0.0 0.0 0.09000000357627869 0.0 0.09000000357627869 -0.6600000262260437 0.4300000071525574 -0.27000001072883606 0.09000000357627869 0.0 0.09000000357627869 0.0 -0.5099999904632568 -0.4699999988079071 0.0 0.0 0.09000000357627869 -0.18000000715255737 0.09000000357627869 0.09000000357627869 0.0 0.0 -0.27000001072883606 0.09000000357627869 0.09000000357627869 0.09000000357627869 0.0 0.0 0.09000000357627869 0.09000000357627869 0.5099999904632568 -0.5099999904632568 0.0 0.3100000023841858 0.0 0.09000000357627869 0.0 0.09000000357627869 -0.6600000262260437 0.5099999904632568 -0.4699999988079071 0.0 0.07000000029802322 0.09000000357627869 0.05000000074505806 0.09000000357627869 0.0 -0.6600000262260437 0.4300000071525574 0.5099999904632568 -0.5099999904632568 0.0 0.0 0.0 0.0 0.09000000357627869 0.09000000357627869 0.0 0.09000000357627869 0.09000000357627869 0.550000011920929 -0.550000011920929 -0.6200000047683716 0.3199999928474426 0.30000001192092896 0.5099999904632568 -0.5099999904632568 -0.4699999988079071 0.0 0.0 0.09000000357627869 0.0 0.09000000357627869 0.09000000357627869 0.0 -0.11999999731779099 0.11999999731779099 0.0 -0.11999999731779099 0.11999999731779099 0.0 0.0 0.0 0.09000000357627869 0.0
327 0.0 0.09000000357627869 0.0 0.0 0.0 0.0 0.0 0.09000000357627869 0.0 0.09000000357627869 0.0 0.0 0.0 0.0 0.09000000357627869 0.09000000357627869 0.0 0.0 -0.18000000715255737 0.09000000357627869 0.09000000357627869 -0.18000000715255737 0.09000000357627869 0.09000000357627869 0.0 0.0 0.0 0.0 0.0 0.0 -0.18000000715255737 0.09000000357627869 0.09000000357627869 -0.2800000011920929 0.09000000357627869 0.09000000357627869 0.6200000047683716 -0.7599999904632568 -0.7599999904632568 0.5099999904632568 -0.5099999904632568 0.0 0.0 0.0 0.09000000357627869 0.0 0.0 0.09000000357627869 0.0 -0.5099999904632568 0.0 0.0 0.0 0.0 0.0 0.0 0.0 0.0 0.0 0.0 0.0 0.0 0.0 0.0 0.0 0.0 0.0 0.0 0.0 0.0 0.0 -0.27000001072883606 0.0 0.09000000357627869 0.09000000357627869 0.0 0.0 -0.28999999165534973 0.0 0.0 0.09000000357627869 0.0 0.09000000357627869 -0.18000000715255737 0.09000000357627869 0.09000000357627869 -0.18000000715255737 0.09000000357627869 0.09000000357627869 0.0 -0.5099999904632568 0.0 0.0 0.0 0.0 0.0 0.0 0.0 0.0 0.0 0.0 0.0 0.09000000357627869 0.09000000357627869 0.0 0.0 0.0 0.0 0.0 0.0 0.0 0.09000000357627869 0.0 0.0 0.09000000357627869 0.0 0.0 0.0 0.0 0.0 0.09000000357627869 -0.27000001072883606 0.0 0.09000000357627869 0.0 0.0 -0.5099999904632568 0.0 0.0 0.0 0.0 -0.27000001072883606 0.0 0.09000000357627869 0.09000000357627869 0.5099999904632568 -0.5099999904632568 0.0 0.0 0.0 0.09000000357627869 0.0 0.09000000357627869 0.0 0.0 0.0 -0.4699999988079071 0.3100000023841858 0.0 0.09000000357627869 0.0 0.0 0.0 0.0 0.0 0.0 0.09000000357627869 0.0 0.0 0.0 0.0 0.0 0.0 0.0 0.0 0.0 0.0 0.0 0.09000000357627869 0.09000000357627869 -0.18000000715255737 0.09000000357627869 0.0 0.550000011920929 -0.550000011920929 0.0 0.3199999928474426 0.0 0.0 0.0 0.0 0.0 0.0 0.0 0.0 0.0 0.0 0.0 0.09000000357627869 0.0 0.0 -0.5099999904632568 0.0 0.3100000023841858 0.0 0.09000000357627869 0.0 0.09000000357627869 0.09000000357627869 0.0 0.09000000357627869 0.0 0.0 0.09000000357627869 0.0 -0.27000001072883606 0.09000000357627869 0.09000000357627869 0.09000000357627869 0.5099999904632568 -0.5099999904632568 -0.28999999165534973 0.0 0.09000000357627869 0.09000000357627869 0.0 0.09000000357627869 0.0 0.09000000357627869 0.0 0.0 0.09000000357627869 0.09000000357627869 0.0 -0.5099999904632568 0.0 0.3100000023841858 0.0 0.09000000357627869 0.0 0.09000000357627869 0.09000000357627869 -0.18000000715255737 0.09000000357627869 0.09000000357627869 0.550000011920929 -0.550000011920929 -0.6200000047683716 0.30000001192092896 0.0 -0.5099999904632568 0.0 0.0 0.0 0.09000000357627869 0.0 0.09000000357627869 0.0 0.4300000071525574 -0.27000001072883606 0.09000000357627869 0.09000000357627869 0.09000000357627869 0.0 0.0 0.0 0.3100000023841858 0.0 0.0 -0.27000001072883606 0.09000000357627869 0.09000000357627869 0.09000000357627869 0.5099999904632568 0.0 -0.4699999988079071 0.0 0.0 0.09000000357627869 -0.2800000011920929 0.09000000357627869 0.09000000357627869 0.6200000047683716 -0.7599999904632568 -0.7599999904632568 0.5099999904632568 0.0 0.0 0.0 0.0 0.09000000357627869 0.0 0.0 0.09000000357627869 -0.2800000011920929 0.09000000357627869 0.09000000357627869 0.6200000047683716 -0.7599999904632568 -0.7599999904632568 0.0 0.0 0.0 0.0 0.0 0.09000000357627869 0.0 0.09000000357627869 0.09000000357627869 0.0 0.09000000357627869 0.0 0.550000011920929 -0.550000011920929 -0.6200000047683716 0.3199999928474426 0.30000001192092896 0.0 -0.5099999904632568 0.0 0.0 0.0 0.09000000357627869 -0.18000000715255737 0.09000000357627869 0.09000000357627869 0.550000011920929 -0.550000011920929 -0.6200000047683716 0.3199999928474426 0.30000001192092896 0.5099999904632568 -0.5099999904632568 0.0 0.0 0.0 0.09000000357627869 0.0 0.09000000357627869 -0.6600000262260437 0.4300000071525574 -0.27000001072883606 0.09000000357627869 0.0 0.09000000357627869 0.0 -0.5099999904632568 -0.4699999988079071 0.0 0.0 0.09000000357627869 -0.18000000715255737 0.09000000357627869 0.09000000357627869 0.0 0.0 -0.27000001072883606 0.09000000357627869 0.09000000357627869 0.09000000357627869 0.0 0.0 0.09000000357627869 0.09000000357627869 0.5099999904632568 -0.5099999904632568 0.0 0.3100000023841858 0.0 0.09000000357627869 0.0 0.09000000357627869 -0.6600000262260437 0.4300000071525574 0.5099999904632568 -0.5099999904632568 -0.4699999988079071 0.0 0.07000000029802322 0.09000000357627869 0.05000000074505806 0.09000000357627869 0.0 -0.6600000262260437 0.4300000071525574 0.5099999904632568 -0.5099999904632568 -0.28999999165534973 0.0 0.0 0.0 0.0 0.0 0.09000000357627869 0.0 0.09000000357627869 0.09000000357627869 0.0 0.09000000357627869 0.09000000357627869 0.550000011920929 -0.550000011920929 -0.6200000047683716 0.3199999928474426 0.5099999904632568 -0.5099999904632568 -0.4699999988079071 0.0 0.0 0.09000000357627869 0.0 0.09000000357627869 0.09000000357627869 0.0 -0.11999999731779099 0.11999999731779099 -0.11999999731779099 0.11999999731779099 0.0 0.0 -0.11999999731779099 0.11999999731779099 0.0 0.0 0.0 0.0 0.0 0.0 0.0 0.0 -0.18000000715255737 0.09000000357627869 0.0 0.0 0.09000000357627869 0.5099999904632568 -0.5099999904632568 -0.4699999988079071 0.0 0.09000000357627869 0.0 -0.4699999988079071 0.0 0.0 0.0 -0.27000001072883606 0.09000000357627869 0.0 0.09000000357627869 0.0 0.0 0.0 0.0 0.0 0.0 0.0 0.0 0.0 0.0 0.0 0.0 0.0 0.0 0.0 0.0 0.0 0.0 0.0 0.0 0.0 0.0 0.0 0.0 0.0 -0.11999999731779099 0.11999999731779099 -0.11999999731779099 0.0
328 0.0 0.09000000357627869 0.0 0.09000000357627869 -0.6600000262260437 0.4300000071525574 0.0 0.0 0.0 0.0 0.09000000357627869 0.09000000357627869 0.0 0.0 -0.18000000715255737 0.09000000357627869 0.09000000357627869 -0.18000000715255737 0.09000000357627869 0.09000000357627869 0.0 0.0 0.0 0.0 0.0 0.0 -0.18000000715255737 0.09000000357627869 0.09000000357627869 -0.2800000011920929 0.09000000357627869 0.09000000357627869 0.6200000047683716 -0.7599999904632568 -0.7599999904632568 0.5099999904632568 -0.5099999904632568 0.0 0.0 0.0 0.09000000357627869 0.0 0.0 -0.27000001072883606 0.09000000357627869 0.09000000357627869 -0.18000000715255737 0.09000000357627869 0.09000000357627869 0.0 -0.5099999904632568 0.0 0.0 0.0 0.0 0.0 0.0 0.0 0.0 0.0 0.0 0.0 0.0 0.0 0.0 0.0 0.0 -0.27000001072883606 0.0 0.09000000357627869 0.09000000357627869 0.0 0.0 -0.28999999165534973 0.0 0.0 0.09000000357627869 0.0 0.09000000357627869 -0.18000000715255737 0.09000000357627869 0.09000000357627869 -0.18000000715255737 0.09000000357627869 0.09000000357627869 0.0 -0.5099999904632568 0.0 0.0 0.0 0.0 0.09000000357627869 0.0 0.0 0.0 0.0 0.0 0.09000000357627869 0.0 0.0 0.0 0.0 0.0 0.09000000357627869 0.0 -0.5099999904632568 0.0 0.0 0.0 0.0 -0.27000001072883606 0.0 0.09000000357627869 0.09000000357627869 0.0 -0.28999999165534973 0.0 0.09000000357627869 0.09000000357627869 0.0 0.09000000357627869 0.0 0.09000000357627869 0.0 0.0 0.09000000357627869 0.09000000357627869 0.0 -0.5099999904632568 0.0 0.3100000023841858 0.0 0.09000000357627869 0.0 -0.5099999904632568 0.0 0.0 0.0 0.09000000357627869 0.0 0.09000000357627869 0.0 0.4300000071525574 -0.27000001072883606 0.09000000357627869 0.09000000357627869 0.09000000357627869 0.0 0.0 0.0 0.3100000023841858 0.0 0.0 -0.27000001072883606 0.09000000357627869 0.09000000357627869 0.09000000357627869 0.5099999904632568 0.0 -0.4699999988079071 0.0 0.0 0.09000000357627869 -0.2800000011920929 0.09000000357627869 0.09000000357627869 0.6200000047683716 -0.7599999904632568 -0.7599999904632568 0.5099999904632568 0.0 0.0 0.0 0.0 0.09000000357627869 0.0 0.0 0.09000000357627869 -0.2800000011920929 0.09000000357627869 0.09000000357627869 0.6200000047683716 -0.7599999904632568 -0.7599999904632568 0.0 0.0 0.0 0.0 0.0 0.09000000357627869 0.0 0.0 0.0 0.0 0.09000000357627869 0.09000000357627869 0.0 0.09000000357627869 0.0 -0.27000001072883606 0.09000000357627869 0.0 0.0 0.0 -0.5099999904632568 0.0 0.0 0.0 0.09000000357627869 -0.18000000715255737 0.09000000357627869 0.09000000357627869 0.550000011920929 -0.550000011920929 -0.6200000047683716 0.3199999928474426 0.30000001192092896 0.5099999904632568 -0.5099999904632568 0.0 0.0 0.0 0.09000000357627869 0.0 0.09000000357627869 -0.6600000262260437 0.4300000071525574 -0.27000001072883606 0.09000000357627869 0.0 0.09000000357627869 0.0 -0.5099999904632568 -0.4699999988079071 0.0 0.0 0.09000000357627869 -0.18000000715255737 0.09000000357627869 0.09000000357627869 0.0 0.0 -0.27000001072883606 0.09000000357627869 0.09000000357627869 0.09000000357627869 0.0 0.0 0.09000000357627869 0.09000000357627869 0.5099999904632568 -0.5099999904632568 0.0 0.3100000023841858 0.0 0.09000000357627869 0.0 0.09000000357627869 -0.6600000262260437 0.4300000071525574 0.5099999904632568 -0.4699999988079071 0.0 0.07000000029802322 0.05000000074505806 0.09000000357627869 0.0 0.09000000357627869 -0.4699999988079071 0.0 0.0 0.09000000357627869 0.0 0.09000000357627869 0.09000000357627869 0.0 -0.11999999731779099 0.11999999731779099 -0.11999999731779099 0.11999999731779099 0.0 0.0 -0.11999999731779099 0.11999999731779099 0.0 0.0
329 0.0 0.0 -0.18000000715255737 0.09000000357627869 0.09000000357627869 -0.18000000715255737 0.09000000357627869 0.09000000357627869 0.0 0.0 0.0 0.0 0.0 0.0 -0.2800000011920929 0.09000000357627869 0.6200000047683716 -0.7599999904632568 -0.7599999904632568 0.0 0.0 0.0 0.0 -0.27000001072883606 0.0 0.09000000357627869 0.09000000357627869 0.0 0.0 0.0 0.0 0.0 -0.28999999165534973 0.0 0.09000000357627869 0.09000000357627869 0.0 0.09000000357627869 0.0 0.09000000357627869 0.0 0.0 0.09000000357627869 0.09000000357627869 0.0 -0.5099999904632568 0.0 0.3100000023841858 0.0 0.0 0.0 0.0 0.09000000357627869 0.0 0.09000000357627869 0.0 0.4300000071525574 -0.27000001072883606 0.09000000357627869 0.09000000357627869 0.09000000357627869 0.0 0.0 0.0 0.3100000023841858 0.0 0.0 -0.27000001072883606 0.09000000357627869 0.09000000357627869 0.09000000357627869 0.5099999904632568 0.0 -0.4699999988079071 0.0 0.0 0.09000000357627869 -0.2800000011920929 0.09000000357627869 0.09000000357627869 0.6200000047683716 -0.7599999904632568 -0.7599999904632568 0.5099999904632568 0.0 0.0 0.0 0.0 0.09000000357627869 0.0 0.0 0.09000000357627869 -0.2800000011920929 0.09000000357627869 0.09000000357627869 0.6200000047683716 -0.7599999904632568 -0.7599999904632568 0.0 0.0 0.0 0.0 0.0 0.09000000357627869 0.0 0.0 0.0 0.0 0.09000000357627869 0.09000000357627869 0.0 0.09000000357627869 0.0 -0.27000001072883606 0.09000000357627869 0.0 0.0 0.0 -0.5099999904632568 0.0 0.0 0.0 0.09000000357627869 0.0 0.09000000357627869 0.09000000357627869 0.0 0.09000000357627869 0.0 0.550000011920929 -0.550000011920929 -0.6200000047683716 0.3199999928474426 0.30000001192092896 0.0 -0.5099999904632568 0.0 0.0 0.0 0.09000000357627869 0.0 0.09000000357627869 -0.6600000262260437 0.4300000071525574 -0.27000001072883606 0.09000000357627869 0.0 0.09000000357627869 0.0 -0.5099999904632568 -0.4699999988079071 0.0 0.0 0.09000000357627869 -0.18000000715255737 0.09000000357627869 0.09000000357627869 0.0 0.0 -0.27000001072883606 0.09000000357627869 0.09000000357627869 0.09000000357627869 0.0 0.0 0.09000000357627869 0.09000000357627869 0.5099999904632568 -0.5099999904632568 0.0 0.3100000023841858 0.0 0.09000000357627869 0.0 0.09000000357627869 -0.6600000262260437 0.4300000071525574 -0.27000001072883606 0.09000000357627869 0.09000000357627869 0.09000000357627869 0.5099999904632568 -0.5099999904632568 -0.4699999988079071 0.0 0.07000000029802322 0.09000000357627869 0.05000000074505806 0.09000000357627869 0.0 -0.6600000262260437 0.4300000071525574 0.5099999904632568 -0.5099999904632568 -0.28999999165534973 0.09000000357627869 0.09000000357627869 0.0 0.0 0.09000000357627869 -0.550000011920929 -0.4699999988079071 0.0 0.0 0.09000000357627869 0.0 0.09000000357627869 0.09000000357627869 0.0 -0.11999999731779099 -0.11999999731779099 0.11999999731779099 0.0 0.0
33 0.0 0.0 0.0 0.0 0.09000000357627869 0.0 0.0 0.0 0.09000000357627869 0.0 0.09000000357627869 0.09000000357627869 0.20999999344348907 0.05000000074505806 0.05000000074505806 -0.30000001192092896 0.33000001311302185 0.0 0.33000001311302185 0.0 0.0 0.0 0.0 0.0 0.0 0.0 0.0 0.0 0.0 0.0 0.0 -0.09000000357627869 -0.2199999988079071 0.09000000357627869 0.0 -0.5099999904632568 0.0 0.3100000023841858 0.0 0.09000000357627869 0.05000000074505806 0.09000000357627869 0.09000000357627869 -0.6600000262260437 0.4300000071525574 0.0 0.0 0.0 0.0 0.0 0.09000000357627869 0.0 0.09000000357627869 0.09000000357627869 0.0 0.09000000357627869 0.0 -0.18000000715255737 0.09000000357627869 0.09000000357627869 0.20999999344348907 0.05000000074505806 0.05000000074505806 -0.30000001192092896 0.33000001311302185 0.33000001311302185 0.33000001311302185 0.0 -0.5099999904632568 -0.4699999988079071 0.3100000023841858 -0.019999999552965164 0.0 0.09000000357627869 0.5099999904632568 -0.5099999904632568 -0.4699999988079071 0.3100000023841858 0.0 0.09000000357627869 0.0 0.09000000357627869 -0.6600000262260437 0.4300000071525574 -0.27000001072883606 0.09000000357627869 0.09000000357627869 0.0 0.0 -0.5099999904632568 0.0 0.0 0.0 0.09000000357627869 0.0 0.09000000357627869 -0.6600000262260437 0.4300000071525574 -0.27000001072883606 0.09000000357627869 0.09000000357627869 0.09000000357627869 0.0 0.0 0.0 0.3100000023841858 0.0 0.0 0.0 0.09000000357627869 0.0 0.09000000357627869 0.0 0.09000000357627869 -0.27000001072883606 0.09000000357627869 0.0 0.09000000357627869 0.0 -0.5099999904632568 0.0 0.0 0.0 0.09000000357627869 0.0 0.09000000357627869 -0.6600000262260437 0.4300000071525574 -0.27000001072883606 0.09000000357627869 0.09000000357627869 0.09000000357627869 0.0 -0.5099999904632568 0.0 0.0 0.09000000357627869 0.09000000357627869 0.0 0.0 -0.18000000715255737 0.09000000357627869 0.09000000357627869 -0.18000000715255737 0.09000000357627869 0.09000000357627869 0.5099999904632568 -0.5099999904632568 -0.4699999988079071 0.0 0.0 0.09000000357627869 0.0 0.09000000357627869 0.09000000357627869 0.6200000047683716 -0.7599999904632568 -0.7599999904632568 0.0 0.09000000357627869 0.0 0.0 0.0 0.4300000071525574 0.5099999904632568 -0.5099999904632568 -0.4699999988079071 0.3100000023841858 0.0 0.09000000357627869 0.0 0.09000000357627869 0.0 0.0 0.09000000357627869 -0.18000000715255737 0.09000000357627869 0.0 0.05000000074505806 0.0 -0.30000001192092896 0.33000001311302185 0.33000001311302185 0.33000001311302185 0.0 -0.5099999904632568 0.0 0.3100000023841858 0.0 0.0 0.0 0.09000000357627869 0.0 0.0 0.09000000357627869 0.09000000357627869 0.0 0.09000000357627869 0.09000000357627869 -0.699999988079071 0.4399999976158142 0.6399999856948853 -0.800000011920929 0.46000000834465027 0.46000000834465027 0.0 0.0 0.46000000834465027 0.0 -0.5099999904632568 0.0 0.0 0.0 0.09000000357627869 0.0 0.0 0.09000000357627869 0.0 0.0 -0.27000001072883606 0.09000000357627869 0.0 0.09000000357627869 -0.27000001072883606 0.09000000357627869 0.09000000357627869 0.09000000357627869 0.0 0.0 0.0 0.3100000023841858 0.0 0.0 0.0 0.0 0.0 0.0 -0.11999999731779099 0.0 -0.11999999731779099 0.11999999731779099 -0.11999999731779099 0.11999999731779099 0.0 0.11999999731779099 0.0 0.11999999731779099 0.0 -0.5099999904632568 0.0 0.0 0.0 0.0 0.09000000357627869 -0.18000000715255737 0.09000000357627869 0.0 0.09000000357627869 0.0 0.550000011920929 -0.550000011920929 -0.6200000047683716 0.3199999928474426 0.0 0.5099999904632568 -0.5099999904632568 0.0 0.0 0.0 0.09000000357627869 -0.18000000715255737 0.09000000357627869 0.09000000357627869 0.0 0.0 -0.27000001072883606 0.0 0.09000000357627869 0.09000000357627869 -0.27000001072883606 0.09000000357627869 0.09000000357627869 0.09000000357627869 0.0 0.0 -0.4699999988079071 0.0 0.0 0.0 0.0 0.09000000357627869 0.0 0.0 0.0 -0.5099999904632568 -0.4699999988079071 0.0 0.07000000029802322 0.09000000357627869 -0.18000000715255737 0.09000000357627869 0.09000000357627869 0.550000011920929 -0.550000011920929 -0.6200000047683716 0.3199999928474426 0.30000001192092896 0.5099999904632568 -0.5099999904632568 -0.4699999988079071 0.0 0.0 0.09000000357627869 0.0 0.09000000357627869 0.0 0.09000000357627869 0.09000000357627869 0.09000000357627869 -0.27000001072883606 0.09000000357627869 0.09000000357627869 0.0 0.5099999904632568 -0.5099999904632568 0.0 0.0 0.09000000357627869 0.09000000357627869 0.0 0.09000000357627869 -0.18000000715255737 0.09000000357627869 0.09000000357627869 -0.18000000715255737 0.09000000357627869 0.09000000357627869 0.5099999904632568 -0.5099999904632568 0.0 0.0 0.0 0.09000000357627869 -0.27000001072883606 0.09000000357627869 0.09000000357627869 0.09000000357627869 0.5099999904632568 -0.5099999904632568 -0.4699999988079071 0.3100000023841858 -0.5099999904632568 0.09000000357627869 0.0 0.0 0.09000000357627869 0.0 0.09000000357627869 -0.27000001072883606 0.09000000357627869 0.09000000357627869 0.09000000357627869 -0.27000001072883606 0.09000000357627869 0.09000000357627869 0.09000000357627869 0.09000000357627869 -0.5099999904632568 -0.28999999165534973 0.0 0.09000000357627869 0.09000000357627869 0.0 0.0 -0.18000000715255737 0.09000000357627869 0.09000000357627869 -0.18000000715255737 0.09000000357627869 0.09000000357627869 0.09000000357627869 0.09000000357627869 0.550000011920929 -0.550000011920929 -0.6200000047683716 0.3199999928474426 0.30000001192092896
330 -0.6600000262260437 0.4300000071525574 0.09000000357627869 0.0 0.0 0.09000000357627869 0.09000000357627869 0.0 0.0 -0.18000000715255737 0.09000000357627869 0.09000000357627869 -0.18000000715255737 0.09000000357627869 0.09000000357627869 0.0 0.0 0.0 0.0 0.6200000047683716 -0.7599999904632568 -0.7599999904632568 0.0 0.0 0.0 0.0 -0.27000001072883606 0.0 0.09000000357627869 0.09000000357627869 0.0 0.0 0.09000000357627869 0.0 0.0 0.0 0.0 0.09000000357627869 0.0 0.09000000357627869 0.09000000357627869 -0.7599999904632568 -0.4699999988079071 0.3100000023841858 0.0 0.05000000074505806 0.09000000357627869 -0.6600000262260437 0.4300000071525574 0.0 -0.5099999904632568 0.0 0.3100000023841858 0.0 0.09000000357627869 0.0 0.09000000357627869 0.09000000357627869 0.0 0.09000000357627869 -0.27000001072883606 0.09000000357627869 0.09000000357627869 0.09000000357627869 0.5099999904632568 -0.5099999904632568 -0.28999999165534973 0.0 0.09000000357627869 0.09000000357627869 0.0 0.09000000357627869 0.0 0.09000000357627869 0.0 0.0 0.09000000357627869 0.09000000357627869 0.0 -0.5099999904632568 0.0 0.3100000023841858 0.0 0.09000000357627869 0.0 0.09000000357627869 0.09000000357627869 0.0 0.0 0.0 0.0 0.09000000357627869 0.0 0.09000000357627869 0.0 0.4300000071525574 -0.27000001072883606 0.09000000357627869 0.0 0.0 0.0 0.3100000023841858 0.0 0.0 -0.27000001072883606 0.09000000357627869 0.09000000357627869 0.5099999904632568 0.0 -0.4699999988079071 0.0 0.0 0.09000000357627869 -0.2800000011920929 0.09000000357627869 0.09000000357627869 0.6200000047683716 -0.7599999904632568 -0.7599999904632568 0.5099999904632568 0.0 0.0 0.0 0.0 0.09000000357627869 0.0 0.0 0.09000000357627869 -0.2800000011920929 0.09000000357627869 0.09000000357627869 0.6200000047683716 -0.7599999904632568 -0.7599999904632568 0.0 0.0 0.0 0.0 0.0 0.09000000357627869 0.0 0.0 0.0 0.0 0.09000000357627869 0.09000000357627869 0.0 0.09000000357627869 0.0 -0.27000001072883606 0.09000000357627869 0.0 0.0 0.0 -0.5099999904632568 0.0 0.0 0.0 0.09000000357627869 0.0 0.09000000357627869 0.09000000357627869 0.0 0.09000000357627869 0.0 0.550000011920929 -0.550000011920929 -0.6200000047683716 0.3199999928474426 0.30000001192092896 0.0 -0.5099999904632568 0.0 0.0 0.0 0.09000000357627869 -0.18000000715255737 0.09000000357627869 0.09000000357627869 0.550000011920929 -0.550000011920929 -0.6200000047683716 0.3199999928474426 0.30000001192092896 0.5099999904632568 -0.5099999904632568 -0.4699999988079071 0.0 0.0 0.09000000357627869 -0.18000000715255737 0.09000000357627869 0.09000000357627869 0.0 0.0 -0.27000001072883606 0.09000000357627869 0.09000000357627869 0.09000000357627869 0.0 0.0 0.09000000357627869 0.09000000357627869 0.5099999904632568 -0.5099999904632568 0.0 0.3100000023841858 0.0 0.09000000357627869 0.0 0.09000000357627869 -0.6600000262260437 0.4300000071525574 -0.27000001072883606 0.09000000357627869 0.09000000357627869 0.09000000357627869 0.5099999904632568 -0.5099999904632568 -0.4699999988079071 0.0 0.07000000029802322 0.09000000357627869 0.05000000074505806 0.09000000357627869 0.0 -0.6600000262260437 0.4300000071525574 0.5099999904632568 -0.5099999904632568 -0.28999999165534973 0.0 0.09000000357627869 0.09000000357627869 0.0 0.0 -0.18000000715255737 0.09000000357627869 0.09000000357627869 -0.18000000715255737 0.09000000357627869 0.09000000357627869 0.0 0.0 0.0 0.0 0.0 0.09000000357627869 0.0 0.09000000357627869 0.09000000357627869 0.0 0.09000000357627869 0.09000000357627869 0.550000011920929 -0.550000011920929 -0.6200000047683716 0.3199999928474426 0.30000001192092896 0.5099999904632568 -0.5099999904632568 -0.4699999988079071 0.0 0.0 0.09000000357627869 0.0 0.09000000357627869 0.09000000357627869 0.0 -0.11999999731779099 0.11999999731779099 -0.11999999731779099 0.11999999731779099 0.0 0.0 -0.11999999731779099 0.11999999731779099 0.0 0.0 0.0 0.0 0.0 0.0 0.0 0.0 -0.18000000715255737 0.09000000357627869 0.09000000357627869 0.0 0.0 0.09000000357627869 0.550000011920929 -0.550000011920929 -0.6200000047683716 0.3199999928474426 0.30000001192092896 0.5099999904632568 -0.4699999988079071 0.0 0.0 0.0 0.09000000357627869 -0.18000000715255737 0.09000000357627869 0.550000011920929 -0.550000011920929 -0.4699999988079071 0.0 0.0 -0.27000001072883606 0.09000000357627869 0.0 0.09000000357627869 0.0 0.0
331 0.09000000357627869 0.0 0.09000000357627869 -0.6600000262260437 0.4300000071525574 -0.27000001072883606 0.09000000357627869 0.09000000357627869 0.09000000357627869 -0.6600000262260437 0.4300000071525574 0.0 0.0 -0.27000001072883606 0.0 0.09000000357627869 0.09000000357627869 0.5099999904632568 -0.5099999904632568 0.0 0.09000000357627869 0.0 0.0 0.0 0.0 0.0 0.09000000357627869 0.0 0.09000000357627869 -0.6600000262260437 0.4300000071525574 -0.27000001072883606 0.09000000357627869 0.09000000357627869 0.09000000357627869 0.0 0.0 0.0 0.0 0.09000000357627869 0.09000000357627869 0.0 0.0 -0.18000000715255737 0.09000000357627869 0.09000000357627869 -0.18000000715255737 0.09000000357627869 0.09000000357627869 0.0 0.0 0.0 0.0 0.0 0.0 -0.18000000715255737 0.09000000357627869 0.09000000357627869 -0.2800000011920929 0.09000000357627869 0.09000000357627869 0.6200000047683716 -0.7599999904632568 -0.7599999904632568 0.5099999904632568 -0.5099999904632568 0.0 0.0 0.0 0.09000000357627869 0.0 0.09000000357627869 0.0 0.0 0.0 0.0 0.0 0.0 0.0 0.0 0.0 0.0 0.0 0.0 0.0 0.0 0.0 0.0 0.0 -0.27000001072883606 0.0 0.09000000357627869 0.09000000357627869 0.0 0.0 -0.28999999165534973 0.0 0.0 0.09000000357627869 0.0 0.0 0.0 0.0 0.09000000357627869 0.0 0.09000000357627869 0.09000000357627869 0.0 0.09000000357627869 0.0 0.0 0.09000000357627869 0.09000000357627869 0.0 0.0 0.0 -0.27000001072883606 0.09000000357627869 0.5099999904632568 0.0 -0.4699999988079071 0.0 0.0 0.09000000357627869 -0.2800000011920929 0.09000000357627869 0.09000000357627869 -0.7599999904632568 0.5099999904632568 0.0 0.0 0.0 0.0 0.09000000357627869 0.0 0.0 0.09000000357627869 -0.2800000011920929 0.09000000357627869 0.09000000357627869 0.0 0.0 0.0 0.0 0.0 0.09000000357627869 0.0 0.0 0.0 0.0 0.09000000357627869 0.09000000357627869 0.0 0.09000000357627869 0.0 -0.27000001072883606 0.09000000357627869 0.0 0.0 0.0 -0.5099999904632568 0.0 0.0 0.0 0.09000000357627869 0.0 0.09000000357627869 0.09000000357627869 0.0 0.09000000357627869 0.0 0.550000011920929 -0.550000011920929 -0.6200000047683716 0.3199999928474426 0.30000001192092896 0.0 -0.5099999904632568 0.0 0.0 0.0 0.09000000357627869 -0.18000000715255737 0.09000000357627869 0.09000000357627869 0.550000011920929 -0.550000011920929 -0.6200000047683716 0.3199999928474426 0.30000001192092896 0.5099999904632568 -0.5099999904632568 0.0 0.0 0.0 0.09000000357627869 0.0 0.09000000357627869 -0.6600000262260437 0.4300000071525574 -0.27000001072883606 0.09000000357627869 0.0 0.09000000357627869 0.0 -0.5099999904632568 0.0 0.3100000023841858 0.0 0.09000000357627869 0.0 0.09000000357627869 -0.6600000262260437 0.4300000071525574 -0.27000001072883606 0.09000000357627869 0.09000000357627869 0.09000000357627869 0.5099999904632568 -0.5099999904632568 -0.4699999988079071 0.0 0.07000000029802322 0.09000000357627869 0.05000000074505806 0.09000000357627869 0.0 -0.6600000262260437 0.4300000071525574 0.5099999904632568 -0.5099999904632568 -0.28999999165534973 0.0 0.09000000357627869 0.09000000357627869 0.0 0.0 -0.18000000715255737 0.09000000357627869 -0.18000000715255737 0.09000000357627869 0.09000000357627869 0.0 0.0 0.0 0.0 0.0 0.09000000357627869 0.0 0.09000000357627869 0.09000000357627869 0.0 0.09000000357627869 0.550000011920929 -0.550000011920929 0.5099999904632568 -0.5099999904632568 -0.4699999988079071 0.0 0.0 0.09000000357627869 0.0 0.09000000357627869 0.09000000357627869 0.0 -0.11999999731779099 0.11999999731779099 -0.11999999731779099 0.11999999731779099 0.0 0.0 -0.11999999731779099 0.11999999731779099 0.0 0.0 0.0 0.0 0.0 0.0 0.0 0.0 -0.18000000715255737 0.09000000357627869 0.09000000357627869 0.0 0.0 0.09000000357627869 0.550000011920929 -0.550000011920929 -0.6200000047683716 0.3199999928474426 0.30000001192092896 0.0 0.0 0.0 0.0 0.0 0.0
332 0.0 0.0 0.0 0.0 0.0 0.09000000357627869 0.0 0.09000000357627869 0.09000000357627869 0.0 0.09000000357627869 0.0 -0.18000000715255737 0.09000000357627869 0.09000000357627869 0.20999999344348907 0.05000000074505806 0.05000000074505806 -0.30000001192092896 0.33000001311302185 0.33000001311302185 0.33000001311302185 0.0 -0.5099999904632568 -0.4699999988079071 0.3100000023841858 -0.019999999552965164 0.0 0.09000000357627869 0.5099999904632568 -0.5099999904632568 -0.4699999988079071 0.3100000023841858 0.0 0.09000000357627869 0.0 0.09000000357627869 -0.27000001072883606 0.09000000357627869 0.09000000357627869 0.0 0.0 -0.5099999904632568 0.0 0.0 0.0 0.09000000357627869 0.0 0.09000000357627869 -0.6600000262260437 0.4300000071525574 -0.27000001072883606 0.09000000357627869 0.09000000357627869 0.09000000357627869 0.0 0.0 0.0 0.3100000023841858 0.0 0.0 -0.5099999904632568 0.0 0.0 0.0 0.09000000357627869 0.0 0.09000000357627869 -0.6600000262260437 0.4300000071525574 -0.27000001072883606 0.09000000357627869 0.09000000357627869 0.09000000357627869 0.0 -0.5099999904632568 0.0 0.0 0.09000000357627869 0.09000000357627869 0.09000000357627869 0.20999999344348907 0.05000000074505806 -0.30000001192092896 0.33000001311302185 0.33000001311302185 0.0 0.0 -0.27000001072883606 0.0 0.09000000357627869 0.09000000357627869 0.5099999904632568 -0.5099999904632568 0.09000000357627869 0.0 0.0 0.09000000357627869 0.09000000357627869 0.0 0.0 -0.18000000715255737 0.09000000357627869 0.09000000357627869 -0.18000000715255737 0.09000000357627869 0.09000000357627869 0.09000000357627869 0.0 0.09000000357627869 0.09000000357627869 0.0 0.0 0.09000000357627869 0.09000000357627869 0.0 0.0 0.0 0.0 0.0 0.09000000357627869 0.0 0.0 0.0 0.0 0.09000000357627869 0.09000000357627869 0.0 0.09000000357627869 0.0 -0.5099999904632568 0.0 0.0 0.0 0.09000000357627869 0.0 0.09000000357627869 0.09000000357627869 0.0 0.09000000357627869 0.0 -0.5099999904632568 0.0 0.0 0.0 0.09000000357627869 -0.18000000715255737 0.09000000357627869 0.09000000357627869 0.550000011920929 -0.550000011920929 -0.6200000047683716 0.30000001192092896 0.5099999904632568 -0.5099999904632568 0.0 0.0 0.0 0.09000000357627869 0.0 0.09000000357627869 -0.6600000262260437 0.4300000071525574 -0.27000001072883606 0.09000000357627869 0.0 0.09000000357627869 0.0 -0.5099999904632568 -0.4699999988079071 0.0 0.0 0.09000000357627869 -0.18000000715255737 0.09000000357627869 0.09000000357627869 0.0 0.0 -0.27000001072883606 0.09000000357627869 0.09000000357627869 0.09000000357627869 0.0 0.0 0.09000000357627869 0.09000000357627869 0.5099999904632568 -0.5099999904632568 -0.4699999988079071 0.0 0.07000000029802322 0.09000000357627869 0.05000000074505806 0.09000000357627869 0.0 -0.6600000262260437 0.4300000071525574 0.5099999904632568 -0.5099999904632568 -0.28999999165534973 0.0 0.09000000357627869 0.09000000357627869 0.0 0.0 -0.18000000715255737 0.09000000357627869 0.09000000357627869 -0.18000000715255737 0.09000000357627869 0.09000000357627869 0.0 0.0 0.0 0.0 0.0 0.09000000357627869 0.0 0.09000000357627869 0.09000000357627869 0.0 0.09000000357627869 0.09000000357627869 0.550000011920929 -0.550000011920929 -0.6200000047683716 0.30000001192092896 0.5099999904632568 -0.5099999904632568 -0.4699999988079071 0.0 0.0 0.09000000357627869 0.0 0.09000000357627869 0.09000000357627869 0.0 -0.11999999731779099 0.11999999731779099 -0.11999999731779099 0.11999999731779099 0.0 0.0 -0.11999999731779099 0.11999999731779099 0.0 0.0 0.0 0.0 0.0 0.0 0.0 0.0 -0.18000000715255737 0.09000000357627869 0.09000000357627869 0.0 0.0 0.09000000357627869 0.550000011920929 -0.550000011920929 -0.6200000047683716 0.3199999928474426 0.30000001192092896 0.5099999904632568 -0.4699999988079071 0.0 0.09000000357627869 0.09000000357627869 -0.550000011920929
333 0.0 0.0 0.0 0.09000000357627869 0.0 0.09000000357627869 0.09000000357627869 0.0 0.09000000357627869 0.0 -0.18000000715255737 0.09000000357627869 0.09000000357627869 0.20999999344348907 0.05000000074505806 -0.30000001192092896 0.33000001311302185 0.33000001311302185 0.0 -0.5099999904632568 -0.4699999988079071 0.3100000023841858 -0.019999999552965164 0.0 0.09000000357627869 0.5099999904632568 -0.5099999904632568 -0.4699999988079071 0.3100000023841858 0.0 0.09000000357627869 0.0 0.09000000357627869 -0.6600000262260437 0.4300000071525574 -0.27000001072883606 0.09000000357627869 0.09000000357627869 0.0 0.0 -0.5099999904632568 0.0 0.0 0.0 0.09000000357627869 0.0 0.09000000357627869 -0.6600000262260437 0.4300000071525574 -0.27000001072883606 0.09000000357627869 0.09000000357627869 0.09000000357627869 0.0 0.0 -0.6600000262260437 0.4300000071525574 0.09000000357627869 0.09000000357627869 0.09000000357627869 0.09000000357627869 0.09000000357627869 0.0 0.0 -0.27000001072883606 0.0 0.09000000357627869 0.09000000357627869 0.5099999904632568 -0.5099999904632568 0.0 0.09000000357627869 0.0 0.0 -0.18000000715255737 0.09000000357627869 0.09000000357627869 -0.18000000715255737 0.09000000357627869 0.09000000357627869 0.0 0.0 0.0 0.09000000357627869 0.09000000357627869 0.0 0.09000000357627869 0.09000000357627869 0.6200000047683716 -0.7599999904632568 -0.7599999904632568 -0.4699999988079071 0.3100000023841858 0.0 -0.6600000262260437 0.4300000071525574 0.0 -0.5099999904632568 0.0 0.0 0.09000000357627869 -0.27000001072883606 0.09000000357627869 0.5099999904632568 -0.5099999904632568 -0.28999999165534973 0.0 0.09000000357627869 0.09000000357627869 0.0 0.09000000357627869 0.0 0.09000000357627869 0.0 0.0 0.09000000357627869 0.09000000357627869 0.0 0.0 0.09000000357627869 0.0 0.0 0.09000000357627869 0.09000000357627869 0.0 0.0 0.0 0.0 0.0 0.09000000357627869 0.0 0.0 0.0 0.0 0.09000000357627869 0.09000000357627869 0.0 0.09000000357627869 0.0 -0.27000001072883606 0.09000000357627869 0.0 0.0 -0.5099999904632568 0.0 0.0 0.0 0.09000000357627869 0.0 0.0 -0.5099999904632568 0.0 0.0 0.0 0.09000000357627869 -0.18000000715255737 0.09000000357627869 0.09000000357627869 0.5099999904632568 -0.5099999904632568 0.0 0.0 0.0 0.09000000357627869 0.0 0.09000000357627869 -0.6600000262260437 0.4300000071525574 -0.27000001072883606 0.09000000357627869 0.0 0.09000000357627869 0.0 -0.5099999904632568 -0.4699999988079071 0.0 0.0 0.09000000357627869 -0.18000000715255737 0.09000000357627869 0.09000000357627869 0.0 0.0 -0.27000001072883606 0.09000000357627869 0.09000000357627869 0.09000000357627869 0.0 0.0 0.09000000357627869 0.09000000357627869 0.5099999904632568 -0.5099999904632568 0.0 0.3100000023841858 0.0 0.09000000357627869 0.0 0.09000000357627869 -0.6600000262260437 0.4300000071525574 -0.27000001072883606 0.09000000357627869 0.09000000357627869 0.09000000357627869 0.5099999904632568 -0.5099999904632568 -0.28999999165534973 0.0 0.09000000357627869 0.09000000357627869 0.0 0.0 -0.18000000715255737 0.09000000357627869 0.09000000357627869 -0.18000000715255737 0.09000000357627869 0.09000000357627869 0.0 0.0 0.0 0.0 0.0 0.09000000357627869 0.0 0.09000000357627869 0.09000000357627869 0.0 0.09000000357627869 0.09000000357627869 0.550000011920929 -0.550000011920929 -0.6200000047683716 0.3199999928474426 0.30000001192092896 0.5099999904632568 -0.5099999904632568 -0.4699999988079071 0.0 0.0 0.09000000357627869 0.0 0.09000000357627869 0.09000000357627869 0.0 -0.11999999731779099 0.11999999731779099 -0.11999999731779099 0.11999999731779099 0.0 0.0 -0.11999999731779099 0.11999999731779099 0.0 0.0 0.0 0.0 0.0 0.0 0.0 0.0 -0.18000000715255737 0.09000000357627869 0.09000000357627869 0.0 0.0 0.09000000357627869 0.550000011920929 -0.550000011920929 -0.6200000047683716 0.3199999928474426 0.30000001192092896 0.5099999904632568 -0.5099999904632568 -0.4699999988079071 0.0 0.0 0.09000000357627869 0.0 0.09000000357627869 0.09000000357627869 -0.18000000715255737 0.09000000357627869 0.09000000357627869 0.550000011920929 -0.550000011920929 -0.6200000047683716 0.3199999928474426 0.30000001192092896 0.0 -0.5099999904632568 -0.4699999988079071 0.0 0.0 0.0 -0.27000001072883606 0.09000000357627869 0.0 0.09000000357627869 0.0 0.0 0.0 0.0 0.0 0.0 0.0 0.0 0.0 0.0 0.0 0.0 0.0 0.0 0.0
334 0.0 0.0 -0.4699999988079071 0.0 0.0 -0.18000000715255737 0.09000000357627869 0.0 0.0 -0.27000001072883606 0.09000000357627869 0.0 0.0 0.09000000357627869 0.09000000357627869 0.09000000357627869 0.0 -0.5099999904632568 0.0 0.0 0.0 0.09000000357627869 0.0 0.09000000357627869 0.09000000357627869 0.0 0.09000000357627869 0.0 -0.18000000715255737 0.09000000357627869 0.09000000357627869 0.20999999344348907 0.05000000074505806 0.05000000074505806 -0.30000001192092896 0.33000001311302185 0.33000001311302185 0.33000001311302185 0.0 -0.5099999904632568 -0.4699999988079071 0.3100000023841858 -0.019999999552965164 0.0 0.09000000357627869 0.5099999904632568 -0.5099999904632568 -0.4699999988079071 0.3100000023841858 0.0 0.09000000357627869 0.0 0.09000000357627869 -0.6600000262260437 0.4300000071525574 -0.27000001072883606 0.09000000357627869 0.09000000357627869 0.0 0.0 -0.5099999904632568 0.0 0.0 0.0 0.09000000357627869 0.0 0.09000000357627869 -0.6600000262260437 0.4300000071525574 -0.27000001072883606 0.09000000357627869 0.09000000357627869 0.09000000357627869 0.0 0.0 0.0 0.3100000023841858 0.0 0.0 0.0 0.0 0.0 0.0 0.09000000357627869 -0.6600000262260437 0.4300000071525574 -0.27000001072883606 0.09000000357627869 0.09000000357627869 0.0 0.09000000357627869 0.0 0.09000000357627869 0.09000000357627869 0.09000000357627869 0.5099999904632568 -0.5099999904632568 0.0 0.0 0.09000000357627869 0.09000000357627869 0.0 0.09000000357627869 -0.18000000715255737 0.09000000357627869 0.09000000357627869 -0.18000000715255737 0.09000000357627869 0.09000000357627869 0.5099999904632568 -0.5099999904632568 0.0 0.0 0.0 0.09000000357627869 -0.27000001072883606 0.09000000357627869 0.09000000357627869 0.09000000357627869 0.5099999904632568 -0.4699999988079071 0.3100000023841858 0.0 -0.18000000715255737 0.09000000357627869 0.09000000357627869 0.0 0.0 -0.550000011920929 -0.6200000047683716 0.3199999928474426 0.5099999904632568 -0.5099999904632568 0.0 0.0 0.09000000357627869 0.0 -0.27000001072883606 0.09000000357627869 0.09000000357627869 -0.27000001072883606 0.09000000357627869 0.09000000357627869 0.09000000357627869 -0.5099999904632568 0.0 0.0 0.0 -0.27000001072883606 0.0 0.09000000357627869 0.09000000357627869 0.0 0.0 0.09000000357627869 0.09000000357627869 0.0 0.09000000357627869 0.0 0.09000000357627869 0.0 0.0 0.09000000357627869 0.09000000357627869 0.6200000047683716 -0.7599999904632568 -0.7599999904632568 -0.5099999904632568 0.0 0.09000000357627869 0.0 0.09000000357627869 -0.27000001072883606 0.09000000357627869 0.09000000357627869 0.09000000357627869 -0.28999999165534973 0.0 0.09000000357627869 0.09000000357627869 0.0 0.0 0.09000000357627869 0.09000000357627869 0.09000000357627869 0.09000000357627869 0.09000000357627869 -0.5099999904632568 -0.5099999904632568 0.0 0.0 0.0 0.09000000357627869 0.0 0.09000000357627869 -0.6600000262260437 0.4300000071525574 -0.27000001072883606 0.09000000357627869 0.0 0.09000000357627869 0.0 -0.5099999904632568 -0.4699999988079071 0.0 0.0 0.09000000357627869 -0.18000000715255737 0.09000000357627869 0.09000000357627869 0.5099999904632568 -0.5099999904632568 0.0 0.3100000023841858 0.0 0.09000000357627869 0.0 0.09000000357627869 -0.6600000262260437 0.4300000071525574 -0.27000001072883606 0.09000000357627869 0.09000000357627869 0.09000000357627869 0.5099999904632568 -0.5099999904632568 -0.4699999988079071 0.0 0.07000000029802322 0.09000000357627869 0.05000000074505806 0.09000000357627869 0.0 -0.6600000262260437 0.4300000071525574 0.5099999904632568 -0.5099999904632568 0.0 0.0 0.0 0.09000000357627869 0.0 0.09000000357627869 0.09000000357627869 0.0 0.09000000357627869 0.09000000357627869 0.550000011920929 -0.550000011920929 -0.6200000047683716 0.3199999928474426 0.30000001192092896 0.5099999904632568 -0.5099999904632568 -0.4699999988079071 0.0 0.0 0.09000000357627869 0.0 0.09000000357627869 0.09000000357627869 0.0 -0.11999999731779099 0.11999999731779099 -0.11999999731779099 0.11999999731779099 0.0 0.0 -0.11999999731779099 0.11999999731779099 0.0 0.0 0.0 0.0 0.0 0.0 0.0 0.0 -0.18000000715255737 0.09000000357627869 0.09000000357627869 0.0 0.0 0.09000000357627869 0.550000011920929 -0.550000011920929 -0.6200000047683716 0.3199999928474426 0.30000001192092896 0.5099999904632568 -0.5099999904632568 -0.4699999988079071 0.0 0.0 0.09000000357627869 0.0 0.09000000357627869 0.09000000357627869 -0.18000000715255737 0.09000000357627869 0.09000000357627869 0.550000011920929 -0.550000011920929 -0.6200000047683716 0.3199999928474426 0.30000001192092896 0.0 -0.5099999904632568 -0.4699999988079071 0.0 0.0 0.0 -0.27000001072883606 0.09000000357627869 0.0 0.09000000357627869 0.0 0.0 0.0 0.0 0.0 0.0 0.0 0.0 0.0 0.0 0.09000000357627869 0.0 0.0 0.0 0.0 0.0 0.5099999904632568 -0.5099999904632568 0.0 0.0 0.0 0.09000000357627869 0.0 0.5099999904632568 0.0 0.0 0.0 0.0 0.0 0.0 0.09000000357627869 0.09000000357627869 -0.09000000357627869 -0.2199999988079071 0.09000000357627869 0.09000000357627869 0.09000000357627869 0.0
335 0.0 0.0 0.09000000357627869 0.0 -0.5099999904632568 -0.4699999988079071 0.3100000023841858 -0.019999999552965164 0.0 0.09000000357627869 0.5099999904632568 -0.5099999904632568 -0.4699999988079071 0.3100000023841858 0.0 0.09000000357627869 0.0 0.09000000357627869 -0.6600000262260437 0.4300000071525574 -0.27000001072883606 0.09000000357627869 0.09000000357627869 0.0 0.0 0.0 0.0 0.0 0.09000000357627869 -0.6600000262260437 0.4300000071525574 -0.18000000715255737 0.09000000357627869 0.09000000357627869 -0.18000000715255737 0.09000000357627869 0.09000000357627869 0.5099999904632568 -0.5099999904632568 0.09000000357627869 0.3100000023841858 0.09000000357627869 0.0 -0.550000011920929 -0.6200000047683716 0.3199999928474426 -0.5099999904632568 0.0 -0.27000001072883606 0.0 0.09000000357627869 0.09000000357627869 0.0 0.09000000357627869 0.0 0.0 0.0 0.0 0.09000000357627869 0.0 0.0 0.09000000357627869 0.0 0.0 0.0 0.0 0.0 0.09000000357627869 -0.27000001072883606 0.0 0.09000000357627869 0.0 0.09000000357627869 0.0 0.0 0.0 0.09000000357627869 0.0 0.0 0.09000000357627869 0.0 0.0 0.0 0.0 -0.27000001072883606 0.0 0.09000000357627869 0.0 0.09000000357627869 0.0 0.0 0.0 0.0 -0.18000000715255737 0.09000000357627869 0.09000000357627869 -0.5099999904632568 0.0 -0.019999999552965164 0.09000000357627869 0.09000000357627869 0.5099999904632568 -0.5099999904632568 -0.4699999988079071 0.3100000023841858 0.0 0.09000000357627869 0.0 0.09000000357627869 0.0 0.0 0.09000000357627869 0.09000000357627869 0.6200000047683716 -0.7599999904632568 -0.7599999904632568 0.5099999904632568 -0.5099999904632568 -0.4699999988079071 0.3100000023841858 0.0 0.09000000357627869 0.05000000074505806 0.09000000357627869 0.09000000357627869 -0.6600000262260437 0.4300000071525574 0.0 -0.5099999904632568 0.0 0.3100000023841858 0.0 0.09000000357627869 0.0 0.09000000357627869 0.09000000357627869 0.0 0.09000000357627869 0.0 0.0 0.09000000357627869 0.0 -0.27000001072883606 0.09000000357627869 0.09000000357627869 0.09000000357627869 0.5099999904632568 -0.5099999904632568 -0.28999999165534973 0.0 0.09000000357627869 0.09000000357627869 0.0 0.09000000357627869 0.0 0.09000000357627869 0.0 0.0 0.09000000357627869 0.09000000357627869 0.0 -0.5099999904632568 0.0 0.3100000023841858 0.0 0.09000000357627869 0.09000000357627869 0.0 0.0 0.0 0.0 0.09000000357627869 0.0 0.0 0.09000000357627869 -0.2800000011920929 0.09000000357627869 0.09000000357627869 0.6200000047683716 -0.7599999904632568 -0.7599999904632568 0.0 0.0 0.0 0.0 0.0 0.09000000357627869 0.0 0.0 0.0 0.0 0.09000000357627869 0.09000000357627869 0.0 0.09000000357627869 0.0 -0.27000001072883606 0.09000000357627869 0.0 0.0 0.0 -0.5099999904632568 0.0 0.0 0.0 0.09000000357627869 0.5099999904632568 -0.5099999904632568 0.0 0.0 0.0 0.09000000357627869 0.0 0.09000000357627869 -0.6600000262260437 0.4300000071525574 -0.27000001072883606 0.09000000357627869 0.0 0.09000000357627869 0.0 -0.5099999904632568 -0.4699999988079071 0.0 0.0 0.09000000357627869 -0.18000000715255737 0.09000000357627869 0.0 0.09000000357627869 0.5099999904632568 -0.5099999904632568 0.0 0.3100000023841858 0.0 0.09000000357627869 0.0 0.09000000357627869 -0.6600000262260437 -0.27000001072883606 0.09000000357627869 0.09000000357627869 0.09000000357627869 0.5099999904632568 -0.5099999904632568 -0.4699999988079071 0.0 0.07000000029802322 0.09000000357627869 0.05000000074505806 0.09000000357627869 0.0 -0.6600000262260437 0.4300000071525574 0.5099999904632568 -0.5099999904632568 -0.28999999165534973 0.0 0.09000000357627869 0.09000000357627869 0.0 0.0 -0.18000000715255737 0.09000000357627869 0.09000000357627869 -0.18000000715255737 0.09000000357627869 0.09000000357627869 0.0 0.0 -0.4699999988079071 0.0 0.0 0.09000000357627869 0.0 0.09000000357627869 0.09000000357627869 0.0 -0.11999999731779099 0.11999999731779099 -0.11999999731779099 0.11999999731779099 0.0 0.0 -0.11999999731779099 0.11999999731779099 0.0 0.0 0.0 0.0 0.0 0.0 0.0 0.0 -0.18000000715255737 0.09000000357627869 0.09000000357627869 0.0 0.0 0.09000000357627869 0.550000011920929 -0.550000011920929 -0.6200000047683716 0.3199999928474426 0.30000001192092896 0.5099999904632568 -0.5099999904632568 -0.4699999988079071 0.0 0.0 0.09000000357627869 0.0 0.09000000357627869 0.09000000357627869 -0.18000000715255737 0.09000000357627869 0.09000000357627869 0.550000011920929 -0.550000011920929 -0.6200000047683716 0.3199999928474426 0.30000001192092896 0.0 -0.5099999904632568 -0.4699999988079071 0.0 0.0 0.0 -0.27000001072883606 0.09000000357627869 0.0 0.09000000357627869 0.0 0.0 0.0 0.0 0.0 0.0 0.0 0.0 0.0 0.0 0.09000000357627869 0.0 0.0 0.0 0.0 0.0 0.0 0.0 0.0 0.5099999904632568 -0.5099999904632568 0.0 0.0 0.0 0.09000000357627869 0.0 0.5099999904632568 -0.5099999904632568 0.0 0.0 0.0 0.09000000357627869 0.0 0.0 0.09000000357627869 0.0 0.09000000357627869 0.09000000357627869 -0.09000000357627869 -0.2199999988079071 0.09000000357627869 0.09000000357627869 0.09000000357627869 0.0 0.0 0.0 0.0 0.0 0.0 0.0 0.0
336 -0.5099999904632568 -0.019999999552965164 0.0 0.09000000357627869 -0.4699999988079071 0.3100000023841858 0.0 0.0 0.09000000357627869 -0.6600000262260437 0.4300000071525574 -0.27000001072883606 0.09000000357627869 0.09000000357627869 0.0 0.0 0.0 0.0 0.0 0.09000000357627869 0.0 0.09000000357627869 -0.6600000262260437 0.4300000071525574 -0.27000001072883606 0.09000000357627869 0.09000000357627869 0.0 0.09000000357627869 -0.18000000715255737 0.09000000357627869 0.09000000357627869 0.0 0.09000000357627869 0.0 -0.550000011920929 -0.6200000047683716 0.3199999928474426 0.30000001192092896 0.5099999904632568 -0.5099999904632568 0.0 0.0 0.09000000357627869 -0.27000001072883606 0.09000000357627869 0.09000000357627869 0.09000000357627869 0.0 -0.5099999904632568 0.0 0.07000000029802322 0.09000000357627869 0.0 0.0 0.0 0.0 0.0 0.0 0.0 0.09000000357627869 0.0 0.0 0.09000000357627869 0.0 0.09000000357627869 0.09000000357627869 -0.27000001072883606 0.0 0.09000000357627869 0.0 0.0 0.0 0.0 0.0 0.0 -0.27000001072883606 0.0 0.09000000357627869 0.09000000357627869 0.5099999904632568 -0.5099999904632568 0.0 0.0 0.0 0.09000000357627869 0.05000000074505806 0.09000000357627869 0.09000000357627869 -0.6600000262260437 0.4300000071525574 0.5099999904632568 -0.5099999904632568 0.0 0.0 0.0 0.09000000357627869 0.0 0.0 0.09000000357627869 -0.27000001072883606 0.09000000357627869 0.0 -0.5099999904632568 0.0 0.0 0.0 0.0 0.0 0.0 0.0 0.0 0.0 -0.27000001072883606 0.09000000357627869 0.0 0.0 0.0 0.0 0.0 0.0 0.0 0.0 0.0 0.0 0.0 0.09000000357627869 0.0 0.09000000357627869 -0.6600000262260437 0.4300000071525574 -0.27000001072883606 0.09000000357627869 0.09000000357627869 0.09000000357627869 0.0 0.0 0.0 0.0 0.09000000357627869 0.09000000357627869 0.0 0.0 -0.18000000715255737 0.09000000357627869 0.09000000357627869 -0.18000000715255737 0.09000000357627869 0.09000000357627869 0.0 0.0 0.0 0.0 0.0 0.0 -0.18000000715255737 0.09000000357627869 0.09000000357627869 -0.2800000011920929 0.09000000357627869 0.09000000357627869 0.6200000047683716 -0.7599999904632568 -0.7599999904632568 0.5099999904632568 -0.5099999904632568 0.0 0.0 0.0 0.09000000357627869 0.0 0.0 -0.27000001072883606 0.09000000357627869 0.09000000357627869 0.09000000357627869 -0.18000000715255737 0.09000000357627869 0.09000000357627869 -0.27000001072883606 0.09000000357627869 0.09000000357627869 0.09000000357627869 0.0 -0.5099999904632568 0.0 0.0 0.0 0.0 0.0 0.0 0.0 0.0 0.0 0.0 0.0 0.0 0.0 0.0 0.0 0.0 0.0 0.0 0.0 0.0 0.0 -0.27000001072883606 0.0 0.09000000357627869 0.09000000357627869 0.0 0.0 -0.28999999165534973 0.0 0.0 0.09000000357627869 0.0 0.09000000357627869 -0.18000000715255737 -0.18000000715255737 0.09000000357627869 0.09000000357627869 0.0 -0.5099999904632568 0.0 0.0 0.0 0.0 0.0 0.0 0.0 0.0 0.0 0.0 0.0 0.09000000357627869 0.09000000357627869 0.0 0.09000000357627869 0.0 0.0 0.0 0.0 0.0 0.0 0.0 0.09000000357627869 0.0 0.0 0.09000000357627869 0.0 0.0 0.0 0.0 0.0 0.09000000357627869 -0.27000001072883606 0.0 0.09000000357627869 0.0 0.0 -0.5099999904632568 0.0 0.0 0.0 0.0 -0.27000001072883606 0.0 0.09000000357627869 0.0 0.0 0.0 0.09000000357627869 0.09000000357627869 0.0 0.0 0.0 0.09000000357627869 0.0 0.0 0.0 0.09000000357627869 0.0 0.09000000357627869 0.0 0.0 0.0 0.09000000357627869 0.09000000357627869 0.6200000047683716 -0.7599999904632568 -0.7599999904632568 0.0 -0.5099999904632568 0.0 0.3100000023841858 0.0 0.09000000357627869 0.0 0.09000000357627869 0.09000000357627869 0.0 0.09000000357627869 0.0 0.0 0.09000000357627869 0.0 -0.27000001072883606 0.09000000357627869 0.09000000357627869 0.09000000357627869 0.5099999904632568 -0.5099999904632568 -0.28999999165534973 0.0 0.09000000357627869 0.09000000357627869 0.0 0.09000000357627869 0.0 0.09000000357627869 0.0 0.0 0.09000000357627869 0.09000000357627869 0.0 -0.5099999904632568 0.0 0.0 0.0 0.0 0.0 0.0 0.0 -0.27000001072883606 0.09000000357627869 0.09000000357627869 0.5099999904632568 0.0 -0.4699999988079071 0.5099999904632568 0.0 0.0 0.0 0.0 0.09000000357627869 0.0 0.0 0.09000000357627869 0.0 0.0 0.0 0.0 0.0 0.09000000357627869 0.0 0.0 0.0 0.0 0.09000000357627869 0.09000000357627869 0.0 0.09000000357627869 0.0 -0.27000001072883606 0.09000000357627869 0.0 0.0 0.0 -0.5099999904632568 0.0 0.0 0.0 0.09000000357627869 0.0 0.09000000357627869 0.09000000357627869 0.0 0.09000000357627869 0.0 0.550000011920929 -0.6200000047683716 0.30000001192092896 0.0 -0.5099999904632568 0.0 0.0 0.0 0.09000000357627869 -0.18000000715255737 0.09000000357627869 0.5099999904632568 -0.5099999904632568 0.0 0.0 0.0 0.09000000357627869 0.0 0.09000000357627869 -0.6600000262260437 0.4300000071525574 -0.27000001072883606 0.09000000357627869 0.0 0.09000000357627869 0.0 -0.5099999904632568 -0.4699999988079071 0.0 0.0 0.09000000357627869 -0.18000000715255737 0.09000000357627869 0.09000000357627869 0.0 0.0 -0.27000001072883606 0.09000000357627869 0.09000000357627869 0.09000000357627869 0.0 0.0 0.09000000357627869 0.09000000357627869 0.5099999904632568 -0.5099999904632568 0.0 0.3100000023841858 0.0 0.09000000357627869 0.0 0.09000000357627869 -0.6600000262260437 0.4300000071525574 -0.27000001072883606 0.09000000357627869 0.09000000357627869 0.09000000357627869 0.5099999904632568 -0.5099999904632568 -0.4699999988079071 0.0 0.07000000029802322 0.09000000357627869 0.05000000074505806 0.09000000357627869 0.0 -0.6600000262260437 0.4300000071525574 0.5099999904632568 -0.5099999904632568 -0.28999999165534973 0.0 0.09000000357627869 0.09000000357627869 0.0 0.0 -0.18000000715255737 0.09000000357627869 0.09000000357627869 -0.18000000715255737 0.09000000357627869 0.09000000357627869 0.0 0.0 0.0 0.0 0.0 0.09000000357627869 0.0 0.09000000357627869 0.09000000357627869 0.0 0.09000000357627869 0.09000000357627869 0.550000011920929 -0.550000011920929 -0.6200000047683716 0.3199999928474426 0.30000001192092896 0.5099999904632568 -0.5099999904632568 0.0 0.0 0.0 0.0 -0.18000000715255737 0.09000000357627869 0.09000000357627869 0.0 0.0 0.09000000357627869 0.550000011920929 -0.550000011920929 -0.6200000047683716 0.3199999928474426 0.30000001192092896 0.5099999904632568 -0.5099999904632568 -0.4699999988079071 0.0 0.0 0.09000000357627869 0.0 0.09000000357627869 0.09000000357627869 -0.18000000715255737 0.09000000357627869 0.09000000357627869 0.550000011920929 -0.550000011920929 -0.6200000047683716 0.3199999928474426 0.30000001192092896 0.0 -0.5099999904632568 -0.4699999988079071 0.0 0.0 0.0 -0.27000001072883606 0.09000000357627869 0.0 0.09000000357627869 0.0 0.0 0.0 0.0 0.0 0.0 0.0 0.0 0.0 0.0 0.09000000357627869 0.0 0.0 0.0 0.0 0.0 0.0 0.0 0.0 0.5099999904632568 -0.5099999904632568 0.0 0.0 0.0 0.09000000357627869 0.0 0.5099999904632568 -0.5099999904632568 0.0 0.0 0.0 0.09000000357627869 0.0 0.0 0.09000000357627869 0.0 0.09000000357627869 0.09000000357627869 -0.09000000357627869 -0.2199999988079071 0.09000000357627869 0.09000000357627869 0.09000000357627869 0.0 -0.5099999904632568 0.0 0.0 0.0 0.0 0.0 0.0 0.0 0.0 0.0 0.11999999731779099 0.0 0.11999999731779099 0.0 0.0 0.0 0.0 0.0 0.0 0.0 0.0 0.0 0.0 0.0 0.0 0.09000000357627869 0.0 0.0 0.0 0.0 0.09000000357627869 0.0 0.0 0.0 0.0
337 0.0 0.0 0.0 -0.18000000715255737 0.0 0.0 -0.27000001072883606 0.09000000357627869 0.0 0.0 0.09000000357627869 0.09000000357627869 0.0 -0.5099999904632568 0.0 0.0 0.0 0.09000000357627869 0.0 0.09000000357627869 0.09000000357627869 0.0 0.09000000357627869 0.0 -0.18000000715255737 0.09000000357627869 0.09000000357627869 0.0 -0.5099999904632568 -0.4699999988079071 0.3100000023841858 -0.019999999552965164 0.0 0.09000000357627869 0.5099999904632568 -0.5099999904632568 -0.4699999988079071 0.3100000023841858 0.0 0.09000000357627869 0.0 0.09000000357627869 -0.6600000262260437 0.4300000071525574 -0.27000001072883606 0.09000000357627869 0.09000000357627869 0.0 0.0 -0.5099999904632568 0.0 0.0 0.0 0.09000000357627869 0.0 0.09000000357627869 -0.6600000262260437 0.4300000071525574 -0.27000001072883606 0.09000000357627869 0.09000000357627869 0.09000000357627869 0.0 0.0 0.0 0.3100000023841858 0.0 0.0 0.0 0.09000000357627869 0.0 -0.27000001072883606 0.09000000357627869 0.0 0.09000000357627869 0.0 -0.5099999904632568 0.0 0.0 0.0 0.09000000357627869 0.0 0.09000000357627869 -0.6600000262260437 0.4300000071525574 -0.27000001072883606 0.09000000357627869 0.09000000357627869 0.09000000357627869 0.09000000357627869 0.09000000357627869 0.0 -0.18000000715255737 0.09000000357627869 -0.18000000715255737 0.09000000357627869 0.09000000357627869 0.5099999904632568 -0.5099999904632568 0.0 0.0 0.09000000357627869 -0.27000001072883606 0.09000000357627869 0.09000000357627869 0.09000000357627869 0.5099999904632568 -0.4699999988079071 0.3100000023841858 -0.019999999552965164 0.09000000357627869 -0.5099999904632568 -0.4699999988079071 0.0 0.09000000357627869 0.0 0.5099999904632568 -0.5099999904632568 -0.4699999988079071 0.09000000357627869 0.5099999904632568 -0.5099999904632568 -0.4699999988079071 0.3100000023841858 0.0 0.09000000357627869 0.0 0.0 -0.4699999988079071 0.0 0.0 0.09000000357627869 -0.18000000715255737 0.09000000357627869 0.09000000357627869 0.0 0.09000000357627869 0.09000000357627869 0.0 -0.550000011920929 -0.6200000047683716 0.3199999928474426 0.30000001192092896 0.5099999904632568 -0.5099999904632568 0.0 0.0 0.0 0.09000000357627869 0.0 0.09000000357627869 -0.27000001072883606 0.09000000357627869 0.09000000357627869 0.09000000357627869 -0.27000001072883606 0.09000000357627869 0.09000000357627869 0.09000000357627869 0.0 -0.5099999904632568 0.0 0.0 0.07000000029802322 0.09000000357627869 -0.2800000011920929 0.09000000357627869 0.09000000357627869 -0.7599999904632568 0.0 0.0 0.0 0.0 0.0 0.0 0.0 0.09000000357627869 0.0 0.0 0.09000000357627869 0.0 0.0 0.09000000357627869 0.09000000357627869 -0.27000001072883606 0.0 0.0 0.0 0.0 0.0 0.0 0.0 -0.27000001072883606 0.0 0.09000000357627869 0.09000000357627869 0.5099999904632568 -0.5099999904632568 0.0 0.0 0.0 0.09000000357627869 0.05000000074505806 0.09000000357627869 0.09000000357627869 -0.6600000262260437 0.4300000071525574 0.5099999904632568 -0.5099999904632568 0.0 0.0 0.0 0.09000000357627869 0.0 0.0 0.0 0.0 0.0 0.0 0.0 0.0 0.0 -0.27000001072883606 0.09000000357627869 0.0 0.0 0.0 0.0 0.0 0.0 0.09000000357627869 0.09000000357627869 0.0 0.0 0.0 0.09000000357627869 0.09000000357627869 0.0 0.0 -0.18000000715255737 0.09000000357627869 0.09000000357627869 -0.18000000715255737 0.09000000357627869 0.09000000357627869 0.0 0.0 0.0 0.0 0.0 0.0 0.0 0.0 0.0 0.09000000357627869 0.0 0.0 0.0 0.0 0.0 0.09000000357627869 -0.27000001072883606 0.0 0.09000000357627869 0.0 0.0 0.09000000357627869 0.0 0.0 0.09000000357627869 0.0 0.09000000357627869 0.0 0.09000000357627869 0.09000000357627869 0.6200000047683716 -0.7599999904632568 -0.7599999904632568 0.09000000357627869 0.0 0.09000000357627869 -0.27000001072883606 0.09000000357627869 0.09000000357627869 0.09000000357627869 0.0 0.09000000357627869 0.09000000357627869 0.0 0.0 0.0 0.09000000357627869 0.09000000357627869 0.0 0.09000000357627869 0.0 0.0 0.0 0.09000000357627869 0.09000000357627869 0.0 0.09000000357627869 0.0 0.0 -0.5099999904632568 0.0 0.0 0.0 0.09000000357627869 0.0 0.09000000357627869 -0.6600000262260437 0.4300000071525574 -0.27000001072883606 0.09000000357627869 0.0 0.09000000357627869 0.0 -0.5099999904632568 -0.4699999988079071 0.0 0.0 0.09000000357627869 -0.18000000715255737 0.09000000357627869 0.09000000357627869 0.0 0.0 0.0 0.09000000357627869 0.09000000357627869 0.5099999904632568 -0.5099999904632568 0.0 0.3100000023841858 0.0 0.09000000357627869 0.0 0.09000000357627869 -0.6600000262260437 0.4300000071525574 -0.27000001072883606 0.09000000357627869 0.09000000357627869 0.09000000357627869 0.5099999904632568 -0.5099999904632568 -0.4699999988079071 0.0 0.07000000029802322 0.09000000357627869 0.05000000074505806 0.09000000357627869 0.0 -0.6600000262260437 0.4300000071525574 0.5099999904632568 -0.5099999904632568 -0.28999999165534973 0.0 0.09000000357627869 0.09000000357627869 0.0 0.0 -0.18000000715255737 0.09000000357627869 0.09000000357627869 -0.18000000715255737 0.09000000357627869 0.09000000357627869 0.0 0.0 0.0 0.0 0.0 0.09000000357627869 0.0 0.09000000357627869 0.09000000357627869 0.0 0.09000000357627869 0.09000000357627869 0.550000011920929 -0.550000011920929 -0.6200000047683716 0.3199999928474426 0.30000001192092896 0.5099999904632568 -0.5099999904632568 -0.4699999988079071 0.0 0.0 0.09000000357627869 0.0 0.09000000357627869 0.09000000357627869 0.0 -0.11999999731779099 0.11999999731779099 -0.11999999731779099 0.11999999731779099 0.0 0.0 -0.11999999731779099 0.11999999731779099 0.0 0.0 0.0 0.0 -0.4699999988079071 0.0 0.0 0.09000000357627869 0.0 0.09000000357627869 0.09000000357627869 -0.18000000715255737 0.09000000357627869 0.09000000357627869 0.550000011920929 -0.550000011920929 -0.6200000047683716 0.3199999928474426 0.30000001192092896 0.0 -0.5099999904632568 -0.4699999988079071 0.0 0.0 0.0 -0.27000001072883606 0.09000000357627869 0.0 0.09000000357627869 0.0 0.0 0.0 0.0 0.0 0.0 0.0 0.0 0.0 0.0 0.09000000357627869 0.0 0.0 0.0 0.0 0.0 0.0 0.0 0.0 0.5099999904632568 -0.5099999904632568 0.0 0.0 0.0 0.09000000357627869 0.0 0.5099999904632568 -0.5099999904632568 0.0 0.0 0.0 0.09000000357627869 0.0 0.0 0.09000000357627869 0.0 0.09000000357627869 0.09000000357627869 -0.09000000357627869 -0.2199999988079071 0.09000000357627869 0.09000000357627869 0.09000000357627869 0.0 -0.5099999904632568 0.0 0.0 0.0 0.0 0.0 0.0 0.0 0.0 0.0 0.11999999731779099 0.0 0.0 0.0 0.0 0.0 0.0 0.0 0.0 0.0 0.0 0.09000000357627869 -0.6600000262260437 0.4300000071525574 0.5099999904632568 -0.4699999988079071 0.0 -0.27000001072883606 0.09000000357627869 0.09000000357627869
338 0.0 -0.5099999904632568 -0.4699999988079071 0.3100000023841858 -0.019999999552965164 0.0 0.09000000357627869 0.5099999904632568 -0.5099999904632568 -0.4699999988079071 0.3100000023841858 0.0 0.09000000357627869 0.0 0.09000000357627869 -0.6600000262260437 0.4300000071525574 -0.27000001072883606 0.09000000357627869 0.09000000357627869 0.0 0.0 -0.5099999904632568 0.0 0.0 0.0 0.0 0.09000000357627869 -0.6600000262260437 0.4300000071525574 0.0 0.0 -0.5099999904632568 0.0 0.09000000357627869 0.0 0.09000000357627869 0.09000000357627869 0.5099999904632568 -0.5099999904632568 0.0 0.0 0.09000000357627869 0.09000000357627869 0.0 0.09000000357627869 -0.18000000715255737 0.09000000357627869 0.09000000357627869 -0.18000000715255737 0.09000000357627869 0.09000000357627869 0.5099999904632568 -0.5099999904632568 0.0 0.0 0.0 0.09000000357627869 -0.27000001072883606 0.09000000357627869 0.09000000357627869 0.09000000357627869 0.5099999904632568 -0.5099999904632568 -0.4699999988079071 0.3100000023841858 -0.019999999552965164 0.09000000357627869 0.09000000357627869 0.0 -0.5099999904632568 0.0 0.0 0.09000000357627869 0.09000000357627869 0.3100000023841858 0.5099999904632568 -0.5099999904632568 -0.4699999988079071 0.3100000023841858 0.0 0.09000000357627869 0.0 0.5099999904632568 -0.5099999904632568 0.0 0.0 -0.4699999988079071 0.0 0.0 0.09000000357627869 -0.18000000715255737 0.09000000357627869 0.09000000357627869 0.0 0.09000000357627869 0.09000000357627869 0.0 -0.550000011920929 -0.6200000047683716 0.3199999928474426 0.30000001192092896 0.5099999904632568 -0.5099999904632568 0.0 0.0 0.0 0.09000000357627869 0.0 -0.27000001072883606 0.09000000357627869 -0.27000001072883606 0.09000000357627869 0.09000000357627869 0.09000000357627869 0.0 -0.5099999904632568 0.0 0.09000000357627869 0.0 0.0 0.09000000357627869 0.09000000357627869 0.0 0.0 0.0 0.0 0.0 -0.27000001072883606 0.0 0.09000000357627869 0.09000000357627869 0.5099999904632568 -0.5099999904632568 0.0 0.0 0.0 0.09000000357627869 0.0 0.0 0.0 0.0 0.0 0.09000000357627869 -0.27000001072883606 0.0 0.09000000357627869 0.0 0.09000000357627869 0.0 0.09000000357627869 0.0 0.0 0.0 0.0 0.09000000357627869 0.0 0.0 0.0 0.0 0.0 0.0 0.09000000357627869 0.0 0.0 0.0 0.0 0.0 -0.18000000715255737 0.09000000357627869 0.09000000357627869 0.0 -0.11999999731779099 0.11999999731779099 0.5099999904632568 -0.5099999904632568 0.0 0.0 0.0 0.0 -0.18000000715255737 0.09000000357627869 0.09000000357627869 0.0 0.0 -0.27000001072883606 0.0 0.0 0.09000000357627869 0.0 0.09000000357627869 0.0 0.0 0.5099999904632568 -0.5099999904632568 -0.28999999165534973 0.0 0.0 0.09000000357627869 0.0 0.09000000357627869 -0.18000000715255737 0.09000000357627869 0.09000000357627869 -0.18000000715255737 0.09000000357627869 0.09000000357627869 0.5099999904632568 -0.5099999904632568 -0.4699999988079071 -0.4699999988079071 0.0 -0.019999999552965164 0.09000000357627869 0.09000000357627869 0.5099999904632568 -0.5099999904632568 -0.4699999988079071 0.3100000023841858 0.0 0.09000000357627869 0.0 0.09000000357627869 0.0 0.0 0.09000000357627869 0.09000000357627869 0.6200000047683716 -0.7599999904632568 -0.7599999904632568 0.5099999904632568 -0.5099999904632568 -0.4699999988079071 0.3100000023841858 0.0 0.09000000357627869 -0.6600000262260437 0.0 -0.5099999904632568 0.0 0.3100000023841858 0.0 0.09000000357627869 0.0 0.09000000357627869 0.09000000357627869 0.0 0.09000000357627869 0.0 0.0 0.09000000357627869 0.0 -0.27000001072883606 0.09000000357627869 0.09000000357627869 0.09000000357627869 0.5099999904632568 -0.28999999165534973 0.0 0.09000000357627869 0.09000000357627869 0.0 0.0 0.0 0.0 0.09000000357627869 0.09000000357627869 0.09000000357627869 0.09000000357627869 0.09000000357627869 -0.27000001072883606 0.09000000357627869 0.0 0.09000000357627869 0.0 -0.5099999904632568 0.09000000357627869 0.5099999904632568 -0.5099999904632568 0.0 0.0 0.09000000357627869 0.5099999904632568 -0.5099999904632568 -0.4699999988079071 0.0 0.07000000029802322 0.09000000357627869 0.05000000074505806 0.09000000357627869 0.0 -0.6600000262260437 0.4300000071525574 0.5099999904632568 -0.5099999904632568 -0.28999999165534973 0.0 0.09000000357627869 0.09000000357627869 0.0 0.0 -0.18000000715255737 0.09000000357627869 0.09000000357627869 -0.18000000715255737 0.09000000357627869 0.09000000357627869 0.0 0.0 0.0 0.0 0.0 0.09000000357627869 0.0 0.09000000357627869 0.09000000357627869 0.0 0.09000000357627869 0.09000000357627869 0.550000011920929 -0.550000011920929 -0.6200000047683716 0.3199999928474426 0.30000001192092896 0.5099999904632568 -0.5099999904632568 -0.4699999988079071 0.0 0.0 0.09000000357627869 0.0 0.09000000357627869 0.09000000357627869 0.0 -0.11999999731779099 0.11999999731779099 -0.11999999731779099 0.11999999731779099 0.0 0.0 -0.11999999731779099 0.11999999731779099 0.0 0.0 0.0 0.0 0.0 0.0 0.0 0.0 -0.18000000715255737 0.09000000357627869 0.09000000357627869 0.0 0.0 0.09000000357627869 0.550000011920929 -0.550000011920929 -0.6200000047683716 0.3199999928474426 0.30000001192092896 0.5099999904632568 -0.5099999904632568 -0.4699999988079071 0.0 0.0 0.0 -0.27000001072883606 0.09000000357627869 0.0 0.09000000357627869 0.0 0.0 0.0 0.0 0.0 0.0 0.0 0.0 0.0 0.0 0.09000000357627869 0.0 0.0 0.0 0.0 0.0 0.0 0.0 0.0 0.5099999904632568 -0.5099999904632568 0.0 0.0 0.0 0.09000000357627869 0.0 0.5099999904632568 -0.5099999904632568 0.0 0.0 0.0 0.09000000357627869 0.0 0.0 0.09000000357627869 0.0 0.09000000357627869 0.09000000357627869 -0.09000000357627869 -0.2199999988079071 0.09000000357627869 0.09000000357627869 0.09000000357627869 0.0 -0.5099999904632568 0.0 0.0 0.0 0.0 0.0 0.0 0.0 0.0 0.0 0.11999999731779099 0.0 0.0 0.0 0.0 0.0 0.0 0.0 0.0 0.0 0.0 0.0 0.09000000357627869 -0.6600000262260437 0.4300000071525574 0.5099999904632568 0.0 -0.4699999988079071 0.0 0.0 0.09000000357627869 -0.27000001072883606 0.09000000357627869 0.09000000357627869 0.09000000357627869 0.5099999904632568 -0.4699999988079071 0.0 0.0 0.09000000357627869 0.0 0.0
339 0.3100000023841858 0.0 0.09000000357627869 0.4300000071525574 -0.27000001072883606 0.09000000357627869 0.09000000357627869 0.0 -0.5099999904632568 0.09000000357627869 0.3100000023841858 -0.4699999988079071 0.0 0.09000000357627869 -0.18000000715255737 0.09000000357627869 0.09000000357627869 0.0 0.09000000357627869 0.09000000357627869 0.0 -0.550000011920929 -0.6200000047683716 0.3199999928474426 0.30000001192092896 0.5099999904632568 -0.5099999904632568 0.09000000357627869 0.0 0.0 0.09000000357627869 0.0 0.0 0.0 0.0 0.09000000357627869 0.09000000357627869 0.0 0.0 0.0 0.0 0.0 0.0 -0.27000001072883606 0.0 0.09000000357627869 0.09000000357627869 0.0 0.0 0.0 -0.27000001072883606 0.09000000357627869 0.0 0.0 0.0 0.0 0.0 -0.18000000715255737 0.09000000357627869 0.09000000357627869 0.0 0.0 0.0 0.0 0.0 0.0 0.0 0.0 0.0 0.0 0.0 0.0 0.0 0.0 0.0 0.0 0.0 0.0 0.0 0.0 0.0 0.0 0.0 0.0 0.0 0.0 0.0 0.0 0.0 0.0 0.0 0.0 0.0 0.0 0.0 0.0 0.0 0.09000000357627869 0.0 0.0 0.09000000357627869 0.0 0.0 0.0 0.0 0.0 0.09000000357627869 -0.27000001072883606 0.0 0.09000000357627869 0.0 0.0 -0.5099999904632568 0.0 0.0 0.0 0.0 0.0 0.5099999904632568 0.0 0.0 0.0 0.0 0.0 0.0 0.0 0.0 0.0 0.09000000357627869 0.0 0.0 0.0 0.09000000357627869 0.0 0.0 0.0 0.0 0.0 0.0 0.0 0.09000000357627869 0.09000000357627869 -0.18000000715255737 0.09000000357627869 0.0 0.550000011920929 -0.550000011920929 0.0 0.3199999928474426 0.0 0.0 0.0 0.0 0.09000000357627869 0.0 -0.5099999904632568 0.0 0.0 0.0 0.09000000357627869 0.0 0.0 0.0 0.0 0.09000000357627869 0.0 0.0 0.0 0.0 0.0 0.0 0.09000000357627869 0.0 0.0 0.0 0.0 0.0 0.0 0.0 0.0 0.09000000357627869 0.0 0.0 0.0 0.09000000357627869 -0.18000000715255737 0.09000000357627869 0.09000000357627869 0.0 -0.11999999731779099 0.11999999731779099 0.5099999904632568 -0.5099999904632568 0.0 0.0 0.0 0.0 -0.18000000715255737 0.09000000357627869 0.09000000357627869 0.0 0.0 -0.27000001072883606 0.0 0.0 0.09000000357627869 0.0 0.09000000357627869 0.0 0.0 0.5099999904632568 -0.28999999165534973 0.0 0.0 0.09000000357627869 -0.18000000715255737 0.09000000357627869 0.09000000357627869 0.0 0.09000000357627869 0.0 0.09000000357627869 0.0 0.0 0.09000000357627869 0.09000000357627869 0.6200000047683716 -0.7599999904632568 -0.7599999904632568 0.5099999904632568 -0.5099999904632568 -0.4699999988079071 0.3100000023841858 0.0 0.09000000357627869 0.05000000074505806 0.09000000357627869 -0.6600000262260437 0.0 -0.5099999904632568 0.0 0.3100000023841858 0.0 0.09000000357627869 0.0 0.09000000357627869 0.09000000357627869 0.0 0.09000000357627869 0.0 0.0 0.09000000357627869 0.0 -0.27000001072883606 0.09000000357627869 0.09000000357627869 0.09000000357627869 0.5099999904632568 -0.5099999904632568 -0.28999999165534973 0.0 0.09000000357627869 0.09000000357627869 0.0 0.09000000357627869 0.0 0.09000000357627869 0.0 0.0 0.09000000357627869 0.09000000357627869 0.0 -0.5099999904632568 0.0 0.3100000023841858 0.0 0.09000000357627869 0.09000000357627869 0.0 0.0 0.0 0.0 0.0 0.09000000357627869 0.0 0.0 0.0 0.0 0.09000000357627869 0.09000000357627869 0.0 0.09000000357627869 0.0 -0.27000001072883606 0.09000000357627869 0.0 0.0 0.0 -0.5099999904632568 0.0 0.0 0.09000000357627869 -0.6600000262260437 0.4300000071525574 -0.27000001072883606 0.09000000357627869 0.0 0.09000000357627869 0.0 -0.5099999904632568 0.09000000357627869 0.09000000357627869 -0.4699999988079071 0.0 0.07000000029802322 0.09000000357627869 0.05000000074505806 0.09000000357627869 0.0 -0.6600000262260437 0.4300000071525574 0.5099999904632568 -0.5099999904632568 -0.28999999165534973 0.0 0.09000000357627869 0.09000000357627869 0.0 0.0 -0.18000000715255737 0.09000000357627869 0.09000000357627869 -0.18000000715255737 0.09000000357627869 0.09000000357627869 0.0 0.0 0.0 0.0 0.0 0.09000000357627869 0.0 0.09000000357627869 0.09000000357627869 0.0 0.09000000357627869 0.09000000357627869 0.550000011920929 -0.550000011920929 -0.6200000047683716 0.3199999928474426 0.30000001192092896 0.5099999904632568 -0.5099999904632568 -0.4699999988079071 0.0 0.0 0.09000000357627869 0.0 0.09000000357627869 0.09000000357627869 0.0 -0.11999999731779099 0.11999999731779099 -0.11999999731779099 0.11999999731779099 0.0 0.0 -0.11999999731779099 0.11999999731779099 0.0 0.0 0.0 0.0 0.0 0.0 0.0 0.0 -0.18000000715255737 0.09000000357627869 0.09000000357627869 0.0 0.0 0.09000000357627869 0.550000011920929 -0.550000011920929 -0.6200000047683716 0.3199999928474426 0.30000001192092896 0.5099999904632568 -0.5099999904632568 -0.4699999988079071 0.0 0.0 0.09000000357627869 0.0 0.09000000357627869 0.09000000357627869 -0.18000000715255737 0.09000000357627869 0.09000000357627869 0.550000011920929 -0.550000011920929 -0.6200000047683716 0.3199999928474426 0.30000001192092896 0.0 -0.5099999904632568 0.0 0.0 0.0 0.0 0.0 0.0 0.0 0.0 0.09000000357627869 0.0 0.0 0.0 0.0 0.0 0.0 0.0 0.0 0.5099999904632568 -0.5099999904632568 0.0 0.0 0.0 0.09000000357627869 0.0 0.5099999904632568 -0.5099999904632568 0.0 0.0 0.0 0.09000000357627869 0.0 0.0 0.09000000357627869 0.0 0.09000000357627869 0.09000000357627869 -0.09000000357627869 -0.2199999988079071 0.09000000357627869 0.09000000357627869 0.09000000357627869 0.0 -0.5099999904632568 0.0 0.0 0.0 0.0 0.0 0.0 0.0 0.0 0.0 0.11999999731779099 0.0 0.11999999731779099 0.0 0.0 0.0 0.0 0.0 0.0 0.0 0.0 0.0 0.0 0.0 0.0 0.0 0.0 0.09000000357627869 -0.6600000262260437 0.4300000071525574 0.5099999904632568 0.0 -0.4699999988079071 0.0 0.0 0.09000000357627869 -0.27000001072883606 0.09000000357627869 0.09000000357627869 0.09000000357627869 0.5099999904632568 -0.5099999904632568 -0.4699999988079071 0.0 0.0 0.09000000357627869 0.0 0.09000000357627869 0.0 0.09000000357627869 0.0 0.0 0.0 0.0 0.0 0.0 0.0 0.0 0.09000000357627869 0.09000000357627869 0.0 0.09000000357627869 0.0 0.0 0.0 0.09000000357627869 0.0 0.09000000357627869 0.0 0.0 0.09000000357627869
34 0.0 0.09000000357627869 0.0 0.0 0.09000000357627869 0.0 0.09000000357627869 0.20999999344348907 0.05000000074505806 0.05000000074505806 -0.30000001192092896 0.33000001311302185 0.33000001311302185 0.0 0.0 0.0 0.0 0.0 0.0 0.0 0.0 0.0 0.0 0.0 0.0 -0.09000000357627869 0.0 -0.5099999904632568 0.0 0.3100000023841858 0.0 0.09000000357627869 0.05000000074505806 0.09000000357627869 0.09000000357627869 -0.6600000262260437 0.4300000071525574 0.0 0.0 -0.4699999988079071 0.3100000023841858 0.0 0.0 -0.18000000715255737 0.09000000357627869 0.09000000357627869 0.0 0.0 -0.27000001072883606 0.09000000357627869 0.0 0.09000000357627869 0.0 0.09000000357627869 0.09000000357627869 0.09000000357627869 0.0 -0.5099999904632568 -0.4699999988079071 0.3100000023841858 -0.019999999552965164 0.0 0.09000000357627869 0.5099999904632568 -0.5099999904632568 -0.4699999988079071 0.3100000023841858 0.0 0.09000000357627869 0.0 0.09000000357627869 -0.6600000262260437 0.4300000071525574 -0.27000001072883606 0.09000000357627869 0.09000000357627869 0.0 0.0 -0.5099999904632568 0.0 0.0 0.0 0.09000000357627869 0.0 0.09000000357627869 -0.6600000262260437 0.4300000071525574 -0.27000001072883606 0.09000000357627869 0.09000000357627869 0.09000000357627869 0.0 0.0 0.0 0.3100000023841858 0.0 0.0 0.0 0.09000000357627869 0.0 0.09000000357627869 0.0 0.09000000357627869 -0.27000001072883606 0.09000000357627869 0.0 0.09000000357627869 0.0 -0.5099999904632568 0.0 0.0 0.0 0.09000000357627869 0.0 0.09000000357627869 -0.6600000262260437 0.4300000071525574 -0.27000001072883606 0.09000000357627869 0.09000000357627869 0.09000000357627869 0.0 -0.5099999904632568 0.0 0.0 0.09000000357627869 0.09000000357627869 0.0 0.0 -0.18000000715255737 0.09000000357627869 0.09000000357627869 -0.18000000715255737 0.09000000357627869 0.09000000357627869 0.5099999904632568 -0.5099999904632568 -0.4699999988079071 0.0 0.0 0.09000000357627869 0.0 0.09000000357627869 0.09000000357627869 0.6200000047683716 -0.7599999904632568 -0.7599999904632568 0.0 0.0 0.0 0.3100000023841858 0.0 -0.18000000715255737 0.09000000357627869 0.0 0.09000000357627869 0.09000000357627869 -0.18000000715255737 0.09000000357627869 0.20999999344348907 0.05000000074505806 0.05000000074505806 -0.30000001192092896 0.33000001311302185 0.33000001311302185 0.0 0.0 -0.18000000715255737 0.09000000357627869 0.20000000298023224 0.09000000357627869 -0.699999988079071 0.4399999976158142 0.6399999856948853 -0.800000011920929 0.46000000834465027 -0.800000011920929 0.46000000834465027 0.46000000834465027 -0.7599999904632568 -0.5099999904632568 0.09000000357627869 0.3100000023841858 0.0 0.0 0.0 0.0 0.11999999731779099 0.0 0.11999999731779099 0.3199999928474426 -0.5099999904632568 0.0 0.09000000357627869 0.0 0.09000000357627869 0.0 0.09000000357627869 0.09000000357627869 0.09000000357627869 -0.27000001072883606 0.09000000357627869 0.09000000357627869 0.5099999904632568 0.0 0.0 0.09000000357627869 0.09000000357627869 0.0 0.09000000357627869 -0.18000000715255737 0.09000000357627869 0.09000000357627869 -0.18000000715255737 0.09000000357627869 0.09000000357627869 0.5099999904632568 -0.5099999904632568 0.0 0.0 0.0 0.09000000357627869 -0.27000001072883606 0.09000000357627869 0.09000000357627869 0.09000000357627869 0.09000000357627869 -0.27000001072883606 0.09000000357627869 0.09000000357627869 0.09000000357627869 -0.27000001072883606 0.09000000357627869 0.09000000357627869 0.0 0.3100000023841858 0.0 0.09000000357627869 0.0 0.09000000357627869 -0.6600000262260437 0.4300000071525574 -0.27000001072883606 0.09000000357627869 0.09000000357627869 0.09000000357627869 0.5099999904632568 -0.5099999904632568 -0.4699999988079071 0.0 0.07000000029802322 0.09000000357627869 0.05000000074505806 0.09000000357627869 0.0 -0.6600000262260437 0.4300000071525574 0.5099999904632568 -0.5099999904632568 -0.28999999165534973 0.0 0.09000000357627869 0.09000000357627869 0.0 0.0 -0.18000000715255737 0.09000000357627869 0.09000000357627869 -0.18000000715255737 0.09000000357627869 0.09000000357627869 0.0 0.0 0.0 0.0 0.0 0.09000000357627869 0.0 0.09000000357627869 0.0 0.0 0.0 0.0 -0.18000000715255737 0.09000000357627869 0.09000000357627869 0.0 0.0 0.09000000357627869 0.550000011920929 -0.550000011920929 -0.6200000047683716 0.3199999928474426 0.30000001192092896 0.5099999904632568 -0.4699999988079071 0.0 -0.18000000715255737 0.09000000357627869 0.09000000357627869 0.550000011920929 -0.550000011920929
340 0.3100000023841858 0.0 0.09000000357627869 -0.6600000262260437 0.4300000071525574 -0.27000001072883606 0.09000000357627869 0.09000000357627869 0.0 -0.6600000262260437 0.4300000071525574 -0.5099999904632568 0.0 0.09000000357627869 0.0 0.5099999904632568 -0.5099999904632568 0.5099999904632568 -0.5099999904632568 -0.4699999988079071 0.3100000023841858 0.0 0.09000000357627869 0.0 0.09000000357627869 0.09000000357627869 -0.18000000715255737 0.0 0.09000000357627869 0.550000011920929 -0.550000011920929 0.30000001192092896 0.0 0.0 -0.4699999988079071 0.0 0.0 0.09000000357627869 -0.18000000715255737 0.09000000357627869 0.09000000357627869 0.0 0.09000000357627869 0.09000000357627869 0.0 -0.550000011920929 -0.6200000047683716 0.3199999928474426 0.30000001192092896 0.5099999904632568 -0.5099999904632568 0.0 0.0 0.0 0.09000000357627869 0.0 0.09000000357627869 -0.27000001072883606 0.09000000357627869 0.09000000357627869 0.09000000357627869 -0.27000001072883606 0.09000000357627869 0.09000000357627869 0.09000000357627869 0.0 -0.5099999904632568 0.0 0.0 0.07000000029802322 0.09000000357627869 -0.2800000011920929 0.09000000357627869 0.09000000357627869 0.6200000047683716 -0.7599999904632568 -0.7599999904632568 0.0 0.0 0.0 0.0 0.0 0.0 0.0 0.09000000357627869 0.0 0.0 0.09000000357627869 0.0 0.0 0.09000000357627869 0.09000000357627869 -0.27000001072883606 0.09000000357627869 0.0 0.09000000357627869 0.0 0.0 0.0 0.0 0.0 0.0 -0.27000001072883606 0.0 0.09000000357627869 0.09000000357627869 0.5099999904632568 -0.5099999904632568 0.0 0.0 0.0 0.09000000357627869 0.05000000074505806 0.09000000357627869 0.09000000357627869 -0.6600000262260437 0.4300000071525574 0.5099999904632568 -0.5099999904632568 0.0 0.0 0.0 0.09000000357627869 0.0 0.0 0.0 0.09000000357627869 0.09000000357627869 0.0 -0.27000001072883606 0.09000000357627869 0.09000000357627869 0.09000000357627869 0.0 -0.5099999904632568 0.0 0.0 0.0 0.0 0.0 0.0 0.0 0.0 0.0 -0.27000001072883606 0.09000000357627869 0.0 0.0 0.0 0.0 0.0 0.0 0.0 0.0 0.0 0.0 0.0 0.09000000357627869 0.0 0.09000000357627869 -0.6600000262260437 0.4300000071525574 -0.27000001072883606 0.09000000357627869 0.09000000357627869 0.09000000357627869 0.0 0.0 0.0 0.0 0.09000000357627869 0.09000000357627869 0.0 0.0 -0.18000000715255737 0.09000000357627869 0.09000000357627869 -0.18000000715255737 0.09000000357627869 0.09000000357627869 0.0 0.0 0.0 0.0 0.0 0.0 0.5099999904632568 -0.5099999904632568 0.0 0.0 0.0 0.09000000357627869 0.0 0.0 -0.27000001072883606 0.09000000357627869 0.09000000357627869 0.09000000357627869 -0.18000000715255737 0.09000000357627869 -0.27000001072883606 0.09000000357627869 0.09000000357627869 0.09000000357627869 0.0 -0.5099999904632568 0.0 0.0 0.0 0.0 0.0 0.0 0.0 0.0 0.0 0.0 0.0 0.0 0.0 0.0 0.0 0.0 0.0 0.0 0.0 0.0 0.0 -0.27000001072883606 0.0 0.09000000357627869 0.0 0.0 -0.28999999165534973 0.0 0.0 0.0 0.0 0.0 0.0 0.0 0.0 0.0 0.0 0.0 0.0 0.0 0.09000000357627869 0.09000000357627869 0.0 0.09000000357627869 0.0 0.0 0.0 0.0 0.0 0.0 0.0 0.09000000357627869 0.0 0.0 0.09000000357627869 0.0 0.0 0.0 0.0 0.0 0.09000000357627869 -0.27000001072883606 0.0 0.09000000357627869 0.0 0.0 -0.5099999904632568 0.0 0.0 0.0 0.0 0.0 0.09000000357627869 0.0 0.0 0.0 0.09000000357627869 0.0 0.09000000357627869 0.0 0.09000000357627869 0.0 0.0 0.0 0.0 0.09000000357627869 0.0 0.0 0.0 0.0 0.0 0.0 0.09000000357627869 0.0 0.09000000357627869 0.09000000357627869 0.0 0.0 0.09000000357627869 0.09000000357627869 0.6200000047683716 -0.7599999904632568 0.0 0.09000000357627869 0.0 0.09000000357627869 0.0 0.09000000357627869 0.0 0.0 0.09000000357627869 0.0 -0.27000001072883606 0.09000000357627869 0.09000000357627869 0.09000000357627869 -0.28999999165534973 0.0 0.09000000357627869 0.09000000357627869 0.0 0.09000000357627869 0.09000000357627869 0.09000000357627869 0.0 0.0 0.0 0.09000000357627869 0.09000000357627869 0.0 0.09000000357627869 -0.27000001072883606 0.09000000357627869 0.0 0.0 -0.5099999904632568 0.0 -0.5099999904632568 0.09000000357627869 0.09000000357627869 -0.5099999904632568 -0.4699999988079071 0.0 0.07000000029802322 0.05000000074505806 0.0 -0.6600000262260437 0.5099999904632568 -0.5099999904632568 -0.28999999165534973 0.0 0.0 -0.18000000715255737 0.09000000357627869 0.09000000357627869 0.0 0.0 0.0 0.0 0.0 0.09000000357627869 0.0 0.09000000357627869 0.09000000357627869 0.0 0.09000000357627869 0.09000000357627869 0.550000011920929 -0.550000011920929 0.5099999904632568 -0.5099999904632568 -0.4699999988079071 0.0 0.0 0.09000000357627869 0.0 0.09000000357627869 0.09000000357627869 0.0 -0.11999999731779099 0.11999999731779099 -0.11999999731779099 0.11999999731779099 0.0 0.0 -0.11999999731779099 0.11999999731779099 0.0 0.0 0.0 0.0 0.0 0.0 0.0 0.0 -0.18000000715255737 0.09000000357627869 0.09000000357627869 0.0 0.0 0.09000000357627869 0.550000011920929 -0.550000011920929 -0.6200000047683716 0.3199999928474426 0.30000001192092896 0.5099999904632568 -0.5099999904632568 -0.4699999988079071 0.0 0.0 0.09000000357627869 0.0 0.09000000357627869 0.09000000357627869 -0.18000000715255737 0.09000000357627869 0.09000000357627869 0.550000011920929 -0.550000011920929 -0.6200000047683716 0.3199999928474426 0.30000001192092896 0.0 -0.5099999904632568 -0.4699999988079071 0.0 0.0 0.0 -0.27000001072883606 0.09000000357627869 0.0 0.09000000357627869 0.0 0.0 0.0 0.0 0.0 0.09000000357627869 0.0 0.5099999904632568 -0.5099999904632568 0.0 0.0 0.0 0.09000000357627869 0.0 0.0 0.09000000357627869 0.0 0.09000000357627869 0.09000000357627869 -0.09000000357627869 -0.2199999988079071 0.09000000357627869 0.09000000357627869 0.09000000357627869 0.0 -0.5099999904632568 0.0 0.0 0.0 0.0 0.0 0.0 0.0 0.0 0.0 0.11999999731779099 0.0 0.11999999731779099 0.0 0.0 0.0 0.0 0.0 0.0 0.0 0.0 0.0 0.0 0.0 0.0 0.0 0.0 0.09000000357627869 -0.6600000262260437 0.4300000071525574 0.5099999904632568 0.0 -0.4699999988079071 0.0 0.0 0.09000000357627869 -0.27000001072883606 0.09000000357627869 0.09000000357627869 0.09000000357627869 0.5099999904632568 -0.5099999904632568 -0.4699999988079071 0.0 0.0 0.09000000357627869 0.0 0.09000000357627869 0.0 0.09000000357627869 0.0 0.0 0.0 0.0 0.0 0.0 0.0 0.0 0.0 0.0 0.0 0.0 0.0 0.0 0.0 0.0 0.0 0.09000000357627869 0.09000000357627869 0.0 0.0 0.0 0.0 -0.27000001072883606 0.09000000357627869 0.09000000357627869 0.0 0.09000000357627869 0.0 0.0 0.09000000357627869 0.0 0.0 0.09000000357627869 0.0 0.09000000357627869 0.0 0.0 0.0 0.0 -0.09000000357627869 0.0 0.0 0.0 0.0 0.0 0.0 0.0 0.0 0.09000000357627869 0.0 0.09000000357627869 0.0 0.09000000357627869 -0.27000001072883606 0.09000000357627869 0.0 0.09000000357627869 0.0 0.0 0.0 0.09000000357627869 0.0 0.0 0.0 0.0 0.0 0.0 0.0 0.0 0.0 0.0 0.0 0.0 0.0 0.0 0.0 0.0 0.0 -0.27000001072883606 0.0 0.09000000357627869 0.09000000357627869 0.0 0.0 0.0 0.0 0.09000000357627869 0.0 0.0 0.0 -0.09000000357627869 0.0 0.0 0.0 0.0 0.0
341 0.3100000023841858 0.0 0.09000000357627869 -0.6600000262260437 0.4300000071525574 -0.27000001072883606 0.09000000357627869 0.09000000357627869 0.0 -0.5099999904632568 0.0 0.09000000357627869 -0.27000001072883606 0.09000000357627869 0.09000000357627869 0.5099999904632568 -0.4699999988079071 0.3100000023841858 -0.019999999552965164 0.09000000357627869 0.09000000357627869 0.0 -0.5099999904632568 0.0 0.09000000357627869 -0.4699999988079071 0.3100000023841858 -0.019999999552965164 0.09000000357627869 0.09000000357627869 0.5099999904632568 -0.5099999904632568 -0.4699999988079071 0.3100000023841858 0.0 0.09000000357627869 0.0 0.5099999904632568 -0.5099999904632568 -0.4699999988079071 0.3100000023841858 0.0 0.09000000357627869 0.5099999904632568 -0.5099999904632568 -0.4699999988079071 0.3100000023841858 0.0 0.09000000357627869 0.0 0.09000000357627869 0.09000000357627869 -0.18000000715255737 0.0 0.09000000357627869 0.550000011920929 -0.550000011920929 -0.6200000047683716 0.30000001192092896 0.0 0.0 -0.4699999988079071 0.0 0.0 0.09000000357627869 -0.18000000715255737 0.09000000357627869 0.09000000357627869 0.0 0.09000000357627869 0.09000000357627869 0.0 -0.550000011920929 -0.6200000047683716 0.3199999928474426 0.30000001192092896 0.5099999904632568 -0.5099999904632568 0.0 0.0 0.0 0.09000000357627869 0.0 0.09000000357627869 -0.27000001072883606 0.09000000357627869 0.09000000357627869 -0.27000001072883606 0.09000000357627869 0.09000000357627869 0.09000000357627869 0.0 -0.5099999904632568 0.0 0.0 0.07000000029802322 0.09000000357627869 -0.2800000011920929 0.09000000357627869 0.09000000357627869 0.0 0.0 0.0 0.0 0.0 0.0 0.0 0.09000000357627869 0.0 0.0 0.09000000357627869 0.0 0.0 0.09000000357627869 0.09000000357627869 -0.27000001072883606 0.09000000357627869 0.0 0.09000000357627869 0.0 0.0 0.0 0.0 0.0 0.0 -0.27000001072883606 0.0 0.09000000357627869 0.09000000357627869 0.5099999904632568 -0.5099999904632568 0.0 0.0 0.0 0.0 0.0 0.0 0.0 0.0 -0.27000001072883606 0.09000000357627869 0.0 0.0 0.0 0.0 0.0 0.0 0.0 0.0 0.0 0.0 0.0 0.09000000357627869 0.0 0.0 0.0 0.0 0.0 0.09000000357627869 -0.27000001072883606 0.0 0.09000000357627869 0.0 0.09000000357627869 0.0 0.0 0.09000000357627869 0.0 0.0 0.0 0.0 0.09000000357627869 0.0 0.0 0.0 0.0 0.0 0.0 0.09000000357627869 0.0 0.0 0.0 0.0 0.0 0.09000000357627869 -0.18000000715255737 0.09000000357627869 0.09000000357627869 0.0 -0.11999999731779099 0.11999999731779099 -0.11999999731779099 0.11999999731779099 0.10999999940395355 -0.11999999731779099 0.11999999731779099 -0.11999999731779099 0.11999999731779099 0.5099999904632568 -0.5099999904632568 0.0 0.0 0.0 0.09000000357627869 0.0 0.0 0.0 0.09000000357627869 0.09000000357627869 0.6200000047683716 -0.7599999904632568 0.0 0.09000000357627869 0.0 -0.27000001072883606 0.09000000357627869 0.09000000357627869 0.09000000357627869 0.5099999904632568 -0.5099999904632568 -0.28999999165534973 0.0 0.0 -0.18000000715255737 0.09000000357627869 0.09000000357627869 0.0 0.0 0.0 0.0 0.0 0.09000000357627869 0.0 0.09000000357627869 0.09000000357627869 0.09000000357627869 0.5099999904632568 -0.5099999904632568 -0.4699999988079071 0.0 0.0 0.09000000357627869 0.0 0.09000000357627869 0.09000000357627869 0.0 -0.11999999731779099 0.11999999731779099 -0.11999999731779099 0.11999999731779099 0.0 0.0 -0.11999999731779099 0.11999999731779099 0.0 0.0 0.0 0.0 0.0 0.0 0.0 0.0 -0.18000000715255737 0.09000000357627869 0.09000000357627869 0.0 0.0 0.09000000357627869 0.550000011920929 -0.550000011920929 -0.6200000047683716 0.3199999928474426 0.30000001192092896 0.5099999904632568 -0.5099999904632568 -0.4699999988079071 0.0 0.0 0.09000000357627869 0.0 0.09000000357627869 0.09000000357627869 -0.18000000715255737 0.09000000357627869 0.09000000357627869 0.550000011920929 -0.550000011920929 -0.6200000047683716 0.3199999928474426 0.30000001192092896 0.0 -0.5099999904632568 -0.4699999988079071 0.0 0.0 0.0 -0.27000001072883606 0.09000000357627869 0.0 0.09000000357627869 0.0 0.0 0.0 0.0 0.0 0.0 0.0 0.0 0.0 0.0 0.09000000357627869 0.0 0.0 0.0 0.0 0.0 0.0 0.0 0.0 0.5099999904632568 -0.5099999904632568 0.0 0.0 0.0 0.09000000357627869 0.0 0.0 0.09000000357627869 0.0 0.09000000357627869 0.09000000357627869 -0.09000000357627869 -0.2199999988079071 0.09000000357627869 0.09000000357627869 0.09000000357627869 0.0 -0.5099999904632568 0.0 0.0 0.0 0.0 0.0 0.0 0.0 0.0 0.0 0.11999999731779099 0.0 0.11999999731779099 0.0 0.0 0.0 0.0 0.0 0.0 0.0 0.0 0.0 0.0 0.0 0.0 0.0 0.0 0.09000000357627869 -0.6600000262260437 0.4300000071525574 0.5099999904632568 0.0 -0.4699999988079071 0.0 0.0 0.09000000357627869 -0.27000001072883606 0.09000000357627869 0.09000000357627869 0.09000000357627869 0.5099999904632568 -0.5099999904632568 -0.4699999988079071 0.0 0.0 0.09000000357627869 0.0 0.09000000357627869 0.0 0.09000000357627869 0.0 0.0 0.0 0.0 0.0 0.0 0.0 0.0 0.0 0.0 0.0 0.0 0.0 0.0 0.09000000357627869 0.09000000357627869 0.0 0.0 0.0 0.0 0.0 0.0 -0.27000001072883606 0.09000000357627869 0.09000000357627869 0.09000000357627869 0.5099999904632568 -0.4699999988079071 0.0 0.09000000357627869 0.0 0.09000000357627869 0.09000000357627869 0.0 0.09000000357627869 0.0 0.0 0.0 0.09000000357627869 0.0 0.09000000357627869 0.0 0.09000000357627869 -0.27000001072883606 0.09000000357627869 0.0 0.09000000357627869 0.0
342 -0.27000001072883606 0.09000000357627869 0.09000000357627869 0.5099999904632568 -0.5099999904632568 0.0 0.0 0.09000000357627869 0.5099999904632568 -0.4699999988079071 0.3100000023841858 -0.019999999552965164 0.09000000357627869 0.09000000357627869 0.0 -0.5099999904632568 0.0 0.09000000357627869 0.3100000023841858 -0.019999999552965164 0.09000000357627869 0.5099999904632568 -0.5099999904632568 -0.4699999988079071 0.0 0.09000000357627869 0.0 0.5099999904632568 -0.5099999904632568 0.09000000357627869 0.0 0.0 0.0 -0.4699999988079071 0.0 0.0 0.09000000357627869 -0.18000000715255737 0.09000000357627869 0.09000000357627869 0.0 0.09000000357627869 0.09000000357627869 0.0 -0.550000011920929 -0.6200000047683716 0.3199999928474426 0.30000001192092896 0.5099999904632568 -0.5099999904632568 0.0 0.0 0.09000000357627869 0.0 0.0 0.09000000357627869 0.0 0.0 0.09000000357627869 0.0 0.0 0.09000000357627869 0.09000000357627869 0.0 0.0 0.0 0.0 0.0 0.0 -0.27000001072883606 0.0 0.09000000357627869 0.09000000357627869 -0.27000001072883606 0.09000000357627869 0.0 0.0 0.0 0.0 0.0 0.0 0.0 0.0 0.09000000357627869 0.0 0.0 0.09000000357627869 0.0 0.0 0.0 0.0 0.0 0.09000000357627869 -0.27000001072883606 0.0 0.09000000357627869 0.0 -0.5099999904632568 0.0 0.0 0.0 0.0 0.0 0.0 0.09000000357627869 0.0 0.0 0.0 0.09000000357627869 0.0 0.0 0.0 0.0 0.0 0.0 0.0 0.09000000357627869 -0.18000000715255737 0.09000000357627869 0.0 0.0 0.0 -0.4699999988079071 0.0 -0.5099999904632568 0.0 0.0 0.0 0.09000000357627869 0.0 0.0 0.09000000357627869 0.0 0.09000000357627869 0.09000000357627869 0.0 -0.5099999904632568 0.0 0.0 0.0 0.09000000357627869 0.0 0.0 0.0 0.0 0.09000000357627869 0.0 0.0 0.0 0.0 0.0 0.0 0.09000000357627869 0.0 0.0 0.0 0.0 0.0 0.0 0.0 0.0 0.09000000357627869 0.09000000357627869 0.0 0.0 -0.27000001072883606 0.09000000357627869 0.09000000357627869 0.09000000357627869 0.5099999904632568 -0.5099999904632568 -0.28999999165534973 0.0 0.0 0.09000000357627869 0.0 0.09000000357627869 -0.18000000715255737 0.09000000357627869 -0.18000000715255737 0.09000000357627869 0.09000000357627869 0.0 -0.5099999904632568 0.0 0.0 0.0 0.09000000357627869 -0.18000000715255737 0.09000000357627869 0.09000000357627869 0.0 -0.11999999731779099 0.11999999731779099 -0.11999999731779099 0.11999999731779099 0.10999999940395355 -0.5400000214576721 0.4300000071525574 -0.11999999731779099 0.11999999731779099 -0.11999999731779099 0.11999999731779099 0.5099999904632568 -0.5099999904632568 0.0 0.0 0.0 0.0 -0.18000000715255737 0.09000000357627869 0.09000000357627869 0.0 0.0 -0.27000001072883606 0.0 0.0 0.09000000357627869 0.0 0.09000000357627869 0.0 0.0 0.5099999904632568 -0.5099999904632568 -0.28999999165534973 0.0 0.0 0.09000000357627869 0.0 0.09000000357627869 -0.18000000715255737 0.09000000357627869 0.09000000357627869 -0.18000000715255737 0.09000000357627869 0.09000000357627869 0.5099999904632568 -0.5099999904632568 -0.4699999988079071 0.3100000023841858 0.0 0.09000000357627869 0.05000000074505806 0.5099999904632568 -0.5099999904632568 -0.4699999988079071 0.0 -0.019999999552965164 0.09000000357627869 0.09000000357627869 0.5099999904632568 -0.5099999904632568 -0.4699999988079071 0.3100000023841858 0.0 0.09000000357627869 0.0 0.09000000357627869 0.0 0.0 0.09000000357627869 0.09000000357627869 0.6200000047683716 -0.7599999904632568 -0.7599999904632568 0.5099999904632568 -0.5099999904632568 -0.4699999988079071 0.3100000023841858 0.0 0.09000000357627869 0.05000000074505806 0.09000000357627869 0.09000000357627869 -0.6600000262260437 0.0 -0.5099999904632568 0.0 0.3100000023841858 0.0 0.09000000357627869 0.0 0.09000000357627869 0.09000000357627869 0.0 0.09000000357627869 0.0 0.0 0.09000000357627869 0.0 -0.27000001072883606 0.09000000357627869 0.09000000357627869 0.09000000357627869 0.5099999904632568 -0.5099999904632568 -0.28999999165534973 0.0 0.09000000357627869 0.09000000357627869 0.0 0.0 -0.18000000715255737 0.09000000357627869 0.09000000357627869 0.0 0.0 0.0 0.0 0.0 0.09000000357627869 0.0 0.09000000357627869 0.09000000357627869 0.0 0.09000000357627869 0.09000000357627869 0.550000011920929 -0.550000011920929 -0.6200000047683716 0.3199999928474426 0.30000001192092896 0.5099999904632568 -0.5099999904632568 -0.4699999988079071 0.0 0.0 0.09000000357627869 0.0 0.09000000357627869 0.09000000357627869 0.0 -0.11999999731779099 0.11999999731779099 -0.11999999731779099 0.11999999731779099 0.0 -0.11999999731779099 0.11999999731779099 0.0 0.0 0.0 0.0 0.0 0.0 0.0 0.0 -0.18000000715255737 0.09000000357627869 0.09000000357627869 0.0 0.0 0.09000000357627869 0.5099999904632568 -0.5099999904632568 -0.4699999988079071 0.0 0.0 0.09000000357627869 0.0 0.09000000357627869 0.09000000357627869 -0.18000000715255737 0.09000000357627869 0.09000000357627869 0.550000011920929 -0.550000011920929 -0.6200000047683716 0.3199999928474426 0.30000001192092896 0.0 -0.5099999904632568 -0.4699999988079071 0.0 0.0 0.0 -0.27000001072883606 0.09000000357627869 0.0 0.09000000357627869 0.0 0.0 0.0 0.0 0.0 0.0 0.0 0.0 0.0 0.0 0.09000000357627869 0.0 0.0 0.0 0.0 0.0 0.0 0.0 0.0 0.5099999904632568 -0.5099999904632568 0.0 0.0 0.0 0.09000000357627869 0.0 0.5099999904632568 -0.5099999904632568 0.0 0.0 0.0 0.0 0.0 0.0 0.0 0.0 0.0 0.11999999731779099 0.0 0.11999999731779099 0.0 0.0 0.0 0.0 0.0 0.0 0.0 0.0 0.0 0.0 0.0 0.0 0.0 0.0 0.09000000357627869 -0.6600000262260437 0.4300000071525574 0.5099999904632568 0.0 -0.4699999988079071 0.0 0.0 0.09000000357627869 -0.27000001072883606 0.09000000357627869 0.09000000357627869 0.09000000357627869 0.5099999904632568 -0.5099999904632568 -0.4699999988079071 0.0 0.0 0.09000000357627869 0.0 0.09000000357627869 0.0 0.09000000357627869 0.0 0.0 0.0 0.0 0.0 0.0 0.0 0.0 0.0 0.0 0.0 0.0 0.0 0.0 0.0 0.0 0.0 0.09000000357627869 0.09000000357627869 0.0 0.0 0.0 0.0 0.0 0.0 -0.27000001072883606 0.09000000357627869 0.09000000357627869 0.09000000357627869 0.5099999904632568 -0.5099999904632568 -0.4699999988079071 0.0 0.0 0.09000000357627869 0.05000000074505806 0.09000000357627869 0.09000000357627869 0.0 0.0 0.5099999904632568 0.0 0.0 0.0 0.0 0.0 -0.18000000715255737 0.09000000357627869 0.0 -0.18000000715255737 0.09000000357627869 0.550000011920929 -0.550000011920929 0.5099999904632568 0.0 0.0 0.0 0.0 0.0 0.09000000357627869 0.0 0.0 0.09000000357627869 0.0 0.0 0.09000000357627869 0.09000000357627869 0.0 0.09000000357627869 0.0 0.0 0.0 0.0 0.0 0.0 0.0 0.09000000357627869 0.0 0.09000000357627869 -0.27000001072883606 0.09000000357627869 0.0 0.09000000357627869
343 0.09000000357627869 -0.18000000715255737 0.0 0.0 0.0 -0.4699999988079071 0.0 0.0 0.09000000357627869 -0.18000000715255737 0.09000000357627869 0.09000000357627869 0.0 0.09000000357627869 0.09000000357627869 0.0 -0.550000011920929 -0.6200000047683716 0.3199999928474426 0.30000001192092896 0.5099999904632568 -0.5099999904632568 0.0 0.0 0.0 0.0 0.0 0.0 0.09000000357627869 0.0 0.0 0.09000000357627869 0.0 0.0 0.09000000357627869 0.09000000357627869 -0.27000001072883606 0.09000000357627869 0.0 0.09000000357627869 0.0 0.0 0.0 0.0 0.0 0.0 -0.27000001072883606 0.0 0.09000000357627869 0.09000000357627869 0.5099999904632568 0.0 0.0 0.0 0.0 0.09000000357627869 0.09000000357627869 0.0 -0.5099999904632568 0.0 0.0 0.0 0.0 0.0 0.0 0.0 0.0 0.0 -0.27000001072883606 0.09000000357627869 0.0 0.0 0.0 0.0 0.0 0.0 0.0 0.0 0.0 0.0 0.0 0.0 0.0 0.09000000357627869 0.0 0.0 -0.27000001072883606 0.09000000357627869 0.09000000357627869 0.09000000357627869 0.09000000357627869 0.09000000357627869 0.0 -0.5099999904632568 0.0 0.0 0.0 0.0 0.0 0.0 0.0 0.0 0.0 0.0 0.0 0.0 0.0 0.0 0.0 0.0 0.0 0.0 0.0 0.0 0.0 0.0 0.0 -0.28999999165534973 0.0 0.0 0.0 0.09000000357627869 -0.18000000715255737 0.09000000357627869 -0.18000000715255737 0.09000000357627869 0.0 -0.5099999904632568 0.0 0.0 0.0 0.0 0.0 0.0 0.0 0.0 0.0 0.0 0.0 0.09000000357627869 0.09000000357627869 0.0 0.09000000357627869 0.0 0.0 0.0 0.0 0.0 0.0 0.0 0.09000000357627869 0.0 0.0 0.09000000357627869 0.0 0.0 0.0 0.0 0.0 0.09000000357627869 -0.27000001072883606 0.0 0.09000000357627869 0.0 0.0 -0.5099999904632568 0.0 0.0 0.0 0.0 0.09000000357627869 0.5099999904632568 0.0 0.0 0.0 0.09000000357627869 0.0 0.09000000357627869 0.0 0.550000011920929 -0.550000011920929 -0.6200000047683716 0.3199999928474426 0.30000001192092896 0.0 0.0 -0.4699999988079071 0.0 0.0 0.0 0.0 0.09000000357627869 0.0 -0.5099999904632568 0.0 0.0 0.0 0.0 0.0 0.0 0.0 0.0 0.09000000357627869 0.0 0.0 0.0 0.09000000357627869 0.0 0.0 0.0 0.0 0.0 0.0 0.0 0.0 0.09000000357627869 0.09000000357627869 -0.18000000715255737 0.09000000357627869 0.0 0.550000011920929 0.0 0.0 0.0 0.0 -0.4699999988079071 0.0 0.0 0.0 0.0 0.0 0.09000000357627869 0.0 0.0 0.09000000357627869 0.0 0.09000000357627869 0.09000000357627869 0.20000000298023224 0.09000000357627869 0.46000000834465027 0.0 -0.5099999904632568 0.0 0.0 0.0 0.09000000357627869 0.0 0.0 0.0 0.0 0.09000000357627869 0.0 0.0 0.0 0.0 0.0 0.0 0.09000000357627869 0.0 0.0 0.0 0.0 0.0 0.0 0.09000000357627869 0.0 0.0 0.0 0.09000000357627869 -0.18000000715255737 0.09000000357627869 0.09000000357627869 0.0 -0.11999999731779099 0.11999999731779099 -0.11999999731779099 0.11999999731779099 0.10999999940395355 -0.5400000214576721 0.4300000071525574 -0.11999999731779099 0.11999999731779099 -0.11999999731779099 0.11999999731779099 0.5099999904632568 -0.5099999904632568 0.0 0.0 0.0 0.0 0.0 0.0 -0.27000001072883606 0.0 0.0 0.0 0.09000000357627869 0.0 0.0 -0.7599999904632568 0.09000000357627869 0.0 0.09000000357627869 0.0 0.09000000357627869 0.0 0.0 0.09000000357627869 0.0 -0.27000001072883606 0.09000000357627869 0.09000000357627869 0.09000000357627869 0.09000000357627869 0.0 0.0 0.09000000357627869 0.09000000357627869 -0.27000001072883606 0.09000000357627869 0.0 0.0 0.0 0.0 0.09000000357627869 0.5099999904632568 -0.5099999904632568 -0.4699999988079071 0.0 0.09000000357627869 0.0 0.09000000357627869 0.0 -0.11999999731779099 0.11999999731779099 -0.11999999731779099 0.11999999731779099 0.0 0.0 -0.11999999731779099 0.11999999731779099 0.0 0.0 0.0 0.0 0.0 0.0 0.0 0.0 -0.18000000715255737 0.09000000357627869 0.09000000357627869 0.0 0.5099999904632568 -0.5099999904632568 -0.4699999988079071 0.0 0.0 0.09000000357627869 0.0 0.09000000357627869 0.09000000357627869 -0.18000000715255737 0.09000000357627869 0.09000000357627869 0.0 -0.5099999904632568 -0.4699999988079071 0.0 0.0 0.0 -0.27000001072883606 0.09000000357627869 0.0 0.09000000357627869 0.0 0.0 0.0 0.0 0.0 0.0 0.0 0.0 0.0 0.0 0.09000000357627869 0.0 0.0 0.0 0.0 0.0 0.0 0.0 0.0 0.5099999904632568 -0.5099999904632568 0.0 0.0 0.0 0.09000000357627869 0.0 0.5099999904632568 -0.5099999904632568 0.0 0.0 0.0 0.09000000357627869 0.0 0.0 0.09000000357627869 0.0 0.09000000357627869 0.09000000357627869 -0.09000000357627869 -0.2199999988079071 0.09000000357627869 0.09000000357627869 0.09000000357627869 0.0 -0.5099999904632568 0.0 0.0 0.0 0.0 0.0 0.0 0.09000000357627869 -0.6600000262260437 0.4300000071525574 0.5099999904632568 0.0 -0.4699999988079071 0.0 0.0 0.09000000357627869 -0.27000001072883606 0.09000000357627869 0.09000000357627869 0.09000000357627869 0.5099999904632568 -0.5099999904632568 -0.4699999988079071 0.0 0.0 0.09000000357627869 0.0 0.09000000357627869 0.0 0.09000000357627869 0.0 0.0 0.0 0.0 0.0 0.0 0.0 0.0 0.0 0.0 0.0 0.0 0.0 0.0 0.0 0.0 0.0 0.09000000357627869 0.09000000357627869 0.0 0.0 0.0 0.0 0.0 0.0 -0.27000001072883606 0.09000000357627869 0.09000000357627869 0.09000000357627869 0.5099999904632568 -0.5099999904632568 -0.4699999988079071 0.0 0.0 0.09000000357627869 0.05000000074505806 0.09000000357627869 0.09000000357627869 0.0 0.0 0.5099999904632568 -0.5099999904632568 0.0 0.0 0.0 0.09000000357627869 0.0 0.5099999904632568 -0.5099999904632568 0.0 0.0 0.0 0.09000000357627869 -0.18000000715255737 0.09000000357627869 0.0 -0.18000000715255737 0.09000000357627869 0.550000011920929 -0.550000011920929 0.5099999904632568 -0.5099999904632568 0.0 0.0 0.0 0.0 0.0 0.09000000357627869 0.0 0.0 0.09000000357627869 0.0 0.0 0.09000000357627869 0.09000000357627869 0.0 0.09000000357627869 0.0 0.0 0.0 0.0 0.0 0.3100000023841858 0.0 0.0 0.0 0.0 0.0 0.0 0.09000000357627869 0.5099999904632568 0.0 0.0 0.0 0.09000000357627869 0.0 0.0 0.0 0.0 0.09000000357627869 -0.27000001072883606 0.09000000357627869 0.0 0.0 -0.27000001072883606 0.09000000357627869 0.09000000357627869 0.09000000357627869 0.0 0.0 0.0 0.0 0.0 0.0 0.0 0.0 0.0 0.0 0.0 0.0 -0.09000000357627869 0.0 0.0 0.0 0.0 0.0 0.0 0.0 0.0 0.0 0.09000000357627869 0.0 0.0 0.0 0.09000000357627869 0.0 0.0 0.09000000357627869 0.0 -0.11999999731779099 0.11999999731779099 -0.11999999731779099 0.11999999731779099 -0.11999999731779099 0.0 0.0 0.0 -0.11999999731779099 0.11999999731779099 0.5099999904632568 -0.4699999988079071 0.0 0.0 0.09000000357627869 0.0 0.0 0.0 0.0 0.0 0.0 0.0 0.0 0.0 -0.27000001072883606 0.09000000357627869 0.0 0.09000000357627869 0.0 0.0 0.0 0.0 0.0 0.0 0.0 0.0 0.0 -0.4699999988079071 0.0 0.0 0.0 0.0 0.0 0.0 0.0 0.0 0.0 0.0 0.0 0.0 0.0 0.0 0.0 0.0 0.0 0.09000000357627869 0.0 0.0 0.0 0.0 0.0 0.0 0.0 0.0 0.0 0.0 0.0 0.09000000357627869 0.0 0.5099999904632568 -0.5099999904632568 0.0 0.0 0.0 -0.5099999904632568 0.0 0.3100000023841858 0.0 0.0 0.0 0.09000000357627869 0.0 0.09000000357627869 0.0 0.09000000357627869 -0.27000001072883606 0.09000000357627869 0.0 0.09000000357627869 0.0 0.0 0.0 0.3100000023841858 0.0 0.09000000357627869 0.0 -0.5099999904632568 0.0 -0.5099999904632568 0.0 0.0 0.0 0.0 0.0 0.09000000357627869 0.0 0.0 0.0 0.0 0.0 0.0 0.0 0.0 0.0 0.0 0.0 0.0 0.0 0.0 0.0 0.0 0.0 0.0 -0.27000001072883606 0.0 0.09000000357627869 0.09000000357627869 0.0 0.0 -0.4699999988079071 0.0 0.0 0.0 0.0 0.0 0.0 0.0 0.0 0.09000000357627869 0.0 0.0 0.0 -0.09000000357627869 0.0 0.0 0.0 0.0
344 0.3100000023841858 -0.019999999552965164 0.09000000357627869 0.09000000357627869 0.5099999904632568 -0.5099999904632568 -0.4699999988079071 0.3100000023841858 0.0 0.09000000357627869 0.0 0.5099999904632568 -0.5099999904632568 -0.4699999988079071 0.3100000023841858 0.0 0.09000000357627869 0.05000000074505806 0.09000000357627869 -0.6600000262260437 0.4300000071525574 0.5099999904632568 -0.5099999904632568 -0.4699999988079071 0.3100000023841858 0.0 0.09000000357627869 0.0 0.09000000357627869 0.09000000357627869 -0.18000000715255737 0.0 0.09000000357627869 0.550000011920929 -0.550000011920929 -0.6200000047683716 0.3199999928474426 0.30000001192092896 0.0 0.0 -0.4699999988079071 0.0 0.0 0.09000000357627869 -0.18000000715255737 0.09000000357627869 0.09000000357627869 0.0 0.09000000357627869 0.09000000357627869 0.0 -0.550000011920929 -0.6200000047683716 0.3199999928474426 0.30000001192092896 0.5099999904632568 -0.5099999904632568 0.0 0.0 0.0 0.09000000357627869 0.0 0.09000000357627869 -0.27000001072883606 0.09000000357627869 0.09000000357627869 0.0 -0.5099999904632568 0.0 0.0 0.07000000029802322 0.09000000357627869 -0.2800000011920929 0.09000000357627869 0.09000000357627869 0.6200000047683716 -0.7599999904632568 0.0 0.0 0.0 0.0 0.0 0.0 0.0 0.09000000357627869 0.0 0.0 0.09000000357627869 0.0 0.0 0.09000000357627869 0.09000000357627869 -0.27000001072883606 0.09000000357627869 0.0 0.09000000357627869 0.0 0.0 0.0 0.0 0.0 0.0 -0.27000001072883606 0.0 0.09000000357627869 0.09000000357627869 0.5099999904632568 0.0 0.0 0.0 0.0 0.0 0.09000000357627869 0.09000000357627869 0.0 0.0 0.0 0.0 0.0 0.0 0.0 0.0 0.0 -0.27000001072883606 0.09000000357627869 0.0 0.0 0.0 0.0 0.0 0.0 0.0 0.0 0.0 0.0 0.0 0.0 0.0 0.0 0.0 0.0 0.0 0.0 0.0 0.0 0.09000000357627869 0.0 0.0 0.0 0.0 0.0 0.0 0.09000000357627869 -0.27000001072883606 0.0 0.09000000357627869 0.0 0.0 0.0 0.09000000357627869 0.0 0.09000000357627869 0.0 0.0 0.09000000357627869 -0.5099999904632568 0.0 0.0 0.09000000357627869 0.0 0.0 0.0 0.0 0.09000000357627869 0.0 0.0 0.0 0.0 0.0 0.0 0.09000000357627869 0.0 -0.18000000715255737 0.09000000357627869 0.09000000357627869 0.0 -0.11999999731779099 0.11999999731779099 -0.11999999731779099 0.11999999731779099 0.10999999940395355 -0.5400000214576721 0.4300000071525574 -0.11999999731779099 0.11999999731779099 -0.11999999731779099 0.11999999731779099 -0.27000001072883606 0.09000000357627869 0.09000000357627869 -0.5099999904632568 0.0 0.09000000357627869 -0.11999999731779099 0.11999999731779099 0.0 0.0 0.0 0.0 0.0 0.0 0.0 0.0 0.0 -0.18000000715255737 0.09000000357627869 0.0 0.5099999904632568 -0.5099999904632568 -0.4699999988079071 0.0 0.0 0.09000000357627869 0.0 0.09000000357627869 0.09000000357627869 0.0 -0.5099999904632568 -0.4699999988079071 0.0 0.0 0.0 -0.27000001072883606 0.09000000357627869 0.0 0.09000000357627869 0.0 0.0 0.0 0.0 0.0 0.0 0.0 0.0 0.0 0.0 0.09000000357627869 0.0 0.0 0.0 0.0 0.0 0.0 0.0 0.0 0.5099999904632568 -0.5099999904632568 0.0 0.0 0.0 0.09000000357627869 0.0 0.5099999904632568 -0.5099999904632568 0.0 0.0 0.0 0.09000000357627869 0.0 0.0 0.09000000357627869 0.0 0.09000000357627869 0.09000000357627869 -0.09000000357627869 -0.2199999988079071 0.09000000357627869 0.09000000357627869 0.09000000357627869 0.0 -0.5099999904632568 0.0 0.0 0.0 0.0 0.0 0.0 0.0 0.0 0.0 0.11999999731779099 0.0 0.11999999731779099 0.0 0.0 0.0 0.0 0.0 0.0 0.0 0.0 -0.4699999988079071 0.0 0.0 0.09000000357627869 -0.27000001072883606 0.09000000357627869 0.09000000357627869 0.09000000357627869 0.5099999904632568 -0.5099999904632568 -0.4699999988079071 0.0 0.0 0.09000000357627869 0.0 0.09000000357627869 0.0 0.09000000357627869 0.0 0.0 0.0 0.0 0.0 0.0 0.0 0.0 0.0 0.0 0.0 0.0 0.0 0.0 0.0 0.0 0.0 0.09000000357627869 0.09000000357627869 0.0 0.0 0.0 0.0 0.0 0.0 -0.27000001072883606 0.09000000357627869 0.09000000357627869 0.09000000357627869 0.5099999904632568 -0.5099999904632568 -0.4699999988079071 0.0 0.0 0.09000000357627869 0.05000000074505806 0.09000000357627869 0.09000000357627869 0.0 0.0 0.5099999904632568 -0.5099999904632568 0.0 0.0 0.0 0.09000000357627869 0.0 0.5099999904632568 -0.5099999904632568 0.0 0.0 0.0 -0.18000000715255737 0.09000000357627869 -0.18000000715255737 0.09000000357627869 -0.550000011920929 0.5099999904632568 0.0 0.0 0.0 0.0 0.0 0.09000000357627869 0.0 0.0 0.09000000357627869 0.0 0.0 0.09000000357627869 0.09000000357627869 0.0 0.09000000357627869 0.0 0.0 0.0 0.0 0.3100000023841858 0.0 0.0 0.0 -0.09000000357627869 0.0 0.0 0.0 0.0 0.0 0.0 0.0 0.0 0.09000000357627869 0.0 0.0 0.0 0.0 0.0 0.5099999904632568 -0.5099999904632568 0.0 0.0 0.0 0.09000000357627869 0.0 0.5099999904632568 -0.5099999904632568 0.0 0.0 0.0 0.09000000357627869 -0.2800000011920929 -0.7599999904632568 0.0 -0.5099999904632568 0.0 0.3100000023841858 0.0 0.0 0.0 0.09000000357627869 0.0 0.09000000357627869 0.0 0.09000000357627869 -0.27000001072883606 0.09000000357627869 0.0 0.09000000357627869 0.0 0.0 0.0 0.3100000023841858 0.0 0.09000000357627869 -0.18000000715255737 0.09000000357627869 0.09000000357627869 -0.2800000011920929 0.09000000357627869 0.0 -0.5099999904632568 -0.4699999988079071 0.0 0.0 0.0 0.0 0.0 0.0 0.09000000357627869 0.0 0.0 0.0 0.0 0.0 0.0 0.0 0.0 0.0 0.0 0.0 0.0 0.0 0.0 0.0 0.0 0.0 0.0 -0.27000001072883606 0.0 0.09000000357627869 0.09000000357627869 0.0 0.0
345 0.3100000023841858 -0.019999999552965164 0.09000000357627869 0.0 -0.5099999904632568 0.09000000357627869 0.5099999904632568 -0.4699999988079071 0.3100000023841858 -0.019999999552965164 0.09000000357627869 0.09000000357627869 0.5099999904632568 -0.5099999904632568 -0.4699999988079071 0.3100000023841858 0.0 0.09000000357627869 0.0 0.5099999904632568 -0.5099999904632568 -0.4699999988079071 0.3100000023841858 -0.4699999988079071 0.3100000023841858 0.0 0.0 0.09000000357627869 0.09000000357627869 -0.18000000715255737 0.0 0.09000000357627869 0.550000011920929 -0.550000011920929 -0.6200000047683716 0.3199999928474426 0.30000001192092896 0.0 0.0 -0.4699999988079071 0.0 0.0 0.09000000357627869 -0.18000000715255737 0.09000000357627869 0.09000000357627869 0.0 0.09000000357627869 0.09000000357627869 0.0 -0.550000011920929 -0.6200000047683716 0.3199999928474426 0.30000001192092896 0.5099999904632568 -0.5099999904632568 0.0 0.0 0.0 0.0 0.09000000357627869 0.0 0.0 0.09000000357627869 0.0 0.0 0.09000000357627869 0.09000000357627869 -0.27000001072883606 0.09000000357627869 0.0 0.09000000357627869 -0.27000001072883606 0.09000000357627869 0.0 0.0 -0.27000001072883606 0.0 0.09000000357627869 0.0 0.0 0.0 0.09000000357627869 0.0 0.0 0.0 0.09000000357627869 0.0 0.0 0.09000000357627869 0.09000000357627869 0.09000000357627869 0.46000000834465027 0.0 -0.5099999904632568 0.0 0.0 0.0 0.09000000357627869 0.0 0.0 0.0 0.0 0.09000000357627869 0.0 0.0 0.0 0.0 0.0 0.0 0.09000000357627869 0.0 0.0 0.0 0.0 0.0 0.09000000357627869 -0.18000000715255737 0.09000000357627869 0.0 -0.5099999904632568 0.0 0.0 0.0 0.09000000357627869 -0.18000000715255737 0.09000000357627869 0.09000000357627869 0.0 -0.11999999731779099 0.11999999731779099 -0.11999999731779099 0.11999999731779099 0.10999999940395355 -0.5400000214576721 0.4300000071525574 -0.11999999731779099 0.11999999731779099 -0.11999999731779099 0.11999999731779099 0.5099999904632568 -0.5099999904632568 0.0 0.0 0.0 0.0 0.0 0.0 0.0 0.09000000357627869 0.0 0.09000000357627869 0.0 0.0 0.5099999904632568 -0.5099999904632568 -0.4699999988079071 0.0 0.09000000357627869 0.0 0.09000000357627869 0.0 -0.5099999904632568 -0.4699999988079071 0.0 0.0 0.0 -0.27000001072883606 0.09000000357627869 0.0 0.09000000357627869 0.0 0.0 0.0 0.0 0.0 0.0 0.0 0.0 0.0 0.0 0.09000000357627869 0.0 0.0 0.0 0.0 0.0 0.0 0.0 0.0 0.5099999904632568 -0.5099999904632568 0.0 0.0 0.0 0.09000000357627869 0.0 0.5099999904632568 -0.5099999904632568 0.0 0.0 0.0 0.09000000357627869 0.0 0.0 0.09000000357627869 0.0 0.09000000357627869 0.09000000357627869 -0.09000000357627869 -0.2199999988079071 0.09000000357627869 0.09000000357627869 0.09000000357627869 0.0 -0.5099999904632568 0.0 0.0 0.0 0.0 0.0 0.0 0.0 0.0 0.0 0.11999999731779099 0.0 0.11999999731779099 0.0 0.0 0.0 0.0 0.0 0.0 0.0 0.0 0.0 0.0 0.0 0.0 0.0 0.0 0.09000000357627869 -0.6600000262260437 0.4300000071525574 0.5099999904632568 0.0 -0.4699999988079071 0.0 0.0 0.09000000357627869 0.0 0.09000000357627869 0.0 0.09000000357627869 0.0 0.0 0.0 0.0 0.0 0.0 0.0 0.0 0.0 0.0 0.0 0.0 0.0 0.0 0.0 0.0 0.0 0.09000000357627869 0.09000000357627869 0.0 0.0 0.0 0.0 0.0 0.0 -0.27000001072883606 0.09000000357627869 0.09000000357627869 0.09000000357627869 0.5099999904632568 -0.5099999904632568 -0.4699999988079071 0.0 0.0 0.09000000357627869 0.05000000074505806 0.09000000357627869 0.09000000357627869 0.0 0.0 0.5099999904632568 -0.5099999904632568 0.0 0.0 0.0 0.09000000357627869 0.0 0.5099999904632568 -0.5099999904632568 0.0 0.0 0.0 0.09000000357627869 -0.18000000715255737 0.09000000357627869 0.0 -0.18000000715255737 0.09000000357627869 0.09000000357627869 0.550000011920929 -0.550000011920929 -0.6200000047683716 0.3199999928474426 0.30000001192092896 0.5099999904632568 -0.5099999904632568 0.0 0.0 0.0 0.0 0.0 0.09000000357627869 0.0 0.0 0.09000000357627869 0.0 0.0 0.09000000357627869 0.09000000357627869 0.0 0.09000000357627869 0.0 0.0 0.0 0.0 0.3100000023841858 0.0 0.0 0.0 0.0 0.09000000357627869 0.0 0.0 0.5099999904632568 -0.5099999904632568 0.0 0.0 0.0 0.09000000357627869 0.0 0.5099999904632568 -0.5099999904632568 0.0 0.0 0.0 0.09000000357627869 0.0 0.0 0.3100000023841858 0.0 0.0 0.0 0.09000000357627869 0.0 0.09000000357627869 0.0 0.09000000357627869 -0.27000001072883606 0.09000000357627869 0.0 0.09000000357627869 0.0 0.0 0.3100000023841858 0.0 0.0 0.0 0.0 0.0
346 0.09000000357627869 -0.18000000715255737 0.09000000357627869 0.0 0.09000000357627869 0.09000000357627869 0.0 -0.550000011920929 -0.6200000047683716 0.3199999928474426 0.30000001192092896 0.0 0.0 0.09000000357627869 0.09000000357627869 0.0 0.0 0.0 0.0 0.0 0.0 0.0 0.0 0.09000000357627869 0.0 0.0 0.0 -0.27000001072883606 0.0 0.09000000357627869 0.0 0.0 0.09000000357627869 0.0 -0.5099999904632568 0.0 0.0 0.0 0.0 0.0 0.0 0.0 0.0 0.09000000357627869 0.0 0.0 0.0 0.09000000357627869 0.0 0.0 0.0 0.0 0.0 0.0 0.0 0.0 0.0 -0.4699999988079071 0.0 0.0 0.09000000357627869 -0.18000000715255737 0.09000000357627869 0.09000000357627869 0.0 -0.5099999904632568 0.0 0.0 0.0 0.09000000357627869 0.0 0.0 0.09000000357627869 0.0 0.09000000357627869 0.09000000357627869 0.20000000298023224 0.09000000357627869 0.09000000357627869 -0.699999988079071 0.4399999976158142 0.6399999856948853 -0.800000011920929 0.46000000834465027 0.46000000834465027 -0.800000011920929 0.46000000834465027 0.46000000834465027 0.0 -0.5099999904632568 0.0 0.0 0.0 0.09000000357627869 0.0 0.0 0.0 0.0 0.09000000357627869 0.0 0.0 0.0 0.0 0.0 0.0 0.09000000357627869 0.0 0.0 0.0 0.0 0.0 0.0 0.0 0.0 0.09000000357627869 0.0 0.5099999904632568 -0.5099999904632568 -0.28999999165534973 0.0 0.0 0.09000000357627869 0.0 0.09000000357627869 -0.18000000715255737 0.09000000357627869 0.09000000357627869 -0.18000000715255737 0.09000000357627869 0.09000000357627869 0.0 -0.5099999904632568 0.0 0.0 0.0 0.09000000357627869 -0.18000000715255737 0.09000000357627869 0.09000000357627869 0.0 -0.11999999731779099 0.11999999731779099 -0.11999999731779099 0.11999999731779099 0.10999999940395355 -0.5400000214576721 0.4300000071525574 -0.11999999731779099 0.11999999731779099 -0.11999999731779099 0.11999999731779099 0.5099999904632568 -0.5099999904632568 0.0 0.0 0.0 0.0 0.09000000357627869 0.0 0.0 0.0 0.0 0.0 0.09000000357627869 0.09000000357627869 0.0 -0.5099999904632568 -0.4699999988079071 0.0 0.0 -0.27000001072883606 0.09000000357627869 0.0 0.0 0.0 0.0 0.0 0.0 0.0 0.0 0.0 0.0 0.09000000357627869 0.0 0.0 0.0 0.0 0.5099999904632568 -0.5099999904632568 0.0 0.0 0.0 0.09000000357627869 0.0 0.5099999904632568 -0.5099999904632568 0.0 0.0 0.0 0.09000000357627869 0.0 0.0 0.09000000357627869 0.0 0.09000000357627869 0.09000000357627869 -0.09000000357627869 -0.2199999988079071 0.09000000357627869 0.09000000357627869 0.0 -0.5099999904632568 0.0 0.0 0.0 0.0 0.0 0.0 0.0 0.0 0.0 0.11999999731779099 0.0 0.11999999731779099 0.0 0.0 0.0 0.0 0.0 0.0 0.0 0.0 0.0 0.0 0.0 0.0 0.0 0.0 0.09000000357627869 -0.6600000262260437 0.4300000071525574 0.5099999904632568 0.0 -0.4699999988079071 0.0 0.0 0.09000000357627869 -0.27000001072883606 0.09000000357627869 0.09000000357627869 0.09000000357627869 0.5099999904632568 -0.5099999904632568 0.0 0.0 0.0 0.0 0.0 0.0 0.0 0.0 0.0 0.0 0.0 0.0 0.0 0.0 0.0 0.09000000357627869 0.09000000357627869 0.0 0.0 0.0 0.0 0.0 0.0 -0.27000001072883606 0.09000000357627869 0.09000000357627869 0.09000000357627869 0.5099999904632568 -0.5099999904632568 -0.4699999988079071 0.0 0.0 0.09000000357627869 0.05000000074505806 0.09000000357627869 0.09000000357627869 0.0 0.0 0.5099999904632568 -0.5099999904632568 0.0 0.0 0.0 0.09000000357627869 0.0 0.5099999904632568 -0.5099999904632568 0.0 0.0 0.0 0.09000000357627869 -0.18000000715255737 0.09000000357627869 0.0 -0.18000000715255737 0.09000000357627869 0.09000000357627869 0.550000011920929 -0.550000011920929 -0.6200000047683716 0.3199999928474426 0.30000001192092896 0.5099999904632568 -0.5099999904632568 0.0 0.0 0.0 0.0 0.0 0.09000000357627869 0.0 0.0 0.09000000357627869 0.0 0.0 0.09000000357627869 0.09000000357627869 0.0 0.09000000357627869 0.0 0.0 0.0 0.0 0.0 0.3100000023841858 0.0 0.0 0.0 0.0 0.0 0.0 0.0 0.09000000357627869 0.09000000357627869 0.0 0.09000000357627869 -0.18000000715255737 0.09000000357627869 0.09000000357627869 0.0 0.0 0.0 0.0 0.0 0.0 0.0 0.09000000357627869 -0.27000001072883606 0.09000000357627869 0.0 0.0 -0.27000001072883606 0.09000000357627869 0.09000000357627869 0.0 0.0 0.0 0.0 0.0 0.0 0.0 -0.09000000357627869 0.0 0.0 0.0 0.0 0.11999999731779099 0.0 0.0 0.0 0.0 0.0 0.09000000357627869 0.0 0.0 0.0 0.0 0.0 0.0 0.0 0.0 0.0 0.09000000357627869 -0.18000000715255737 0.550000011920929 -0.550000011920929 0.5099999904632568 -0.5099999904632568 0.0 0.0 0.0 0.5099999904632568 -0.5099999904632568 0.0 0.0 0.0 0.09000000357627869 0.0 0.5099999904632568 -0.5099999904632568 0.0 0.0 0.0 0.09000000357627869 0.0 -0.5099999904632568 0.0 0.3100000023841858 0.0 0.0 0.0 0.09000000357627869 0.0 0.09000000357627869 0.0 0.09000000357627869 -0.27000001072883606 0.09000000357627869 0.0 0.09000000357627869 0.0 0.09000000357627869 0.0 0.0 0.0 0.0 0.0 0.0 0.0 0.0 0.0 0.0
347 0.0 0.0 0.09000000357627869 0.09000000357627869 -0.18000000715255737 0.0 0.09000000357627869 0.550000011920929 -0.550000011920929 -0.6200000047683716 0.3199999928474426 0.30000001192092896 0.0 0.0 -0.4699999988079071 0.0 0.09000000357627869 0.0 0.09000000357627869 0.09000000357627869 -0.6200000047683716 0.3199999928474426 0.30000001192092896 -0.5099999904632568 0.0 0.0 0.0 0.0 0.0 0.09000000357627869 0.0 0.0 0.09000000357627869 0.0 0.0 0.09000000357627869 0.09000000357627869 -0.27000001072883606 0.09000000357627869 0.0 0.09000000357627869 0.0 0.0 0.0 0.0 0.0 0.09000000357627869 0.09000000357627869 0.0 0.0 0.0 0.0 0.0 0.0 0.0 0.0 0.0 -0.27000001072883606 0.09000000357627869 0.0 0.0 0.0 0.0 0.0 0.0 0.09000000357627869 0.09000000357627869 0.0 0.0 0.0 0.0 0.0 0.0 0.0 0.0 0.0 0.0 0.0 0.0 0.0 0.0 0.0 0.0 0.0 0.0 0.09000000357627869 0.09000000357627869 0.0 0.09000000357627869 0.0 0.0 0.0 0.0 0.0 -0.27000001072883606 0.0 0.09000000357627869 0.0 0.0 0.0 0.0 0.0 0.0 0.09000000357627869 0.0 0.0 0.0 0.09000000357627869 0.0 0.0 0.0 0.0 0.09000000357627869 0.0 0.0 0.09000000357627869 0.0 0.09000000357627869 0.09000000357627869 0.20000000298023224 0.09000000357627869 -0.800000011920929 0.46000000834465027 0.46000000834465027 0.0 -0.5099999904632568 0.0 0.0 0.0 0.09000000357627869 0.0 0.0 0.0 0.0 0.09000000357627869 0.0 0.0 0.0 0.0 0.0 0.0 0.09000000357627869 0.0 -0.18000000715255737 0.09000000357627869 0.09000000357627869 0.0 -0.11999999731779099 0.11999999731779099 -0.11999999731779099 0.11999999731779099 0.10999999940395355 -0.5400000214576721 0.4300000071525574 -0.11999999731779099 0.11999999731779099 -0.11999999731779099 0.11999999731779099 -0.5099999904632568 0.0 0.0 0.0 0.0 0.0 0.0 0.0 0.0 0.0 0.0 0.09000000357627869 0.0 0.0 0.0 0.0 0.0 0.0 0.0 0.0 0.5099999904632568 -0.5099999904632568 0.0 0.0 0.0 0.09000000357627869 0.0 0.5099999904632568 -0.5099999904632568 0.0 0.0 0.0 0.09000000357627869 0.0 0.0 0.09000000357627869 0.0 0.09000000357627869 0.09000000357627869 0.0 -0.5099999904632568 0.0 0.0 0.0 0.0 0.0 0.0 0.0 0.0 0.0 0.11999999731779099 0.0 0.11999999731779099 0.0 0.0 0.0 0.0 0.0 0.0 0.0 0.0 0.0 0.0 0.0 0.0 0.0 0.0 0.09000000357627869 -0.6600000262260437 0.4300000071525574 0.5099999904632568 0.0 -0.4699999988079071 0.0 0.0 0.09000000357627869 -0.27000001072883606 0.09000000357627869 0.09000000357627869 0.09000000357627869 0.5099999904632568 -0.5099999904632568 -0.4699999988079071 0.0 0.0 0.09000000357627869 0.0 0.09000000357627869 0.0 0.09000000357627869 0.0 0.0 0.0 0.0 0.0 0.0 -0.27000001072883606 0.09000000357627869 0.09000000357627869 0.09000000357627869 0.5099999904632568 -0.5099999904632568 -0.4699999988079071 0.0 0.0 0.09000000357627869 0.05000000074505806 0.09000000357627869 0.09000000357627869 0.0 0.0 0.5099999904632568 -0.5099999904632568 0.0 0.0 0.0 0.09000000357627869 0.0 0.5099999904632568 -0.5099999904632568 0.0 0.0 0.0 0.09000000357627869 -0.18000000715255737 0.09000000357627869 0.0 -0.18000000715255737 0.09000000357627869 0.09000000357627869 0.550000011920929 -0.550000011920929 -0.6200000047683716 0.3199999928474426 0.30000001192092896 0.5099999904632568 -0.5099999904632568 0.0 0.0 0.0 0.0 0.0 0.09000000357627869 0.0 0.0 0.09000000357627869 0.0 0.0 0.09000000357627869 0.09000000357627869 0.0 0.09000000357627869 0.0 0.0 0.0 0.0 0.0 0.3100000023841858 0.0 0.0 0.0 0.0 0.0 0.0 0.0 0.09000000357627869 0.09000000357627869 0.0 0.09000000357627869 -0.18000000715255737 0.09000000357627869 -0.18000000715255737 0.09000000357627869 0.09000000357627869 0.5099999904632568 -0.5099999904632568 0.0 0.0 0.0 0.09000000357627869 0.0 0.0 0.0 0.0 0.09000000357627869 -0.27000001072883606 0.09000000357627869 0.0 0.0 0.0 0.0 0.0 0.0 0.0 0.0 0.0 0.0 0.0 0.0 0.0 0.0 -0.09000000357627869 0.0 0.0 0.0 0.0 0.0 0.0 0.0 0.0 -0.23000000417232513 0.0 0.0 0.0 0.0 0.0 -0.11999999731779099 0.11999999731779099 0.0 0.0 0.0 0.0 0.0 0.0 0.0 0.0 0.0 -0.27000001072883606 0.09000000357627869 0.0 0.0 0.0 -0.5099999904632568 0.0 -0.5099999904632568 0.0 0.0 0.0 0.0 0.0 0.0 0.0 0.0 0.0 0.0 -0.4699999988079071 0.0 0.0 0.0 0.0 0.09000000357627869 -0.27000001072883606 0.09000000357627869 0.09000000357627869 0.0 0.0 0.09000000357627869 0.0 0.0 0.0 0.0 -0.4699999988079071 0.0 0.0 0.09000000357627869 0.0 0.09000000357627869 0.09000000357627869 0.0 0.0 -0.4699999988079071 0.0 0.07000000029802322 0.09000000357627869 0.0 0.09000000357627869 0.0 0.0 0.0 0.0 0.0 0.0 0.0 0.09000000357627869 0.0 0.0 0.0 0.0 0.0 0.0 0.0 0.0 0.0 0.09000000357627869 -0.18000000715255737 0.09000000357627869 0.09000000357627869 0.550000011920929 -0.550000011920929 -0.6200000047683716 0.3199999928474426 0.0 0.5099999904632568 -0.5099999904632568 0.0 0.0 0.0 0.09000000357627869 0.0 0.0 0.09000000357627869 -0.18000000715255737 0.09000000357627869 0.09000000357627869 -0.18000000715255737 0.09000000357627869 0.5099999904632568 -0.5099999904632568 0.0 0.0 0.0 0.09000000357627869 0.0 0.5099999904632568 -0.5099999904632568 0.0 0.0 0.0 0.09000000357627869 -0.2800000011920929 0.09000000357627869 0.09000000357627869 0.6200000047683716 -0.7599999904632568 -0.7599999904632568 0.0 -0.5099999904632568 0.0 0.3100000023841858 0.0 0.0 0.0 0.09000000357627869 0.0 0.09000000357627869 0.0 0.09000000357627869 -0.27000001072883606 0.09000000357627869 0.0 0.09000000357627869 0.0 0.0 0.0 0.3100000023841858 0.0 0.09000000357627869 -0.18000000715255737 0.09000000357627869 0.09000000357627869 -0.2800000011920929 0.09000000357627869 0.09000000357627869 0.0 -0.5099999904632568 -0.4699999988079071 0.0 0.0 0.09000000357627869 -0.27000001072883606 0.09000000357627869 0.0 0.09000000357627869 0.0 -0.5099999904632568 0.0 0.0 0.0 0.0 0.0 0.09000000357627869 0.0 0.0 0.0 0.0 0.0 0.0 0.0 0.0 0.0 0.0 0.0 0.0 0.0 0.0 0.0 0.0 0.0 0.0 -0.27000001072883606 0.0 0.09000000357627869 0.09000000357627869 0.0 0.0 -0.4699999988079071 0.0 0.0 0.09000000357627869 0.0 0.09000000357627869 0.09000000357627869 0.0 -0.4699999988079071 0.0 0.0 0.0 0.09000000357627869 0.0 0.09000000357627869 0.0 0.0 0.0 0.0 0.0 0.0 0.0 0.09000000357627869 0.0 0.0 0.0 -0.09000000357627869 0.0 0.0 0.0 0.0 0.0
348 0.09000000357627869 -0.5099999904632568 0.0 -0.4699999988079071 0.3100000023841858 0.0 0.09000000357627869 0.0 0.09000000357627869 0.09000000357627869 -0.18000000715255737 0.0 0.09000000357627869 0.550000011920929 -0.550000011920929 -0.6200000047683716 0.3199999928474426 0.30000001192092896 0.0 0.0 -0.4699999988079071 0.0 0.0 0.09000000357627869 -0.18000000715255737 0.0 0.09000000357627869 0.09000000357627869 0.0 -0.6200000047683716 0.3199999928474426 0.30000001192092896 0.0 0.09000000357627869 0.0 0.0 0.09000000357627869 0.0 0.0 0.09000000357627869 0.09000000357627869 -0.27000001072883606 0.09000000357627869 0.0 0.09000000357627869 -0.27000001072883606 0.09000000357627869 0.0 0.0 0.0 0.09000000357627869 0.09000000357627869 0.0 0.0 0.0 0.0 0.09000000357627869 0.0 -0.11999999731779099 0.11999999731779099 -0.11999999731779099 0.11999999731779099 0.10999999940395355 -0.5400000214576721 0.4300000071525574 -0.11999999731779099 0.11999999731779099 -0.11999999731779099 0.11999999731779099 0.0 0.0 0.0 0.09000000357627869 0.0 0.0 0.5099999904632568 -0.5099999904632568 0.0 0.0 0.09000000357627869 0.0 0.5099999904632568 -0.5099999904632568 0.0 0.0 0.0 0.09000000357627869 0.0 0.0 0.09000000357627869 0.0 -0.5099999904632568 0.0 0.0 0.0 0.0 0.0 0.0 0.0 0.0 0.0 0.11999999731779099 0.0 0.11999999731779099 0.0 0.0 0.0 0.0 0.0 0.0 0.0 0.0 0.0 0.0 0.0 0.0 0.0 0.0 0.09000000357627869 -0.6600000262260437 0.4300000071525574 0.5099999904632568 0.0 -0.4699999988079071 0.0 0.0 0.09000000357627869 -0.27000001072883606 0.09000000357627869 0.09000000357627869 0.09000000357627869 0.5099999904632568 -0.5099999904632568 -0.4699999988079071 0.0 0.0 0.09000000357627869 0.0 0.09000000357627869 0.0 0.09000000357627869 0.0 0.0 0.0 0.0 0.0 0.0 0.0 0.0 0.0 0.0 0.0 0.0 0.0 0.0 0.0 0.0 0.0 0.09000000357627869 0.09000000357627869 0.0 0.0 -0.4699999988079071 0.0 0.0 0.09000000357627869 0.05000000074505806 0.09000000357627869 0.09000000357627869 0.0 0.0 0.5099999904632568 -0.5099999904632568 0.0 0.0 0.0 0.09000000357627869 0.0 0.5099999904632568 -0.5099999904632568 0.0 0.0 0.0 0.09000000357627869 -0.18000000715255737 0.09000000357627869 0.0 -0.18000000715255737 0.09000000357627869 0.09000000357627869 0.550000011920929 -0.550000011920929 -0.6200000047683716 0.3199999928474426 0.30000001192092896 0.5099999904632568 -0.5099999904632568 0.0 0.0 0.0 0.0 0.0 0.09000000357627869 0.0 0.0 0.09000000357627869 0.0 0.0 0.09000000357627869 0.09000000357627869 0.0 0.09000000357627869 0.0 0.0 0.0 0.0 0.0 0.3100000023841858 0.0 0.0 0.0 0.09000000357627869 0.0 0.0 -0.09000000357627869 0.0 0.0 0.0 0.0 0.0 0.0 -0.4699999988079071 0.07000000029802322 0.09000000357627869 0.0 0.09000000357627869 0.0 0.0 0.0 0.0 0.0 0.0 0.0 0.09000000357627869 0.0 0.0 0.0 0.0 0.0 0.0 0.0 0.0 0.0 0.09000000357627869 -0.18000000715255737 0.09000000357627869 0.5099999904632568 -0.5099999904632568 0.0 0.0 0.0 0.09000000357627869 0.0 0.0 0.09000000357627869 -0.18000000715255737 0.09000000357627869 0.09000000357627869 0.5099999904632568 -0.5099999904632568 0.0 0.0 0.0 0.09000000357627869 0.0 0.5099999904632568 -0.5099999904632568 0.0 0.0 0.0 0.09000000357627869 -0.2800000011920929 0.09000000357627869 0.09000000357627869 0.6200000047683716 -0.7599999904632568 -0.7599999904632568 0.0 -0.5099999904632568 0.0 0.3100000023841858 0.0 0.0 0.0 0.09000000357627869 0.0 0.09000000357627869 0.0 0.09000000357627869 -0.27000001072883606 0.09000000357627869 0.0 0.09000000357627869 0.0 0.0 0.0 0.3100000023841858 0.0 0.09000000357627869 -0.18000000715255737 0.09000000357627869 0.09000000357627869 0.0 -0.4699999988079071 0.0 0.0 -0.27000001072883606 0.09000000357627869 0.0 0.0 0.0 0.0 0.0 0.0 0.0 0.09000000357627869 0.0 0.0 0.0 0.0 0.0 0.0 0.0 0.0 0.0 0.0 0.0 0.0 0.0 0.0 0.0
349 0.30000001192092896 0.0 0.09000000357627869 0.0 0.0 0.0 0.0 0.0 0.09000000357627869 0.0 0.0 0.09000000357627869 0.0 0.09000000357627869 0.09000000357627869 0.20000000298023224 0.09000000357627869 0.09000000357627869 -0.699999988079071 0.4399999976158142 0.6399999856948853 -0.800000011920929 0.46000000834465027 0.46000000834465027 -0.800000011920929 0.46000000834465027 0.46000000834465027 0.0 -0.5099999904632568 0.0 0.0 0.0 0.09000000357627869 0.0 0.09000000357627869 0.0 0.0 0.0 0.0 0.0 0.0 -0.18000000715255737 0.09000000357627869 -0.18000000715255737 0.09000000357627869 0.09000000357627869 0.0 0.0 0.0 0.0 0.09000000357627869 -0.18000000715255737 0.09000000357627869 0.09000000357627869 0.0 -0.11999999731779099 0.11999999731779099 -0.11999999731779099 0.11999999731779099 0.10999999940395355 -0.5400000214576721 0.4300000071525574 -0.11999999731779099 0.11999999731779099 -0.11999999731779099 0.11999999731779099 -0.5099999904632568 0.5099999904632568 -0.5099999904632568 0.0 0.0 0.09000000357627869 0.0 0.09000000357627869 0.0 -0.5099999904632568 0.0 0.0 0.0 0.0 0.0 0.0 0.0 0.0 0.0 0.11999999731779099 0.0 0.11999999731779099 0.0 0.0 0.0 0.0 0.0 0.0 0.0 0.0 0.0 0.0 0.0 0.0 0.09000000357627869 -0.6600000262260437 0.4300000071525574 0.5099999904632568 0.0 -0.4699999988079071 0.0 0.0 0.09000000357627869 -0.27000001072883606 0.09000000357627869 0.09000000357627869 0.09000000357627869 0.5099999904632568 -0.5099999904632568 -0.4699999988079071 0.0 0.0 0.09000000357627869 0.0 0.09000000357627869 0.0 0.09000000357627869 0.0 0.0 0.0 0.0 0.0 0.0 0.0 0.0 0.0 0.0 0.0 0.0 0.0 0.0 0.0 0.0 0.0 0.09000000357627869 0.09000000357627869 0.0 0.0 0.0 0.0 0.0 0.0 -0.27000001072883606 0.09000000357627869 0.09000000357627869 0.09000000357627869 0.5099999904632568 -0.5099999904632568 0.0 0.0 0.0 0.09000000357627869 0.0 0.5099999904632568 -0.5099999904632568 0.0 0.0 0.0 0.09000000357627869 -0.18000000715255737 0.09000000357627869 0.0 -0.18000000715255737 0.09000000357627869 0.09000000357627869 0.550000011920929 -0.550000011920929 -0.6200000047683716 0.3199999928474426 0.30000001192092896 0.5099999904632568 -0.5099999904632568 0.0 0.0 0.0 0.0 0.0 0.09000000357627869 0.0 0.0 0.09000000357627869 0.0 0.0 0.09000000357627869 0.09000000357627869 0.0 0.09000000357627869 0.0 0.0 0.0 0.0 0.0 0.3100000023841858 0.0 0.0 0.0 0.0 0.0 0.0 0.09000000357627869 0.09000000357627869 -0.18000000715255737 0.09000000357627869 0.09000000357627869 0.0 -0.09000000357627869 0.0 0.0 0.0 0.0 0.0 0.0 0.0 0.0 0.09000000357627869 0.0 0.0 0.0 0.0 0.0 0.0 0.0 0.0 0.0 0.09000000357627869 -0.18000000715255737 0.09000000357627869 0.09000000357627869 0.550000011920929 -0.550000011920929 0.5099999904632568 -0.5099999904632568 0.0 0.0 0.0 0.09000000357627869 0.0 0.0 0.09000000357627869 0.09000000357627869 0.5099999904632568 -0.5099999904632568 0.0 0.0 0.0 0.09000000357627869 0.0 0.5099999904632568 -0.5099999904632568 0.0 0.0 0.0 0.09000000357627869 -0.2800000011920929 0.09000000357627869 0.09000000357627869 0.0 -0.5099999904632568 0.0 0.3100000023841858 0.0 0.0 0.0 0.09000000357627869 0.0 0.09000000357627869 0.0 0.09000000357627869 -0.27000001072883606 0.09000000357627869 0.0 0.09000000357627869 0.0 0.3100000023841858 0.09000000357627869 0.0
35 0.0 0.3100000023841858 0.0 0.09000000357627869 0.05000000074505806 0.09000000357627869 0.09000000357627869 -0.6600000262260437 0.4300000071525574 0.0 0.0 -0.4699999988079071 0.3100000023841858 0.0 0.0 -0.18000000715255737 0.09000000357627869 0.09000000357627869 0.0 0.0 -0.27000001072883606 0.09000000357627869 0.0 0.09000000357627869 0.0 0.09000000357627869 0.09000000357627869 0.09000000357627869 0.0 -0.5099999904632568 0.0 0.0 0.0 0.09000000357627869 0.0 0.09000000357627869 0.09000000357627869 0.0 0.09000000357627869 0.0 -0.18000000715255737 0.09000000357627869 0.09000000357627869 0.20999999344348907 0.05000000074505806 0.05000000074505806 -0.30000001192092896 0.33000001311302185 0.33000001311302185 0.33000001311302185 0.0 -0.5099999904632568 -0.4699999988079071 0.3100000023841858 0.0 0.09000000357627869 0.0 0.09000000357627869 -0.6600000262260437 0.4300000071525574 -0.27000001072883606 0.09000000357627869 0.09000000357627869 0.0 0.0 -0.5099999904632568 0.0 0.0 0.0 0.09000000357627869 0.0 0.09000000357627869 -0.6600000262260437 0.4300000071525574 -0.27000001072883606 0.09000000357627869 0.09000000357627869 0.09000000357627869 0.0 0.0 0.0 0.3100000023841858 0.0 0.0 0.0 0.09000000357627869 0.0 0.09000000357627869 0.0 0.09000000357627869 -0.27000001072883606 0.09000000357627869 0.0 0.09000000357627869 0.0 -0.5099999904632568 0.0 0.0 0.0 0.09000000357627869 0.0 0.09000000357627869 -0.6600000262260437 0.4300000071525574 -0.27000001072883606 0.09000000357627869 0.09000000357627869 0.09000000357627869 0.0 -0.5099999904632568 0.11999999731779099 0.0 0.11999999731779099 -0.18000000715255737 0.09000000357627869 0.09000000357627869 0.09000000357627869 0.0 0.0 -0.4699999988079071 0.0 0.0 0.0 0.09000000357627869 0.0 -0.5099999904632568 0.07000000029802322 -0.6200000047683716 0.3199999928474426 0.30000001192092896 0.5099999904632568 -0.5099999904632568 -0.4699999988079071 0.0 0.0 0.09000000357627869 0.0 0.09000000357627869 0.0 0.09000000357627869 0.09000000357627869 0.09000000357627869 -0.27000001072883606 0.09000000357627869 0.09000000357627869 0.0 0.5099999904632568 -0.5099999904632568 0.0 0.0 0.09000000357627869 0.09000000357627869 0.0 0.09000000357627869 -0.18000000715255737 0.09000000357627869 0.09000000357627869 -0.18000000715255737 0.09000000357627869 0.09000000357627869 0.5099999904632568 -0.5099999904632568 0.0 0.0 0.0 0.09000000357627869 -0.27000001072883606 0.09000000357627869 0.09000000357627869 0.09000000357627869 0.5099999904632568 -0.5099999904632568 -0.4699999988079071 0.3100000023841858 0.09000000357627869 0.0 0.09000000357627869 0.0 0.09000000357627869 -0.27000001072883606 0.09000000357627869 0.09000000357627869 0.09000000357627869 -0.27000001072883606 0.09000000357627869 0.09000000357627869 0.09000000357627869 -0.7599999904632568 -0.7599999904632568 0.0 0.09000000357627869 0.0 0.09000000357627869 -0.27000001072883606 0.09000000357627869 0.09000000357627869 0.09000000357627869 0.5099999904632568 -0.5099999904632568 -0.4699999988079071 0.0 0.07000000029802322 0.09000000357627869 0.05000000074505806 0.09000000357627869 0.0 -0.6600000262260437 0.4300000071525574 0.5099999904632568 -0.5099999904632568 -0.28999999165534973 0.0 0.09000000357627869 0.09000000357627869 0.0 0.0 -0.18000000715255737 0.09000000357627869 0.09000000357627869 -0.18000000715255737 0.09000000357627869 0.09000000357627869 0.0 0.0 0.0 0.0 0.0 0.09000000357627869 0.0 0.09000000357627869 0.0 0.09000000357627869 0.09000000357627869 0.5099999904632568 -0.5099999904632568 -0.4699999988079071 0.0 0.0 0.09000000357627869 0.0 0.0 0.0 0.0 0.0 -0.18000000715255737 0.09000000357627869 0.09000000357627869 0.0 0.0 0.09000000357627869 0.550000011920929 -0.550000011920929 -0.6200000047683716 0.3199999928474426 0.30000001192092896 0.5099999904632568 -0.5099999904632568 -0.4699999988079071 0.0 0.0 0.09000000357627869 0.0 0.09000000357627869 0.09000000357627869 -0.18000000715255737 0.09000000357627869 0.09000000357627869 0.550000011920929 -0.550000011920929 -0.6200000047683716 0.3199999928474426 0.30000001192092896
350 0.0 0.0 0.09000000357627869 0.0 0.09000000357627869 0.09000000357627869 0.20000000298023224 0.09000000357627869 0.09000000357627869 -0.699999988079071 0.4399999976158142 0.6399999856948853 -0.800000011920929 0.46000000834465027 0.46000000834465027 -0.800000011920929 0.46000000834465027 0.46000000834465027 -0.11999999731779099 0.11999999731779099 0.10999999940395355 -0.5400000214576721 0.4300000071525574 -0.11999999731779099 -0.11999999731779099 0.11999999731779099 0.0 -0.5099999904632568 0.0 0.0 0.0 0.0 0.11999999731779099 0.0 0.11999999731779099 0.0 0.0 0.0 0.0 0.0 0.0 0.0 0.0 0.0 0.0 0.0 0.0 0.09000000357627869 -0.6600000262260437 0.4300000071525574 0.5099999904632568 0.0 -0.4699999988079071 0.0 0.0 0.09000000357627869 -0.27000001072883606 0.09000000357627869 0.09000000357627869 0.09000000357627869 0.5099999904632568 -0.5099999904632568 -0.4699999988079071 0.0 0.0 0.09000000357627869 0.0 0.09000000357627869 0.0 0.09000000357627869 0.0 0.0 0.0 0.0 0.0 0.0 0.0 0.0 0.0 0.0 0.0 0.0 0.0 0.0 0.0 0.0 0.0 0.09000000357627869 0.09000000357627869 0.0 0.0 0.0 0.0 0.0 0.0 -0.27000001072883606 0.09000000357627869 0.09000000357627869 0.09000000357627869 0.5099999904632568 -0.5099999904632568 -0.4699999988079071 0.0 0.0 0.09000000357627869 0.05000000074505806 0.09000000357627869 0.09000000357627869 0.0 0.0 0.5099999904632568 -0.5099999904632568 0.0 0.0 0.0 0.09000000357627869 -0.18000000715255737 0.09000000357627869 0.0 -0.18000000715255737 0.09000000357627869 0.09000000357627869 0.550000011920929 -0.550000011920929 -0.6200000047683716 0.3199999928474426 0.30000001192092896 0.5099999904632568 -0.5099999904632568 0.0 0.0 0.0 0.0 0.0 0.09000000357627869 0.0 0.0 0.09000000357627869 0.0 0.0 0.09000000357627869 0.09000000357627869 0.0 0.09000000357627869 0.0 0.0 0.0 0.0 0.0 0.3100000023841858 0.0 0.0 0.0 0.0 0.0 0.0 0.0 0.09000000357627869 0.09000000357627869 0.0 0.09000000357627869 -0.18000000715255737 0.09000000357627869 0.09000000357627869 -0.18000000715255737 0.09000000357627869 0.09000000357627869 0.5099999904632568 -0.5099999904632568 0.0 0.0 0.0 0.09000000357627869 0.0 0.0 0.0 0.0 0.09000000357627869 -0.27000001072883606 0.09000000357627869 0.0 0.0 -0.27000001072883606 0.09000000357627869 0.0 0.0 0.0 0.0 0.0 0.0 0.0 0.0 0.0 0.0 0.0 -0.09000000357627869 0.0 0.0 0.0 0.0 0.0 0.0 0.0 0.09000000357627869 -0.23000000417232513 0.1599999964237213 0.0 0.0 0.0 0.0 -0.27000001072883606 0.09000000357627869 0.0 0.0 0.0 -0.4699999988079071 0.0 0.09000000357627869 0.0 0.0 -0.4699999988079071 0.0 0.07000000029802322 0.09000000357627869 0.0 0.09000000357627869 0.0 0.0 0.0 0.0 0.0 0.0 0.0 0.09000000357627869 0.0 0.0 0.0 0.0 0.0 0.0 0.0 0.0 0.0 0.09000000357627869 -0.18000000715255737 0.09000000357627869 0.09000000357627869 0.550000011920929 -0.550000011920929 -0.6200000047683716 0.3199999928474426 0.0 0.5099999904632568 -0.5099999904632568 0.0 0.0 0.0 0.09000000357627869 0.0 0.0 0.09000000357627869 -0.18000000715255737 0.09000000357627869 0.09000000357627869 -0.18000000715255737 0.09000000357627869 0.09000000357627869 0.5099999904632568 -0.5099999904632568 0.0 0.0 0.0 0.09000000357627869 0.0 0.5099999904632568 -0.5099999904632568 0.0 0.0 0.0 0.09000000357627869 -0.2800000011920929 0.09000000357627869 0.09000000357627869 0.6200000047683716 0.0 -0.5099999904632568 0.0 0.3100000023841858 0.0 0.0 0.0 0.09000000357627869 0.0 0.09000000357627869 0.0 0.09000000357627869 -0.27000001072883606 0.09000000357627869 0.0 0.09000000357627869 0.0 0.3100000023841858 0.0 0.0 0.09000000357627869 0.0 0.0 0.0 0.0 0.0 0.0 0.0
351 0.0 0.09000000357627869 0.0 0.0 0.09000000357627869 0.6200000047683716 -0.7599999904632568 0.0 -0.5099999904632568 0.0 0.0 0.0 0.0 0.0 0.0 0.0 0.09000000357627869 0.0 0.0 0.0 0.09000000357627869 0.0 0.0 0.0 0.0 -0.18000000715255737 0.09000000357627869 0.09000000357627869 0.0 -0.5099999904632568 0.0 0.0 0.0 0.09000000357627869 0.0 0.0 0.09000000357627869 0.0 0.09000000357627869 0.09000000357627869 0.20000000298023224 0.09000000357627869 0.09000000357627869 -0.699999988079071 0.4399999976158142 0.6399999856948853 -0.800000011920929 0.46000000834465027 0.46000000834465027 -0.800000011920929 0.46000000834465027 0.46000000834465027 0.0 -0.5099999904632568 0.0 0.0 0.0 0.09000000357627869 0.0 0.0 0.0 0.09000000357627869 0.0 0.0 0.0 0.0 0.0 0.0 0.0 0.0 -0.28999999165534973 0.0 0.0 0.09000000357627869 0.0 0.09000000357627869 -0.18000000715255737 0.09000000357627869 0.09000000357627869 -0.18000000715255737 0.09000000357627869 0.09000000357627869 0.0 -0.5099999904632568 0.0 0.0 0.0 0.09000000357627869 -0.18000000715255737 0.09000000357627869 0.09000000357627869 0.0 -0.11999999731779099 0.11999999731779099 -0.11999999731779099 0.11999999731779099 0.10999999940395355 -0.5400000214576721 0.4300000071525574 -0.11999999731779099 0.11999999731779099 -0.11999999731779099 0.11999999731779099 0.09000000357627869 0.0 -0.5099999904632568 0.0 0.0 0.0 0.0 0.0 0.0 0.0 0.0 0.0 0.0 0.0 0.0 0.0 0.0 0.0 0.0 0.5099999904632568 0.0 -0.4699999988079071 0.0 0.0 0.09000000357627869 -0.27000001072883606 0.09000000357627869 0.09000000357627869 0.09000000357627869 0.5099999904632568 -0.5099999904632568 -0.4699999988079071 0.0 0.0 0.09000000357627869 0.0 0.09000000357627869 0.0 0.09000000357627869 0.0 0.0 0.0 0.0 0.0 0.0 0.0 0.0 0.0 0.0 0.0 0.0 0.0 0.0 0.0 0.0 0.0 0.09000000357627869 0.09000000357627869 0.0 0.0 0.0 0.0 0.0 0.0 -0.27000001072883606 0.09000000357627869 0.09000000357627869 0.09000000357627869 0.5099999904632568 -0.5099999904632568 -0.4699999988079071 0.0 0.0 0.09000000357627869 0.05000000074505806 0.09000000357627869 0.09000000357627869 0.0 0.0 0.5099999904632568 -0.5099999904632568 0.0 0.0 0.0 0.09000000357627869 0.0 0.5099999904632568 -0.5099999904632568 0.0 0.0 0.0 0.0 0.0 0.09000000357627869 0.0 0.0 0.09000000357627869 0.0 0.0 0.09000000357627869 0.09000000357627869 0.0 0.09000000357627869 0.0 0.0 0.0 0.0 0.0 0.3100000023841858 0.0 0.0 0.0 0.0 0.0 0.0 0.0 0.09000000357627869 0.09000000357627869 0.0 0.09000000357627869 -0.18000000715255737 0.09000000357627869 0.09000000357627869 -0.18000000715255737 0.09000000357627869 0.09000000357627869 0.5099999904632568 -0.5099999904632568 0.0 0.0 0.0 0.09000000357627869 0.0 0.0 0.0 0.0 0.09000000357627869 -0.27000001072883606 0.09000000357627869 0.0 0.0 -0.27000001072883606 0.09000000357627869 0.09000000357627869 0.09000000357627869 0.0 0.0 0.0 0.0 0.0 0.0 0.0 0.0 0.0 0.0 0.0 0.0 -0.09000000357627869 0.0 0.0 0.0 0.0 0.0 0.0 0.0 0.09000000357627869 -0.23000000417232513 0.1599999964237213 0.0 0.0 0.11999999731779099 0.0 0.0 0.0 0.0 0.0 0.0 0.0 0.09000000357627869 0.0 0.0 0.0 0.0 0.0 0.0 0.0 0.0 0.0 0.09000000357627869 -0.18000000715255737 0.09000000357627869 0.09000000357627869 0.550000011920929 -0.550000011920929 -0.6200000047683716 0.3199999928474426 0.0 0.5099999904632568 -0.5099999904632568 0.0 0.0 0.0 0.09000000357627869 0.0 0.0 0.5099999904632568 -0.5099999904632568 0.0 0.0 0.0 0.09000000357627869 0.0 0.5099999904632568 -0.5099999904632568 0.0 0.0 -0.27000001072883606 0.09000000357627869 0.0 0.09000000357627869
352 0.09000000357627869 0.0 0.0 -0.27000001072883606 0.09000000357627869 0.0 0.0 0.0 0.0 0.0 -0.5099999904632568 0.0 0.0 0.0 0.0 0.0 0.0 0.0 0.0 0.0 0.0 0.0 0.0 0.0 0.0 0.0 0.0 -0.5099999904632568 0.0 0.0 0.0 0.0 0.0 0.0 0.0 0.0 0.0 0.0 0.0 0.09000000357627869 0.09000000357627869 0.0 0.09000000357627869 0.0 0.0 0.0 0.0 0.0 0.0 0.0 0.09000000357627869 0.0 0.0 0.09000000357627869 0.0 0.0 0.0 0.0 0.0 0.09000000357627869 -0.27000001072883606 0.0 0.09000000357627869 0.0 0.0 -0.5099999904632568 0.0 0.0 0.5099999904632568 0.0 0.0 0.0 0.09000000357627869 0.0 0.09000000357627869 0.0 0.550000011920929 -0.550000011920929 -0.6200000047683716 0.3199999928474426 0.30000001192092896 0.0 0.0 -0.4699999988079071 0.3100000023841858 0.0 0.09000000357627869 0.5099999904632568 -0.5099999904632568 -0.4699999988079071 0.0 0.0 0.09000000357627869 0.0 0.0 0.09000000357627869 0.6200000047683716 -0.7599999904632568 -0.7599999904632568 0.0 -0.5099999904632568 0.0 0.0 0.0 0.0 0.0 0.0 0.0 0.0 0.09000000357627869 0.0 0.0 0.0 0.09000000357627869 0.0 0.0 0.0 0.0 0.0 0.0 0.0 0.0 0.09000000357627869 0.09000000357627869 -0.18000000715255737 0.09000000357627869 0.0 0.550000011920929 0.0 0.0 0.0 -0.4699999988079071 0.0 0.0 0.09000000357627869 -0.18000000715255737 0.09000000357627869 0.09000000357627869 -0.2800000011920929 0.09000000357627869 0.0 -0.5099999904632568 0.0 0.0 0.0 0.09000000357627869 0.0 0.0 0.09000000357627869 0.0 0.09000000357627869 0.09000000357627869 0.20000000298023224 0.09000000357627869 0.09000000357627869 -0.699999988079071 0.4399999976158142 0.6399999856948853 -0.800000011920929 0.46000000834465027 0.46000000834465027 -0.800000011920929 0.46000000834465027 0.46000000834465027 0.0 -0.5099999904632568 0.0 0.0 0.0 0.09000000357627869 0.0 0.0 0.0 0.0 0.09000000357627869 0.0 0.0 0.0 0.0 0.0 0.0 0.09000000357627869 0.0 0.0 0.0 0.0 0.0 0.0 0.0 0.09000000357627869 -0.18000000715255737 0.09000000357627869 0.09000000357627869 0.0 -0.18000000715255737 0.09000000357627869 0.09000000357627869 0.0 -0.11999999731779099 -0.11999999731779099 0.10999999940395355 -0.5400000214576721 0.4300000071525574 -0.11999999731779099 0.11999999731779099 -0.11999999731779099 0.11999999731779099 0.0 0.0 0.09000000357627869 0.0 0.0 0.09000000357627869 0.0 0.0 0.0 0.0 0.0 0.0 0.0 0.09000000357627869 0.0 0.0 0.0 0.0 0.5099999904632568 -0.5099999904632568 0.0 0.0 0.0 0.5099999904632568 -0.5099999904632568 0.0 0.0 0.0 0.09000000357627869 0.0 0.0 0.09000000357627869 0.0 0.09000000357627869 0.0 -0.5099999904632568 0.0 0.0 0.0 0.0 0.0 0.0 0.0 0.0 0.0 0.11999999731779099 0.0 0.11999999731779099 0.0 0.0 0.0 0.0 0.0 0.0 0.0 0.0 0.0 0.0 0.0 0.0 0.0 0.0 0.09000000357627869 -0.6600000262260437 0.4300000071525574 0.5099999904632568 0.0 -0.4699999988079071 0.0 0.0 0.09000000357627869 -0.27000001072883606 0.09000000357627869 0.09000000357627869 0.09000000357627869 0.5099999904632568 -0.5099999904632568 -0.4699999988079071 0.0 0.0 0.09000000357627869 0.0 0.09000000357627869 0.0 0.09000000357627869 0.0 0.0 0.0 0.0 0.0 0.0 0.0 0.0 0.0 0.0 0.0 0.0 0.0 0.0 0.0 0.0 0.0 0.09000000357627869 0.09000000357627869 0.0 0.0 0.0 0.0 0.0 0.0 -0.27000001072883606 0.09000000357627869 0.09000000357627869 0.09000000357627869 0.5099999904632568 -0.5099999904632568 -0.4699999988079071 0.0 0.0 0.09000000357627869 0.05000000074505806 0.09000000357627869 0.09000000357627869 0.0 0.0 0.5099999904632568 -0.5099999904632568 0.0 0.0 0.0 0.09000000357627869 0.0 0.5099999904632568 -0.5099999904632568 0.0 0.0 0.0 0.09000000357627869 -0.18000000715255737 0.09000000357627869 0.0 -0.18000000715255737 0.09000000357627869 0.09000000357627869 0.550000011920929 -0.550000011920929 -0.6200000047683716 0.3199999928474426 0.30000001192092896 0.5099999904632568 -0.5099999904632568 0.0 0.3100000023841858 0.0 0.0 0.0 0.0 0.0 0.0 0.0 0.09000000357627869 0.09000000357627869 0.0 0.09000000357627869 -0.18000000715255737 0.09000000357627869 0.09000000357627869 -0.18000000715255737 0.09000000357627869 0.09000000357627869 0.5099999904632568 -0.5099999904632568 0.0 0.0 0.0 0.09000000357627869 0.0 0.0 0.0 0.0 0.09000000357627869 -0.27000001072883606 0.09000000357627869 0.0 0.0 -0.27000001072883606 0.09000000357627869 0.09000000357627869 0.09000000357627869 0.0 0.0 0.0 0.0 0.0 0.0 0.0 0.0 0.0 0.0 0.0 0.0 -0.09000000357627869 0.0 0.0 0.0 0.0 0.0 0.0 0.0 0.0 0.0 0.09000000357627869 -0.10999999940395355 0.09000000357627869 0.09000000357627869 -0.23000000417232513 0.1599999964237213 0.5099999904632568 -0.5099999904632568 -0.4699999988079071 0.0 0.0 0.09000000357627869 0.0 0.09000000357627869 0.09000000357627869 -0.18000000715255737 0.09000000357627869 0.09000000357627869 0.0 0.0 0.0 0.0 0.09000000357627869 0.0 0.0 0.09000000357627869 0.0 -0.11999999731779099 0.11999999731779099 -0.11999999731779099 0.11999999731779099 -0.11999999731779099 0.0 0.0 0.0 -0.11999999731779099 0.11999999731779099 0.3100000023841858 0.0 0.0 0.0 0.0 0.0 0.0 0.0 0.0 0.0 0.0 -0.27000001072883606 0.09000000357627869 0.0 0.0 0.0 0.0 -0.4699999988079071 0.0 0.0 0.0 0.0 0.09000000357627869 -0.27000001072883606 0.09000000357627869 0.09000000357627869 0.0 0.0 0.09000000357627869 0.0 0.0 0.0 0.0 -0.4699999988079071 0.0 0.09000000357627869 0.0 0.0 -0.4699999988079071 0.07000000029802322 0.0 0.0 0.0 0.0 0.0 0.0 0.09000000357627869 0.0 0.0 0.0 0.0 0.0 0.0 0.0 0.0 0.0 0.09000000357627869 -0.18000000715255737 0.09000000357627869 0.09000000357627869 0.550000011920929 -0.550000011920929 -0.6200000047683716 0.3199999928474426 0.0 0.5099999904632568 -0.5099999904632568 0.0 0.0 0.0 0.09000000357627869 0.5099999904632568 -0.5099999904632568 0.0 0.0 0.0 0.09000000357627869 0.0 0.5099999904632568 -0.5099999904632568 0.0 0.0 0.0 -0.5099999904632568 0.0 0.3100000023841858 0.0 0.0 0.0 0.0 0.09000000357627869 0.0 0.09000000357627869 -0.27000001072883606 0.09000000357627869 0.0 0.09000000357627869 0.0 0.0 0.0 0.09000000357627869 0.0 0.0 0.0 0.0 0.0 0.0 0.0 0.0 0.0 0.0 0.0 0.0 0.0 0.0 0.0 0.0
353 0.0 0.0 0.0 0.0 0.0 0.09000000357627869 0.0 0.09000000357627869 -0.5099999904632568 0.0 0.0 0.0 0.0 0.0 0.0 0.0 0.0 0.09000000357627869 0.0 0.0 0.0 0.09000000357627869 0.0 0.09000000357627869 0.09000000357627869 0.20000000298023224 0.09000000357627869 -0.699999988079071 0.4399999976158142 0.6399999856948853 -0.800000011920929 0.46000000834465027 0.46000000834465027 -0.800000011920929 0.46000000834465027 0.46000000834465027 0.0 0.0 0.4300000071525574 0.11999999731779099 0.0 0.0 0.0 0.0 0.11999999731779099 0.0 0.0 0.0 0.0 0.0 0.0 0.0 0.0 0.0 0.5099999904632568 0.0 0.5099999904632568 -0.5099999904632568 -0.4699999988079071 0.0 0.0 0.09000000357627869 0.0 0.09000000357627869 0.0 0.09000000357627869 0.0 0.0 0.0 0.0 0.0 0.0 0.0 0.0 0.0 0.0 0.0 0.0 0.0 0.0 0.0 0.0 0.0 0.09000000357627869 0.09000000357627869 0.0 0.0 0.0 0.0 0.0 0.0 -0.27000001072883606 0.09000000357627869 0.09000000357627869 0.5099999904632568 -0.5099999904632568 -0.4699999988079071 0.0 0.0 0.09000000357627869 0.05000000074505806 0.09000000357627869 0.09000000357627869 0.0 0.0 0.5099999904632568 -0.5099999904632568 0.0 0.0 0.0 0.09000000357627869 0.0 0.5099999904632568 -0.5099999904632568 0.0 0.0 0.0 0.09000000357627869 -0.18000000715255737 0.09000000357627869 0.0 -0.18000000715255737 0.09000000357627869 0.09000000357627869 0.550000011920929 -0.550000011920929 -0.6200000047683716 0.3199999928474426 0.30000001192092896 0.5099999904632568 -0.5099999904632568 0.0 0.0 0.0 0.0 0.0 0.09000000357627869 0.0 0.0 0.09000000357627869 0.0 0.0 0.09000000357627869 0.09000000357627869 0.0 0.09000000357627869 0.0 0.0 0.0 0.0 0.0 0.0 0.09000000357627869 0.09000000357627869 0.0 0.09000000357627869 -0.18000000715255737 0.09000000357627869 0.09000000357627869 -0.18000000715255737 0.09000000357627869 0.09000000357627869 0.5099999904632568 -0.5099999904632568 0.0 0.0 0.0 0.09000000357627869 0.0 0.0 0.0 0.0 0.09000000357627869 -0.27000001072883606 0.09000000357627869 0.0 0.0 -0.27000001072883606 0.09000000357627869 0.09000000357627869 0.09000000357627869 0.0 0.0 0.0 0.0 0.0 0.0 0.0 0.0 0.0 0.0 0.0 0.0 -0.09000000357627869 0.0 0.0 0.0 0.0 0.0 0.0 0.0 0.0 0.0 0.09000000357627869 -0.10999999940395355 0.09000000357627869 0.09000000357627869 -0.23000000417232513 0.1599999964237213 0.5099999904632568 -0.5099999904632568 -0.4699999988079071 0.0 0.0 0.09000000357627869 0.0 0.09000000357627869 0.09000000357627869 -0.18000000715255737 0.09000000357627869 0.09000000357627869 0.550000011920929 -0.550000011920929 0.0 -0.5099999904632568 0.0 0.0 0.0 0.09000000357627869 0.0 0.0 0.09000000357627869 0.0 -0.11999999731779099 -0.11999999731779099 0.0 0.0 -0.11999999731779099 0.11999999731779099 0.5099999904632568 -0.4699999988079071 0.3100000023841858 -0.019999999552965164 0.09000000357627869 0.0 -0.4699999988079071 0.0 0.0 0.09000000357627869 0.0 0.0 0.0 0.0 0.0 0.0 0.0 0.0 0.0 -0.27000001072883606 0.5099999904632568 -0.5099999904632568 0.0 0.0 0.0 0.09000000357627869 0.5099999904632568 -0.5099999904632568 0.0 -0.5099999904632568 0.0 0.0 0.0 0.0 0.0 0.0 0.0 0.0 0.0 0.0 -0.4699999988079071 0.0 0.0 0.0 0.0 0.09000000357627869 -0.27000001072883606 0.09000000357627869 0.09000000357627869 0.0 0.0 0.09000000357627869 0.0 0.0 0.0 0.0 -0.4699999988079071 0.0 0.0 0.09000000357627869 0.0 0.09000000357627869 0.09000000357627869 -0.2800000011920929 0.09000000357627869 0.09000000357627869 0.0 0.0 -0.4699999988079071 0.0 0.07000000029802322 0.09000000357627869 0.0 0.09000000357627869 0.0 0.0 0.0 0.0 0.0 0.0 0.0 0.09000000357627869 0.0 0.0 0.0 0.0 0.0 0.0 0.0 0.0 0.0 0.09000000357627869 -0.18000000715255737 0.09000000357627869 0.09000000357627869 0.550000011920929 -0.550000011920929 -0.6200000047683716 0.3199999928474426 0.0 0.5099999904632568 -0.5099999904632568 0.0 0.0 0.0 0.09000000357627869 0.0 0.0 0.09000000357627869 -0.18000000715255737 0.09000000357627869 0.09000000357627869 -0.18000000715255737 0.09000000357627869 0.05000000074505806 0.5099999904632568 -0.5099999904632568 0.0 0.0 0.0 0.09000000357627869 0.0 0.5099999904632568 -0.5099999904632568 0.0 0.0 0.0 0.09000000357627869 0.0 -0.5099999904632568 0.0 0.0 -0.27000001072883606 0.0 0.09000000357627869 0.0 0.0 0.0 0.0 0.09000000357627869 0.0 0.0 0.0 0.0 0.0 0.0 0.0 0.0 0.0 0.0 0.0 0.0
354 0.0 0.0 0.0 0.09000000357627869 0.0 0.0 0.550000011920929 -0.550000011920929 -0.6200000047683716 0.3199999928474426 0.30000001192092896 0.0 0.09000000357627869 0.0 0.0 0.09000000357627869 0.6200000047683716 -0.7599999904632568 -0.7599999904632568 0.0 -0.5099999904632568 0.0 0.0 0.0 0.0 0.0 0.0 0.0 0.0 0.09000000357627869 0.0 0.0 0.0 0.09000000357627869 0.0 0.09000000357627869 0.09000000357627869 0.20000000298023224 0.09000000357627869 0.09000000357627869 -0.699999988079071 0.4399999976158142 0.6399999856948853 -0.800000011920929 0.46000000834465027 0.46000000834465027 -0.800000011920929 0.46000000834465027 0.46000000834465027 0.0 0.0 0.0 0.09000000357627869 0.0 0.09000000357627869 0.0 0.09000000357627869 0.0 0.0 0.0 0.0 0.0 0.0 0.0 0.0 0.0 0.0 0.0 0.0 0.0 0.0 0.0 0.0 0.0 0.5099999904632568 -0.4699999988079071 0.0 0.0 0.09000000357627869 0.05000000074505806 0.09000000357627869 0.0 0.0 0.5099999904632568 -0.5099999904632568 0.0 0.0 0.0 0.09000000357627869 0.0 0.5099999904632568 -0.5099999904632568 0.0 0.0 0.0 0.09000000357627869 -0.18000000715255737 0.09000000357627869 0.0 -0.18000000715255737 0.09000000357627869 0.09000000357627869 0.550000011920929 -0.550000011920929 -0.6200000047683716 0.3199999928474426 0.30000001192092896 0.5099999904632568 -0.5099999904632568 0.0 0.0 0.0 0.0 0.0 0.09000000357627869 0.0 0.0 0.09000000357627869 0.0 0.0 0.09000000357627869 0.09000000357627869 0.0 0.09000000357627869 0.0 0.0 0.0 0.0 0.0 0.3100000023841858 0.0 0.0 0.0 0.0 0.0 0.0 0.0 0.0 0.09000000357627869 0.0 0.0 0.0 0.0 0.09000000357627869 -0.27000001072883606 0.09000000357627869 0.0 0.0 -0.27000001072883606 0.09000000357627869 0.09000000357627869 0.09000000357627869 0.0 0.0 0.0 0.0 0.0 0.0 0.0 0.0 0.0 0.0 0.0 0.0 -0.09000000357627869 0.0 0.0 0.0 0.0 0.0 0.0 0.0 0.0 0.0 0.09000000357627869 -0.10999999940395355 0.09000000357627869 0.09000000357627869 -0.23000000417232513 0.1599999964237213 0.5099999904632568 -0.5099999904632568 -0.4699999988079071 0.0 0.0 0.09000000357627869 0.0 0.09000000357627869 0.09000000357627869 -0.18000000715255737 0.09000000357627869 0.09000000357627869 0.550000011920929 -0.550000011920929 -0.6200000047683716 0.3199999928474426 0.30000001192092896 0.0 -0.5099999904632568 0.0 0.0 0.0 0.09000000357627869 0.0 0.0 0.09000000357627869 0.0 -0.11999999731779099 0.11999999731779099 -0.11999999731779099 0.11999999731779099 -0.11999999731779099 0.0 0.0 0.0 -0.11999999731779099 0.11999999731779099 0.5099999904632568 -0.5099999904632568 -0.4699999988079071 0.3100000023841858 -0.019999999552965164 0.09000000357627869 0.09000000357627869 0.0 -0.4699999988079071 0.0 0.0 0.0 0.0 0.0 0.0 0.0 0.0 0.0 0.0 0.0 -0.5099999904632568 0.0 0.0 -0.4699999988079071 0.0 0.0 0.0 0.0 0.09000000357627869 -0.27000001072883606 0.09000000357627869 0.09000000357627869 0.0 0.0 0.09000000357627869 0.0 0.0 0.0 0.0 -0.4699999988079071 0.0 0.0 0.09000000357627869 0.0 0.0 -0.4699999988079071 0.0 0.0 0.0 0.0 0.0 0.09000000357627869 0.0 0.0 0.0 0.0 0.0 0.0 0.0 0.0 0.0 0.09000000357627869 -0.18000000715255737 0.09000000357627869 0.09000000357627869 0.550000011920929 -0.550000011920929 -0.6200000047683716 0.3199999928474426 0.0 0.5099999904632568 -0.5099999904632568 0.0 0.0 0.0 0.09000000357627869 0.0 0.0 0.09000000357627869 0.5099999904632568 -0.5099999904632568 0.0 0.0 0.0 0.09000000357627869 0.0 0.0 0.0 0.0
355 0.0 0.09000000357627869 0.09000000357627869 0.0 -0.5099999904632568 0.0 0.0 0.0 0.0 0.0 0.0 0.0 0.0 0.0 0.0 0.0 0.09000000357627869 0.09000000357627869 0.0 0.09000000357627869 0.0 0.0 0.0 0.0 0.0 0.0 0.0 0.09000000357627869 0.0 0.0 0.0 -0.27000001072883606 0.0 0.09000000357627869 0.0 0.0 -0.5099999904632568 0.0 0.0 0.0 0.5099999904632568 -0.5099999904632568 0.0 0.0 0.0 0.09000000357627869 0.0 0.09000000357627869 0.0 0.550000011920929 -0.550000011920929 -0.6200000047683716 0.3199999928474426 0.30000001192092896 0.0 0.0 -0.4699999988079071 0.3100000023841858 0.0 0.09000000357627869 -0.27000001072883606 0.09000000357627869 0.09000000357627869 0.09000000357627869 0.5099999904632568 -0.5099999904632568 -0.4699999988079071 0.0 0.0 0.09000000357627869 0.0 0.0 0.09000000357627869 0.6200000047683716 -0.7599999904632568 -0.7599999904632568 0.0 -0.5099999904632568 0.0 0.0 0.0 0.0 0.0 0.0 0.0 0.0 0.09000000357627869 0.0 0.0 0.0 0.09000000357627869 0.0 0.0 0.0 0.0 0.0 0.0 0.0 0.0 0.09000000357627869 0.09000000357627869 -0.18000000715255737 0.09000000357627869 0.0 0.550000011920929 0.0 0.0 0.0 -0.4699999988079071 0.0 0.0 0.09000000357627869 -0.18000000715255737 0.09000000357627869 0.09000000357627869 -0.2800000011920929 0.09000000357627869 0.09000000357627869 0.6200000047683716 -0.7599999904632568 -0.7599999904632568 0.0 -0.5099999904632568 0.0 0.0 0.0 0.09000000357627869 0.0 0.0 0.09000000357627869 0.0 0.09000000357627869 0.09000000357627869 0.20000000298023224 0.09000000357627869 0.09000000357627869 -0.699999988079071 0.4399999976158142 0.6399999856948853 -0.800000011920929 0.46000000834465027 0.46000000834465027 -0.800000011920929 0.46000000834465027 0.46000000834465027 0.0 -0.5099999904632568 0.0 0.0 0.0 0.09000000357627869 0.0 0.0 0.0 0.0 0.09000000357627869 0.0 0.0 0.0 0.0 0.0 0.0 0.09000000357627869 0.0 0.0 0.11999999731779099 -0.11999999731779099 0.11999999731779099 0.0 0.0 0.0 0.0 0.0 0.0 0.0 0.11999999731779099 0.0 0.0 0.0 0.0 0.0 0.0 0.0 0.0 -0.4699999988079071 0.0 0.0 0.09000000357627869 0.0 0.09000000357627869 0.0 0.09000000357627869 0.0 0.0 0.0 0.0 0.0 0.0 0.0 0.0 0.0 0.0 0.0 0.0 0.0 0.0 0.0 0.0 0.09000000357627869 0.0 0.0 0.0 0.0 0.0 0.0 0.0 0.09000000357627869 0.0 0.5099999904632568 -0.5099999904632568 0.0 0.0 0.0 0.09000000357627869 -0.18000000715255737 0.09000000357627869 0.0 -0.18000000715255737 0.09000000357627869 0.09000000357627869 0.550000011920929 -0.550000011920929 -0.6200000047683716 0.5099999904632568 -0.5099999904632568 0.0 0.0 0.0 0.0 0.0 0.09000000357627869 0.0 0.0 0.09000000357627869 0.0 0.0 0.09000000357627869 0.09000000357627869 0.0 0.09000000357627869 0.0 0.0 0.0 0.0 0.0 0.3100000023841858 0.0 0.0 0.0 0.0 0.0 0.0 0.0 0.09000000357627869 0.09000000357627869 0.0 0.09000000357627869 -0.18000000715255737 0.09000000357627869 0.09000000357627869 -0.18000000715255737 0.09000000357627869 0.09000000357627869 0.5099999904632568 -0.5099999904632568 0.0 0.0 0.0 0.0 0.0 0.0 0.0 0.0 0.0 0.0 -0.09000000357627869 0.0 0.0 0.0 0.0 0.0 0.0 0.0 0.0 0.0 0.09000000357627869 -0.10999999940395355 0.09000000357627869 0.09000000357627869 -0.23000000417232513 0.1599999964237213 0.5099999904632568 -0.5099999904632568 -0.4699999988079071 0.0 0.0 0.09000000357627869 0.0 0.09000000357627869 0.09000000357627869 -0.18000000715255737 0.09000000357627869 0.09000000357627869 0.550000011920929 -0.550000011920929 -0.6200000047683716 0.3199999928474426 0.30000001192092896 0.0 -0.5099999904632568 0.0 0.0 0.0 0.09000000357627869 0.0 0.0 0.09000000357627869 0.0 -0.11999999731779099 0.11999999731779099 -0.11999999731779099 0.11999999731779099 -0.11999999731779099 0.0 0.0 0.0 -0.11999999731779099 0.11999999731779099 0.5099999904632568 -0.5099999904632568 -0.4699999988079071 0.3100000023841858 -0.019999999552965164 0.09000000357627869 0.09000000357627869 0.0 -0.5099999904632568 -0.4699999988079071 0.0 0.0 0.09000000357627869 0.0 0.0 0.0 0.0 0.0 0.0 0.0 0.0 0.0 -0.27000001072883606 0.09000000357627869 0.0 0.09000000357627869 0.5099999904632568 -0.5099999904632568 -0.28999999165534973 0.0 0.0 0.0 0.0 -0.4699999988079071 0.0 0.0 0.0 0.0 0.09000000357627869 -0.27000001072883606 0.09000000357627869 0.09000000357627869 0.0 0.0 0.09000000357627869 0.0 0.0 0.0 0.0 -0.4699999988079071 0.0 0.0 0.0 0.09000000357627869 0.0 0.0 0.0 0.0 0.0 0.0 0.0 0.0 0.0 0.09000000357627869 -0.18000000715255737 0.09000000357627869 0.09000000357627869 0.550000011920929 -0.550000011920929 -0.6200000047683716 0.3199999928474426 0.0 0.5099999904632568 -0.5099999904632568 0.0 0.0 0.0 0.0 0.0 0.0
356 0.09000000357627869 0.0 0.0 0.0 0.0 -0.27000001072883606 0.09000000357627869 0.0 0.0 0.0 0.0 0.0 0.0 0.0 0.0 -0.27000001072883606 0.09000000357627869 0.09000000357627869 0.09000000357627869 0.0 -0.5099999904632568 0.0 0.0 0.0 0.0 0.0 0.0 0.0 0.0 0.0 0.0 0.0 0.0 0.0 0.0 0.0 0.09000000357627869 -0.18000000715255737 0.09000000357627869 0.0 -0.5099999904632568 0.0 0.0 0.0 0.0 0.0 0.0 0.0 0.0 0.0 0.0 0.0 0.09000000357627869 0.09000000357627869 0.0 0.09000000357627869 0.0 0.0 0.0 0.0 0.0 0.0 0.09000000357627869 0.0 -0.27000001072883606 0.0 0.0 0.0 0.0 0.09000000357627869 0.0 0.550000011920929 -0.550000011920929 -0.6200000047683716 0.3199999928474426 0.30000001192092896 0.0 0.0 0.0 0.09000000357627869 0.6200000047683716 -0.7599999904632568 0.0 -0.5099999904632568 0.0 0.0 0.0 0.0 0.0 0.0 0.0 0.0 0.09000000357627869 0.0 0.0 0.0 0.09000000357627869 0.0 0.0 0.0 0.0 0.0 0.09000000357627869 0.0 0.09000000357627869 0.09000000357627869 0.20000000298023224 0.09000000357627869 0.6399999856948853 -0.800000011920929 0.46000000834465027 0.46000000834465027 -0.800000011920929 0.46000000834465027 0.0 0.0 0.0 0.0 0.0 0.0 0.0 0.0 0.0 -0.5099999904632568 0.0 -0.5099999904632568 0.0 0.0 0.0 0.0 0.0 0.0 0.0 0.0 0.0 0.11999999731779099 0.0 0.11999999731779099 0.0 0.0 0.0 0.0 0.0 0.0 0.0 0.0 0.0 0.0 0.0 0.0 0.0 0.0 0.09000000357627869 -0.6600000262260437 0.4300000071525574 0.5099999904632568 0.0 -0.4699999988079071 0.0 0.0 0.09000000357627869 0.5099999904632568 -0.5099999904632568 -0.4699999988079071 0.0 0.0 0.09000000357627869 0.0 0.09000000357627869 0.0 0.09000000357627869 0.0 0.0 0.0 0.0 0.0 0.0 0.0 0.0 0.0 0.0 0.0 0.0 0.0 0.0 0.0 0.0 0.0 0.09000000357627869 0.09000000357627869 0.0 0.0 0.0 0.0 0.0 0.0 -0.27000001072883606 0.09000000357627869 0.09000000357627869 0.09000000357627869 0.5099999904632568 -0.5099999904632568 -0.4699999988079071 0.0 0.0 0.09000000357627869 0.05000000074505806 0.09000000357627869 0.09000000357627869 0.0 0.0 0.5099999904632568 -0.5099999904632568 0.0 0.0 0.0 0.09000000357627869 0.0 0.5099999904632568 -0.5099999904632568 0.0 0.0 0.0 0.09000000357627869 -0.18000000715255737 0.09000000357627869 0.0 -0.18000000715255737 0.09000000357627869 0.09000000357627869 0.550000011920929 -0.550000011920929 0.5099999904632568 -0.5099999904632568 0.0 0.0 0.0 0.0 0.0 0.09000000357627869 0.0 0.0 0.09000000357627869 0.0 0.0 0.09000000357627869 0.09000000357627869 0.0 0.09000000357627869 0.0 0.0 0.0 0.0 0.0 0.3100000023841858 0.0 0.0 0.0 0.0 0.0 0.0 0.0 0.09000000357627869 0.09000000357627869 0.0 0.09000000357627869 -0.18000000715255737 0.09000000357627869 0.09000000357627869 -0.18000000715255737 0.09000000357627869 0.09000000357627869 0.5099999904632568 -0.5099999904632568 0.0 0.0 0.0 0.09000000357627869 0.0 0.0 0.0 0.0 0.09000000357627869 -0.27000001072883606 0.09000000357627869 0.0 0.0 -0.27000001072883606 0.09000000357627869 0.09000000357627869 0.09000000357627869 0.0 0.0 0.0 0.0 0.0 0.09000000357627869 -0.10999999940395355 0.09000000357627869 0.09000000357627869 -0.23000000417232513 0.1599999964237213 0.5099999904632568 -0.5099999904632568 -0.4699999988079071 0.0 0.0 0.09000000357627869 0.0 0.09000000357627869 0.09000000357627869 -0.18000000715255737 0.09000000357627869 0.09000000357627869 0.550000011920929 -0.550000011920929 -0.6200000047683716 0.3199999928474426 0.30000001192092896 0.0 -0.5099999904632568 0.0 0.0 0.0 0.09000000357627869 0.0 0.0 0.09000000357627869 0.0 -0.11999999731779099 0.11999999731779099 -0.11999999731779099 0.11999999731779099 -0.11999999731779099 0.0 0.0 0.0 -0.11999999731779099 0.11999999731779099 0.5099999904632568 -0.5099999904632568 -0.4699999988079071 0.3100000023841858 -0.019999999552965164 0.09000000357627869 0.09000000357627869 0.0 -0.5099999904632568 -0.4699999988079071 0.0 0.0 0.09000000357627869 0.0 0.0 0.0 0.0 0.0 0.0 0.0 0.0 0.0 -0.27000001072883606 0.09000000357627869 0.0 0.09000000357627869 0.5099999904632568 -0.5099999904632568 -0.28999999165534973 0.0 0.0 0.09000000357627869 0.0 0.09000000357627869 -0.18000000715255737 0.09000000357627869 0.0 0.0 0.09000000357627869 0.0 0.0 0.0 -0.4699999988079071 0.3100000023841858 0.0 0.09000000357627869 -0.27000001072883606 0.09000000357627869 0.09000000357627869 0.09000000357627869 0.5099999904632568 -0.5099999904632568 -0.4699999988079071 0.3100000023841858 0.0 0.09000000357627869 0.0 0.09000000357627869 0.0 -0.5099999904632568 0.0 0.0 0.0 0.0 0.0 0.0 0.0 0.0 0.0 0.0 -0.4699999988079071 0.0 0.0 0.0 0.0 0.09000000357627869 -0.27000001072883606 0.09000000357627869 0.09000000357627869 0.0 0.0 0.09000000357627869 0.0 0.0 0.0 0.0 -0.4699999988079071 0.0 0.0 0.09000000357627869 0.0 0.09000000357627869 0.09000000357627869 -0.2800000011920929 0.09000000357627869 0.0 0.0 -0.4699999988079071 0.0 0.07000000029802322 0.09000000357627869 0.0 0.09000000357627869 0.0 0.0 0.0 0.0 0.0 0.0 0.0 0.09000000357627869 0.0 0.0 0.0 0.0 0.0 0.0 0.0 0.0 0.0 0.09000000357627869 -0.18000000715255737 0.09000000357627869 0.09000000357627869 0.550000011920929 -0.550000011920929 -0.6200000047683716 0.3199999928474426 0.0 0.5099999904632568 -0.5099999904632568 0.0 0.0 0.0 0.09000000357627869 0.0 0.0 0.09000000357627869 -0.18000000715255737 0.09000000357627869 0.5099999904632568 -0.5099999904632568 0.0 0.0 0.0 0.09000000357627869 0.0 0.5099999904632568 -0.5099999904632568 0.0 0.0 0.0 0.09000000357627869 -0.2800000011920929 0.09000000357627869 0.0 -0.5099999904632568 0.0 0.3100000023841858 0.0 0.0 0.0 0.09000000357627869 0.0 0.09000000357627869 0.0 0.09000000357627869 -0.27000001072883606 0.09000000357627869 0.0 0.09000000357627869 0.0 0.0 0.0 0.0 0.0 -0.5099999904632568 0.0 0.0 0.0 0.0 0.0 0.09000000357627869 0.0 0.0 0.0 0.0 0.0 0.0 0.0 0.0 0.0 0.0 0.0 0.0 0.0 0.0 0.0 0.0 0.0 0.0 0.0 0.0 0.09000000357627869 0.0 0.09000000357627869 0.0 0.0 0.0 0.0 0.0 0.0 0.09000000357627869 0.0 0.0 0.0 -0.09000000357627869 0.0 0.0 0.0 0.0
357 0.0 0.0 0.0 0.0 0.0 0.0 0.0 0.09000000357627869 0.09000000357627869 0.0 0.09000000357627869 0.0 0.0 -0.6200000047683716 0.3199999928474426 0.30000001192092896 0.0 0.09000000357627869 0.0 0.0 0.09000000357627869 0.0 0.0 0.0 0.0 0.0 0.0 0.0 0.0 0.0 0.0 0.0 0.5099999904632568 -0.5099999904632568 0.5099999904632568 -0.5099999904632568 0.0 0.0 0.0 0.0 0.0 0.09000000357627869 0.0 0.0 0.09000000357627869 0.0 0.0 0.09000000357627869 0.09000000357627869 0.0 0.09000000357627869 0.0 0.0 0.0 0.0 0.0 0.3100000023841858 0.0 0.0 0.0 0.0 0.0 0.0 0.0 0.09000000357627869 0.09000000357627869 0.0 0.09000000357627869 -0.18000000715255737 0.09000000357627869 0.09000000357627869 -0.18000000715255737 0.09000000357627869 0.09000000357627869 0.5099999904632568 -0.5099999904632568 0.0 0.0 0.0 0.09000000357627869 0.0 0.0 0.0 0.0 0.09000000357627869 -0.27000001072883606 0.09000000357627869 0.0 0.0 -0.27000001072883606 0.09000000357627869 0.09000000357627869 0.09000000357627869 0.0 0.0 0.0 0.0 0.0 0.0 0.0 0.0 0.0 0.0 0.0 0.0 -0.09000000357627869 0.0 0.0 0.0 0.0 0.0 0.0 -0.4699999988079071 0.0 0.0 0.09000000357627869 0.0 0.09000000357627869 0.09000000357627869 -0.18000000715255737 0.09000000357627869 0.09000000357627869 0.550000011920929 -0.550000011920929 -0.6200000047683716 0.3199999928474426 0.30000001192092896 0.0 -0.5099999904632568 0.0 0.0 0.0 0.09000000357627869 0.0 0.0 0.09000000357627869 0.0 -0.11999999731779099 0.11999999731779099 -0.11999999731779099 0.11999999731779099 -0.11999999731779099 0.0 0.0 0.0 -0.11999999731779099 0.11999999731779099 0.5099999904632568 -0.5099999904632568 -0.4699999988079071 0.3100000023841858 -0.019999999552965164 0.09000000357627869 0.09000000357627869 0.0 -0.5099999904632568 -0.4699999988079071 0.0 0.0 0.09000000357627869 0.0 0.0 0.0 0.0 0.0 0.0 0.0 0.0 0.0 -0.27000001072883606 0.09000000357627869 0.0 0.09000000357627869 0.5099999904632568 -0.5099999904632568 -0.28999999165534973 0.0 0.0 0.09000000357627869 0.0 0.09000000357627869 -0.18000000715255737 0.09000000357627869 0.0 0.0 0.09000000357627869 0.0 0.0 -0.4699999988079071 0.3100000023841858 0.0 0.09000000357627869 -0.27000001072883606 0.09000000357627869 0.09000000357627869 0.09000000357627869 0.5099999904632568 -0.5099999904632568 -0.4699999988079071 0.3100000023841858 0.0 0.0 -0.5099999904632568 0.0 0.0 0.0 0.0 0.0 0.0 0.0 0.0 0.0 0.0 -0.4699999988079071 0.0 0.0 0.0 0.0 0.09000000357627869 -0.27000001072883606 0.09000000357627869 0.09000000357627869 0.0 0.0 0.09000000357627869 0.0 0.0 0.0 0.0 -0.4699999988079071 0.0 0.0 0.09000000357627869 0.0 0.09000000357627869 0.09000000357627869 -0.2800000011920929 0.09000000357627869 0.09000000357627869 0.0 0.0 -0.4699999988079071 0.0 0.0 0.0 0.0 0.0 0.09000000357627869 0.0 0.0 0.0 0.0 0.0 0.0 0.0 0.0 0.0 0.09000000357627869 -0.18000000715255737 0.09000000357627869 0.09000000357627869 0.550000011920929 -0.550000011920929 -0.6200000047683716 0.3199999928474426 0.0 0.5099999904632568 -0.5099999904632568 0.0 0.0 0.0 0.0 0.0 0.0 0.0 0.0
358 -0.18000000715255737 0.09000000357627869 0.09000000357627869 -0.18000000715255737 0.09000000357627869 0.09000000357627869 0.0 -0.5099999904632568 0.0 0.0 0.0 0.0 0.0 0.0 0.0 0.0 0.0 0.0 0.09000000357627869 0.09000000357627869 0.0 0.09000000357627869 0.0 0.0 0.0 0.0 0.0 0.0 0.0 0.09000000357627869 0.0 0.09000000357627869 0.0 0.550000011920929 -0.550000011920929 -0.6200000047683716 0.3199999928474426 0.30000001192092896 0.0 0.0 -0.4699999988079071 0.3100000023841858 0.09000000357627869 -0.4699999988079071 0.0 0.0 0.09000000357627869 0.0 0.0 0.09000000357627869 0.6200000047683716 -0.7599999904632568 -0.7599999904632568 0.0 -0.5099999904632568 0.0 0.0 0.0 0.0 0.0 0.0 0.0 0.0 0.0 0.09000000357627869 0.0 0.0 0.0 -0.5099999904632568 0.0 0.0 0.0 0.0 0.0 0.0 0.09000000357627869 0.0 0.0 0.09000000357627869 0.0 0.09000000357627869 0.0 0.0 0.0 0.0 0.3100000023841858 0.0 0.0 0.0 0.0 0.0 0.0 0.0 0.09000000357627869 0.09000000357627869 0.0 0.09000000357627869 -0.18000000715255737 0.09000000357627869 0.09000000357627869 -0.18000000715255737 0.09000000357627869 0.09000000357627869 0.5099999904632568 -0.5099999904632568 0.0 0.0 0.0 0.09000000357627869 0.0 0.0 0.0 0.0 0.09000000357627869 -0.27000001072883606 0.09000000357627869 0.0 0.0 -0.27000001072883606 0.09000000357627869 0.09000000357627869 0.09000000357627869 0.0 0.0 0.0 0.0 0.0 0.0 0.0 0.0 0.0 0.0 0.0 0.0 -0.09000000357627869 0.0 0.0 0.0 0.0 0.0 0.0 0.0 0.0 0.0 0.09000000357627869 -0.10999999940395355 0.09000000357627869 0.09000000357627869 -0.23000000417232513 0.1599999964237213 0.5099999904632568 -0.5099999904632568 0.0 0.0 0.0 0.09000000357627869 0.0 0.0 0.09000000357627869 0.0 -0.11999999731779099 0.11999999731779099 -0.11999999731779099 0.11999999731779099 -0.11999999731779099 0.0 0.0 0.0 -0.11999999731779099 0.11999999731779099 0.5099999904632568 -0.5099999904632568 -0.4699999988079071 0.3100000023841858 -0.019999999552965164 0.09000000357627869 0.09000000357627869 0.0 -0.5099999904632568 -0.4699999988079071 0.0 0.0 0.09000000357627869 0.0 0.0 0.0 0.0 0.0 0.0 0.0 0.0 0.0 -0.27000001072883606 0.09000000357627869 0.0 0.09000000357627869 0.5099999904632568 -0.5099999904632568 -0.28999999165534973 0.09000000357627869 0.0 0.0 0.09000000357627869 0.0 0.0 0.0 -0.4699999988079071 0.0 0.0 0.0 0.0 0.09000000357627869 -0.27000001072883606 0.09000000357627869 0.09000000357627869 0.0 0.0 0.09000000357627869 0.0 0.0 0.0 0.0 0.0 0.0 0.0 0.0 0.0 0.550000011920929 -0.550000011920929 -0.6200000047683716 0.3199999928474426 0.0 0.0 0.0 0.0
359 0.0 0.5099999904632568 -0.5099999904632568 0.0 0.0 0.09000000357627869 0.0 0.0 -0.27000001072883606 0.09000000357627869 0.09000000357627869 0.09000000357627869 -0.18000000715255737 0.09000000357627869 0.09000000357627869 0.0 -0.5099999904632568 0.0 0.0 0.0 0.0 0.0 0.0 0.0 0.0 0.0 0.0 0.0 0.0 0.0 0.0 0.0 0.0 0.0 0.0 0.0 -0.27000001072883606 0.0 0.09000000357627869 0.09000000357627869 0.0 0.0 -0.28999999165534973 0.0 0.0 0.09000000357627869 0.0 0.09000000357627869 -0.18000000715255737 0.09000000357627869 0.09000000357627869 -0.18000000715255737 0.09000000357627869 0.09000000357627869 0.0 -0.5099999904632568 0.0 0.0 0.0 0.0 0.0 0.0 0.0 0.0 0.0 0.0 0.0 0.09000000357627869 0.09000000357627869 0.0 0.09000000357627869 0.0 0.0 0.0 0.0 0.0 0.0 0.0 0.09000000357627869 0.0 0.0 0.09000000357627869 0.0 0.0 0.0 0.0 0.0 -0.27000001072883606 0.0 0.09000000357627869 0.0 0.0 -0.5099999904632568 0.0 0.0 0.0 0.0 -0.27000001072883606 0.0 0.09000000357627869 0.09000000357627869 0.5099999904632568 -0.5099999904632568 0.0 0.0 0.0 0.09000000357627869 0.0 0.09000000357627869 0.0 0.550000011920929 -0.550000011920929 -0.6200000047683716 0.3199999928474426 0.30000001192092896 0.0 0.0 -0.4699999988079071 0.3100000023841858 0.0 0.09000000357627869 -0.27000001072883606 0.09000000357627869 0.09000000357627869 0.09000000357627869 0.5099999904632568 -0.5099999904632568 -0.4699999988079071 0.0 0.0 0.09000000357627869 0.0 0.0 0.09000000357627869 0.6200000047683716 -0.7599999904632568 -0.7599999904632568 0.0 -0.5099999904632568 0.0 0.0 0.0 0.0 0.0 0.0 0.0 0.0 0.09000000357627869 0.0 0.0 0.0 0.09000000357627869 0.0 0.0 0.0 0.0 0.0 0.0 0.0 0.0 0.09000000357627869 -0.18000000715255737 0.09000000357627869 0.0 0.550000011920929 -0.550000011920929 0.0 0.3199999928474426 0.0 0.0 -0.4699999988079071 0.0 0.09000000357627869 0.0 0.0 0.0 0.09000000357627869 0.0 0.09000000357627869 0.09000000357627869 0.0 0.0 0.0 0.0 0.09000000357627869 0.3100000023841858 0.0 0.0 -0.27000001072883606 0.09000000357627869 0.09000000357627869 0.09000000357627869 -0.27000001072883606 0.09000000357627869 0.0 0.0 0.0 0.0 0.0 0.0 0.0 0.0 0.11999999731779099 0.0 0.0 0.0 0.0 0.0 0.0 0.0 0.09000000357627869 0.0 0.0 0.0 0.0 0.0 0.0 0.09000000357627869 0.5099999904632568 -0.5099999904632568 0.0 0.0 0.0 0.0 0.0 0.09000000357627869 0.0 0.0 0.09000000357627869 0.0 0.0 0.09000000357627869 0.09000000357627869 0.0 0.09000000357627869 0.0 0.0 0.0 0.0 0.0 0.3100000023841858 0.0 0.0 0.0 0.0 0.0 0.0 0.0 0.09000000357627869 0.09000000357627869 0.0 0.09000000357627869 -0.18000000715255737 0.09000000357627869 0.09000000357627869 -0.18000000715255737 0.5099999904632568 -0.5099999904632568 0.0 0.0 0.0 0.09000000357627869 0.0 0.0 0.0 0.0 0.09000000357627869 -0.27000001072883606 0.09000000357627869 0.0 0.0 -0.27000001072883606 0.09000000357627869 0.09000000357627869 0.09000000357627869 0.0 0.0 0.0 0.0 0.0 0.0 0.0 0.0 0.0 0.0 0.0 0.0 -0.09000000357627869 0.0 0.0 0.0 0.0 0.0 0.0 0.0 0.0 0.0 0.09000000357627869 -0.10999999940395355 0.09000000357627869 0.09000000357627869 -0.23000000417232513 0.1599999964237213 0.5099999904632568 -0.5099999904632568 -0.4699999988079071 0.0 0.0 0.09000000357627869 0.0 0.09000000357627869 0.09000000357627869 -0.18000000715255737 0.09000000357627869 0.09000000357627869 0.550000011920929 -0.550000011920929 -0.6200000047683716 0.3199999928474426 0.30000001192092896 0.0 -0.5099999904632568 -0.4699999988079071 0.3100000023841858 -0.019999999552965164 0.09000000357627869 0.09000000357627869 0.0 -0.5099999904632568 -0.4699999988079071 0.0 0.0 0.09000000357627869 0.0 0.0 0.0 0.0 0.0 0.0 0.0 0.0 0.0 -0.27000001072883606 0.09000000357627869 0.0 0.09000000357627869 0.5099999904632568 -0.5099999904632568 -0.28999999165534973 0.0 0.0 0.09000000357627869 0.0 0.09000000357627869 -0.18000000715255737 0.09000000357627869 0.0 0.0 0.09000000357627869 0.0 0.0 0.0 -0.4699999988079071 0.3100000023841858 0.09000000357627869 0.0 0.0 0.0 0.0 0.0 0.0 0.0 0.0 -0.4699999988079071 0.0 0.0 0.0 0.0 0.09000000357627869 -0.27000001072883606 0.09000000357627869 0.09000000357627869 0.0 0.0 0.09000000357627869 0.0 0.0 0.0 0.0 0.0 0.0 0.0 0.0 0.0 -0.6200000047683716 0.3199999928474426 0.0 0.0 0.0 0.0 0.0 0.0 0.0 0.0 0.0 0.0 0.0 0.0 0.0 0.0 -0.09000000357627869 0.0 0.0 0.0 0.0 -0.6200000047683716 0.3199999928474426 0.30000001192092896
36 0.0 0.3100000023841858 0.0 0.09000000357627869 -0.6600000262260437 0.0 0.0 -0.4699999988079071 0.3100000023841858 0.0 0.0 -0.18000000715255737 0.09000000357627869 0.09000000357627869 0.0 0.0 -0.27000001072883606 0.09000000357627869 0.0 0.09000000357627869 0.0 0.09000000357627869 0.09000000357627869 0.09000000357627869 0.0 -0.5099999904632568 0.0 0.0 0.0 0.09000000357627869 0.0 0.09000000357627869 0.09000000357627869 0.0 0.09000000357627869 0.0 -0.18000000715255737 0.09000000357627869 0.09000000357627869 0.0 -0.5099999904632568 -0.4699999988079071 0.3100000023841858 -0.019999999552965164 0.0 0.09000000357627869 0.5099999904632568 -0.5099999904632568 0.0 0.0 0.0 0.09000000357627869 0.0 0.09000000357627869 -0.6600000262260437 0.4300000071525574 -0.27000001072883606 0.09000000357627869 0.09000000357627869 0.09000000357627869 0.0 0.0 0.0 0.3100000023841858 0.0 0.0 0.0 0.09000000357627869 0.0 0.09000000357627869 0.0 0.09000000357627869 -0.27000001072883606 0.09000000357627869 0.0 0.09000000357627869 0.0 -0.5099999904632568 0.0 0.0 0.0 0.09000000357627869 0.0 0.09000000357627869 -0.6600000262260437 0.4300000071525574 -0.27000001072883606 0.09000000357627869 0.09000000357627869 0.0 -0.5099999904632568 0.09000000357627869 0.46000000834465027 -0.11999999731779099 0.11999999731779099 0.0 0.11999999731779099 0.0 0.11999999731779099 -0.18000000715255737 0.09000000357627869 0.0 0.09000000357627869 0.550000011920929 -0.550000011920929 -0.5099999904632568 0.09000000357627869 0.09000000357627869 0.09000000357627869 -0.4699999988079071 0.0 0.0 0.0 0.0 0.09000000357627869 0.0 0.0 -0.5099999904632568 0.5099999904632568 -0.5099999904632568 -0.4699999988079071 0.0 0.0 0.09000000357627869 0.0 0.09000000357627869 0.0 0.09000000357627869 0.09000000357627869 0.09000000357627869 -0.27000001072883606 0.09000000357627869 0.09000000357627869 0.0 0.5099999904632568 -0.5099999904632568 0.0 0.0 0.09000000357627869 0.09000000357627869 0.0 0.09000000357627869 -0.18000000715255737 0.09000000357627869 0.09000000357627869 -0.18000000715255737 0.09000000357627869 0.09000000357627869 0.5099999904632568 -0.5099999904632568 0.0 0.0 0.0 0.09000000357627869 -0.27000001072883606 0.09000000357627869 0.09000000357627869 0.09000000357627869 0.5099999904632568 -0.5099999904632568 -0.4699999988079071 0.3100000023841858 -0.019999999552965164 0.09000000357627869 0.09000000357627869 0.0 -0.5099999904632568 0.0 0.09000000357627869 -0.4699999988079071 0.3100000023841858 0.5099999904632568 -0.5099999904632568 -0.4699999988079071 0.3100000023841858 0.0 0.09000000357627869 0.0 0.5099999904632568 -0.5099999904632568 -0.4699999988079071 0.3100000023841858 0.0 0.09000000357627869 0.05000000074505806 0.09000000357627869 0.09000000357627869 -0.6600000262260437 0.5099999904632568 -0.5099999904632568 -0.4699999988079071 0.3100000023841858 0.0 0.09000000357627869 0.0 0.09000000357627869 0.0 0.0 -0.4699999988079071 0.0 0.0 0.09000000357627869 -0.18000000715255737 0.09000000357627869 0.09000000357627869 0.0 0.09000000357627869 0.09000000357627869 0.0 -0.550000011920929 -0.6200000047683716 0.3199999928474426 0.30000001192092896 0.5099999904632568 -0.5099999904632568 0.0 0.0 0.0 0.09000000357627869 0.0 0.09000000357627869 -0.27000001072883606 0.09000000357627869 0.09000000357627869 0.09000000357627869 -0.27000001072883606 0.09000000357627869 0.09000000357627869 0.09000000357627869 0.0 -0.5099999904632568 0.0 0.0 0.07000000029802322 0.09000000357627869 -0.2800000011920929 0.09000000357627869 0.09000000357627869 0.0 0.0 0.0 0.0 0.0 0.0 0.09000000357627869 0.0 0.09000000357627869 0.0 0.0 0.0 0.0 0.0 0.0 -0.27000001072883606 0.0 0.09000000357627869 0.09000000357627869 0.5099999904632568 -0.5099999904632568 0.0 0.0 0.0 0.09000000357627869 0.05000000074505806 0.09000000357627869 0.09000000357627869 -0.7599999904632568 -0.5099999904632568 0.0 0.09000000357627869 -0.27000001072883606 0.09000000357627869 0.09000000357627869 0.5099999904632568 -0.5099999904632568 -0.4699999988079071 0.0 0.07000000029802322 0.09000000357627869 0.05000000074505806 0.09000000357627869 0.0 -0.6600000262260437 0.4300000071525574 0.5099999904632568 -0.5099999904632568 -0.28999999165534973 0.0 0.09000000357627869 0.09000000357627869 0.0 0.0 -0.18000000715255737 0.09000000357627869 0.09000000357627869 -0.18000000715255737 0.09000000357627869 0.09000000357627869 0.0 0.0 0.0 0.0 0.0 0.09000000357627869 0.0 0.09000000357627869 0.09000000357627869 0.0 0.09000000357627869 0.09000000357627869 0.5099999904632568 -0.5099999904632568 -0.4699999988079071 0.0 0.0 0.09000000357627869 0.0 0.09000000357627869 0.09000000357627869 0.0 -0.11999999731779099 0.11999999731779099 -0.11999999731779099 0.11999999731779099 0.0 0.0 0.0 0.0 0.0 0.0 -0.18000000715255737 0.09000000357627869 0.09000000357627869 0.0 0.0 0.09000000357627869 0.550000011920929 -0.550000011920929 -0.6200000047683716 0.3199999928474426 0.30000001192092896 0.5099999904632568 -0.5099999904632568 -0.4699999988079071 0.0 0.0 0.09000000357627869 0.0 0.09000000357627869 0.09000000357627869 -0.18000000715255737 0.09000000357627869 0.09000000357627869 0.550000011920929 -0.550000011920929 -0.6200000047683716 0.3199999928474426 0.30000001192092896 0.0 -0.5099999904632568 -0.4699999988079071 0.0 0.0 0.0 0.0 0.0 0.0 0.0 0.0 0.0 0.0 0.0 0.0 0.0 0.09000000357627869 0.0 0.0 0.0 0.0 0.5099999904632568 -0.5099999904632568 0.0 0.0 0.0 0.09000000357627869 0.0 0.5099999904632568 -0.5099999904632568 0.0 0.0 0.09000000357627869 0.09000000357627869
360 -0.27000001072883606 0.09000000357627869 0.09000000357627869 0.09000000357627869 0.09000000357627869 0.09000000357627869 -0.5099999904632568 0.0 -0.18000000715255737 0.09000000357627869 -0.18000000715255737 0.09000000357627869 0.09000000357627869 0.0 0.0 0.0 0.0 0.0 0.0 0.0 0.0 0.09000000357627869 0.09000000357627869 0.0 0.09000000357627869 0.0 0.0 -0.6200000047683716 0.3199999928474426 0.30000001192092896 0.0 0.0 0.0 0.0 0.0 0.0 0.09000000357627869 0.5099999904632568 -0.5099999904632568 0.0 0.0 0.0 0.09000000357627869 0.0 0.0 0.0 0.0 -0.27000001072883606 0.09000000357627869 0.09000000357627869 0.0 0.0 0.0 0.0 0.0 0.0 0.0 0.0 0.0 0.0 0.0 0.0 -0.09000000357627869 0.0 0.0 0.0 0.0 0.0 0.0 0.09000000357627869 -0.10999999940395355 0.09000000357627869 0.09000000357627869 -0.23000000417232513 0.1599999964237213 0.5099999904632568 -0.5099999904632568 -0.4699999988079071 0.0 0.0 0.09000000357627869 0.0 0.09000000357627869 0.09000000357627869 -0.18000000715255737 0.09000000357627869 0.09000000357627869 0.550000011920929 -0.550000011920929 -0.6200000047683716 0.3199999928474426 0.30000001192092896 0.0 -0.5099999904632568 0.0 0.0 0.0 0.09000000357627869 0.0 0.0 0.09000000357627869 0.0 -0.11999999731779099 0.11999999731779099 -0.11999999731779099 0.11999999731779099 -0.11999999731779099 0.0 0.0 0.0 -0.11999999731779099 0.11999999731779099 0.5099999904632568 -0.5099999904632568 -0.4699999988079071 0.0 0.0 0.09000000357627869 0.0 0.0 0.0 0.0 0.0 0.0 0.0 0.0 0.0 -0.27000001072883606 0.09000000357627869 0.0 0.09000000357627869 0.5099999904632568 -0.5099999904632568 -0.28999999165534973 0.0 0.0 0.09000000357627869 0.0 0.09000000357627869 -0.18000000715255737 0.09000000357627869 0.0 0.0 0.09000000357627869 0.0 0.0 0.0 -0.4699999988079071 0.3100000023841858 0.0 0.09000000357627869 -0.27000001072883606 0.09000000357627869 0.09000000357627869 0.09000000357627869 0.5099999904632568 -0.5099999904632568 -0.4699999988079071 0.3100000023841858 0.09000000357627869 0.0 0.0 0.0 0.0 0.0 0.0 0.0 0.0 0.0 0.0 0.0 -0.4699999988079071 0.0 0.0 0.0 0.0 0.09000000357627869 -0.27000001072883606 0.09000000357627869 0.09000000357627869 0.0 0.0 0.09000000357627869 0.0 0.0 0.0 0.0 -0.4699999988079071 0.0 0.0 0.3199999928474426 0.0 0.0 0.0 0.0 0.0 0.0 0.09000000357627869 0.0 0.0 0.0 0.0 -0.09000000357627869 0.0 0.0 0.0 0.0 0.0 0.09000000357627869 0.09000000357627869 0.0 -0.550000011920929 -0.6200000047683716 0.3199999928474426 0.30000001192092896
361 0.09000000357627869 -0.5099999904632568 0.0 0.0 0.0 0.0 0.0 0.0 0.0 -0.27000001072883606 0.09000000357627869 0.0 0.0 0.0 0.0 0.0 0.0 0.0 0.0 0.0 -0.6600000262260437 0.4300000071525574 0.0 0.0 0.0 0.09000000357627869 0.5099999904632568 -0.5099999904632568 0.0 0.0 0.0 0.09000000357627869 0.0 0.0 -0.27000001072883606 0.09000000357627869 0.09000000357627869 0.09000000357627869 -0.18000000715255737 0.09000000357627869 0.09000000357627869 -0.27000001072883606 0.09000000357627869 0.09000000357627869 0.09000000357627869 0.0 -0.5099999904632568 0.0 0.0 0.0 0.0 0.0 0.0 0.0 0.0 0.0 0.0 0.0 0.0 0.0 0.0 0.0 0.0 0.0 0.0 0.0 0.0 0.09000000357627869 0.0 -0.28999999165534973 0.0 0.0 0.09000000357627869 0.0 0.09000000357627869 -0.18000000715255737 0.09000000357627869 0.09000000357627869 -0.18000000715255737 0.09000000357627869 0.09000000357627869 0.0 -0.5099999904632568 0.0 0.0 0.0 0.0 0.0 0.0 0.0 0.0 0.0 0.0 0.0 0.09000000357627869 0.09000000357627869 0.0 0.09000000357627869 0.0 0.0 0.0 0.0 0.0 0.0 0.0 0.09000000357627869 0.0 0.0 -0.27000001072883606 0.0 0.0 0.09000000357627869 0.0 -0.6200000047683716 0.30000001192092896 0.0 0.0 0.0 0.0 0.0 0.0 0.09000000357627869 0.0 0.0 0.0 0.0 0.0 0.0 0.0 0.11999999731779099 0.0 0.11999999731779099 0.0 0.0 0.0 0.0 0.0 0.0 0.0 0.0 0.0 0.0 0.0 0.0 0.0 0.0 0.0 0.0 0.0 0.0 0.0 0.09000000357627869 0.09000000357627869 0.0 0.0 0.0 0.0 0.0 0.09000000357627869 0.0 0.0 0.09000000357627869 0.0 0.0 0.09000000357627869 0.09000000357627869 0.0 0.09000000357627869 0.0 0.0 0.0 0.0 0.0 0.3100000023841858 0.0 0.0 0.0 0.0 0.0 0.0 0.0 0.09000000357627869 0.09000000357627869 0.0 0.09000000357627869 0.5099999904632568 -0.5099999904632568 0.0 0.0 0.0 0.09000000357627869 0.0 0.0 0.0 0.0 0.09000000357627869 -0.27000001072883606 0.0 0.0 -0.27000001072883606 0.09000000357627869 0.09000000357627869 0.0 0.0 0.0 0.0 0.0 0.0 0.0 0.0 0.0 0.0 0.0 0.0 -0.09000000357627869 0.0 0.0 0.0 0.0 0.0 0.0 0.0 0.0 0.0 0.09000000357627869 -0.10999999940395355 0.09000000357627869 0.09000000357627869 -0.23000000417232513 0.1599999964237213 0.5099999904632568 -0.5099999904632568 -0.4699999988079071 0.0 0.0 0.09000000357627869 0.0 0.09000000357627869 0.09000000357627869 -0.18000000715255737 0.09000000357627869 0.09000000357627869 0.550000011920929 -0.550000011920929 -0.6200000047683716 0.3199999928474426 0.30000001192092896 0.0 -0.5099999904632568 0.0 0.0 0.0 0.09000000357627869 0.0 0.0 0.09000000357627869 0.0 -0.11999999731779099 0.11999999731779099 -0.11999999731779099 0.11999999731779099 -0.11999999731779099 0.0 0.0 0.0 -0.11999999731779099 0.11999999731779099 0.5099999904632568 -0.5099999904632568 -0.4699999988079071 0.3100000023841858 -0.019999999552965164 0.09000000357627869 0.09000000357627869 0.0 -0.5099999904632568 -0.28999999165534973 0.0 0.0 0.09000000357627869 0.0 0.09000000357627869 -0.18000000715255737 0.09000000357627869 0.0 0.0 0.09000000357627869 0.0 0.0 0.0 -0.4699999988079071 0.3100000023841858 0.0 0.09000000357627869 -0.27000001072883606 0.09000000357627869 0.09000000357627869 0.09000000357627869 0.5099999904632568 -0.5099999904632568 -0.4699999988079071 0.3100000023841858 0.0 0.09000000357627869 0.0 0.09000000357627869 0.09000000357627869 -0.2800000011920929 0.09000000357627869 0.09000000357627869 0.6200000047683716 -0.7599999904632568 0.0 -0.5099999904632568 0.0 0.0 0.0 0.0 0.0 0.0 0.0 0.0 0.0 0.0 -0.4699999988079071 0.0 0.0 0.0 0.0 0.09000000357627869 -0.27000001072883606 0.09000000357627869 0.09000000357627869 0.0 0.0 0.09000000357627869 0.0 0.0 0.0 0.0 -0.4699999988079071 0.0 0.0 0.09000000357627869 0.0 0.09000000357627869 0.09000000357627869 0.0 0.0 -0.4699999988079071 0.0 0.07000000029802322 0.0 0.09000000357627869 0.0 0.0 0.0 0.0 0.0 0.0 0.0 0.09000000357627869 0.0 0.0 0.0 0.0 0.0 0.0 0.0 0.0 0.0 0.09000000357627869 -0.18000000715255737 0.09000000357627869 0.550000011920929 -0.550000011920929 -0.6200000047683716 0.3199999928474426 0.0 -0.5099999904632568 0.0 0.09000000357627869 0.0 0.0 -0.5099999904632568 0.0 0.0 0.0 0.0 0.0 0.09000000357627869 0.0 0.0 0.0 0.0 0.0 0.0 0.0 0.0 0.0 0.0 0.0 0.0 0.0 0.0 0.0 0.0 0.0 0.0 -0.27000001072883606 0.0 0.0 0.0 -0.4699999988079071 0.0 -0.4699999988079071 0.0 0.0 0.09000000357627869 0.0 0.09000000357627869 0.0 0.09000000357627869 0.0 -0.5099999904632568 0.0 0.0 0.0 0.0 0.0 0.0 0.09000000357627869 0.0 0.0 0.0 -0.09000000357627869 0.0 0.0 0.0 0.0 0.5099999904632568 -0.5099999904632568 -0.4699999988079071 0.0 0.0 0.09000000357627869 0.0 -0.4699999988079071 0.0 0.0 0.09000000357627869 0.0 0.09000000357627869 0.09000000357627869 0.0 -0.550000011920929 -0.6200000047683716 0.3199999928474426 0.30000001192092896 0.5099999904632568 -0.5099999904632568 -0.4699999988079071 0.0 0.0 0.09000000357627869 -0.27000001072883606 0.09000000357627869 0.09000000357627869 0.09000000357627869 -0.7599999904632568
362 0.09000000357627869 0.0 0.0 0.0 0.0 0.0 0.0 0.0 0.09000000357627869 0.0 0.0 -0.27000001072883606 0.09000000357627869 0.09000000357627869 0.09000000357627869 -0.18000000715255737 0.09000000357627869 0.09000000357627869 -0.27000001072883606 0.09000000357627869 0.09000000357627869 0.09000000357627869 0.0 -0.5099999904632568 0.0 0.0 0.0 0.0 0.0 0.09000000357627869 0.0 0.0 0.09000000357627869 0.09000000357627869 0.0 0.09000000357627869 0.0 0.0 0.11999999731779099 0.0 0.0 0.0 0.0 0.0 0.0 0.0 0.0 0.0 0.0 0.0 0.0 0.0 0.0 0.0 0.0 0.0 0.0 -0.09000000357627869 0.0 0.0 0.0 0.0 0.0 0.0 0.0 0.0 0.09000000357627869 -0.10999999940395355 0.09000000357627869 0.09000000357627869 -0.23000000417232513 0.1599999964237213 0.5099999904632568 -0.5099999904632568 -0.4699999988079071 0.0 0.0 0.0 -0.5099999904632568 0.0 0.0 0.0 0.09000000357627869 0.0 0.0 0.09000000357627869 0.0 -0.11999999731779099 0.11999999731779099 0.0 0.0 0.5099999904632568 -0.5099999904632568 -0.4699999988079071 0.3100000023841858 -0.019999999552965164 0.09000000357627869 0.09000000357627869 0.0 -0.5099999904632568 -0.4699999988079071 0.0 0.0 0.09000000357627869 0.0 0.0 0.0 0.0 0.0 0.0 0.0 0.0 0.0 -0.27000001072883606 0.09000000357627869 0.0 0.09000000357627869 0.5099999904632568 -0.5099999904632568 -0.4699999988079071 0.3100000023841858 0.0 0.09000000357627869 -0.27000001072883606 0.09000000357627869 0.09000000357627869 0.09000000357627869 0.5099999904632568 -0.5099999904632568 -0.4699999988079071 0.3100000023841858 0.0 0.09000000357627869 0.0 0.09000000357627869 0.09000000357627869 -0.2800000011920929 0.09000000357627869 0.09000000357627869 0.6200000047683716 -0.7599999904632568 -0.7599999904632568 0.0 -0.5099999904632568 0.0 0.0 0.0 0.0 0.0 0.0 0.0 0.0 0.0 0.0 -0.4699999988079071 0.0 0.0 0.0 0.0 0.09000000357627869 -0.27000001072883606 0.09000000357627869 0.09000000357627869 0.0 0.0 0.09000000357627869 0.0 0.0 0.0 0.0 -0.4699999988079071 0.0 0.0 0.09000000357627869 0.0 0.09000000357627869 0.09000000357627869 -0.2800000011920929 0.09000000357627869 0.09000000357627869 0.6200000047683716 -0.7599999904632568 -0.7599999904632568 0.0 0.0 -0.4699999988079071 0.0 0.07000000029802322 0.09000000357627869 0.0 0.09000000357627869 0.0 0.0 0.0 0.0 0.0 0.0 0.0 0.09000000357627869 0.0 0.0 0.0 0.0 0.0 0.0 0.0 0.0 -0.18000000715255737 0.09000000357627869 0.550000011920929 -0.6200000047683716 0.3199999928474426 0.0 0.0 0.0 0.09000000357627869 -0.27000001072883606 0.0 0.09000000357627869 0.0 -0.5099999904632568 0.0 0.0 0.0 0.0 0.0 0.09000000357627869 0.0 0.0 0.0 0.0 0.0 0.0 0.0 0.0 0.0 0.0 0.0 0.0 0.0 0.0 0.0 0.0 0.0 0.0 0.0 0.0 -0.4699999988079071 0.0 0.0 0.09000000357627869 0.0 0.09000000357627869 0.09000000357627869 0.0 0.0 -0.4699999988079071 0.0 0.0 0.09000000357627869 0.0 0.09000000357627869 0.0 0.09000000357627869 0.0 -0.5099999904632568 0.0 0.0 0.0 0.0 0.0 0.0 0.09000000357627869 0.0 0.0 0.0 -0.09000000357627869 0.0 0.0 0.0 0.0 0.5099999904632568 -0.5099999904632568 -0.4699999988079071 0.0 0.0 0.09000000357627869 0.0 0.0 0.09000000357627869 0.0 0.0 -0.5099999904632568 0.0 0.0 0.0 0.09000000357627869 -0.18000000715255737 0.09000000357627869 0.09000000357627869 0.550000011920929 -0.550000011920929 -0.6200000047683716 0.3199999928474426 0.30000001192092896 0.5099999904632568 -0.5099999904632568 -0.4699999988079071 0.0 0.0 0.09000000357627869 0.0 0.09000000357627869 0.09000000357627869 0.0 -0.550000011920929 -0.6200000047683716 0.3199999928474426 0.30000001192092896 0.5099999904632568 -0.5099999904632568 -0.4699999988079071 0.0 0.0 0.09000000357627869 -0.27000001072883606 0.09000000357627869 0.09000000357627869 0.09000000357627869 0.5099999904632568 -0.5099999904632568 0.0 0.0 0.0 0.09000000357627869 0.5099999904632568 0.0 0.0 0.0 0.09000000357627869 0.05000000074505806 0.09000000357627869 0.09000000357627869 -0.6600000262260437 0.4300000071525574 0.5099999904632568 -0.5099999904632568 -0.4699999988079071 0.0 0.0 0.09000000357627869 -0.2800000011920929 0.09000000357627869 0.6200000047683716 -0.7599999904632568 -0.7599999904632568
363 0.0 0.0 0.0 0.0 0.0 0.0 0.0 0.0 0.0 0.0 0.0 0.0 0.0 0.0 0.0 0.0 0.0 0.0 0.0 0.0 0.0 0.0 0.09000000357627869 -0.10999999940395355 0.09000000357627869 0.09000000357627869 -0.23000000417232513 0.1599999964237213 0.5099999904632568 -0.5099999904632568 -0.4699999988079071 0.0 0.0 0.0 0.0 0.5099999904632568 -0.5099999904632568 -0.4699999988079071 0.3100000023841858 -0.019999999552965164 0.09000000357627869 0.09000000357627869 0.0 -0.5099999904632568 -0.4699999988079071 0.0 0.0 0.09000000357627869 0.0 0.0 0.0 0.0 0.0 0.0 0.0 0.0 0.0 -0.27000001072883606 0.09000000357627869 0.0 0.09000000357627869 0.5099999904632568 -0.5099999904632568 -0.28999999165534973 0.0 0.0 0.09000000357627869 0.0 0.09000000357627869 -0.18000000715255737 0.09000000357627869 0.0 0.0 0.09000000357627869 0.0 0.0 0.0 -0.4699999988079071 0.3100000023841858 0.0 0.09000000357627869 0.0 0.09000000357627869 0.09000000357627869 -0.2800000011920929 0.09000000357627869 0.09000000357627869 0.6200000047683716 -0.7599999904632568 -0.7599999904632568 0.0 -0.5099999904632568 0.0 0.0 0.0 0.0 0.0 0.0 0.0 0.0 0.0 0.0 -0.4699999988079071 0.0 0.0 0.0 0.0 0.09000000357627869 -0.27000001072883606 0.09000000357627869 0.09000000357627869 0.0 0.0 0.09000000357627869 0.0 0.0 0.0 0.0 -0.4699999988079071 0.0 0.0 0.09000000357627869 0.0 0.09000000357627869 0.09000000357627869 -0.2800000011920929 0.09000000357627869 0.09000000357627869 0.6200000047683716 -0.7599999904632568 -0.7599999904632568 0.0 0.0 -0.4699999988079071 0.0 0.07000000029802322 0.09000000357627869 0.0 0.09000000357627869 0.0 0.0 0.0 0.0 0.0 0.0 0.0 0.09000000357627869 0.0 0.0 0.0 0.0 0.0 0.0 0.0 0.0 0.0 0.09000000357627869 -0.18000000715255737 0.09000000357627869 0.09000000357627869 0.550000011920929 -0.550000011920929 -0.6200000047683716 0.3199999928474426 0.0 0.5099999904632568 0.0 0.0 0.0 0.0 0.0 -0.18000000715255737 0.09000000357627869 0.09000000357627869 -0.18000000715255737 0.09000000357627869 0.09000000357627869 0.20999999344348907 0.05000000074505806 0.05000000074505806 -0.30000001192092896 0.33000001311302185 0.33000001311302185 0.33000001311302185 0.09000000357627869 0.0 -0.27000001072883606 0.0 0.09000000357627869 0.0 -0.5099999904632568 0.0 0.0 0.0 0.0 0.0 0.09000000357627869 0.0 0.0 0.0 0.0 0.0 0.0 0.0 0.0 -0.4699999988079071 0.0 0.0 0.09000000357627869 0.0 0.09000000357627869 0.0 0.09000000357627869 0.0 -0.5099999904632568 0.0 0.0 0.0 0.0 0.0 0.0 0.0 -0.09000000357627869 0.09000000357627869 -0.4699999988079071 0.0 0.0 0.09000000357627869 0.0 0.09000000357627869 0.09000000357627869 0.0 -0.550000011920929 -0.6200000047683716 0.3199999928474426 0.30000001192092896 -0.6600000262260437 0.4300000071525574
364 0.0 0.0 0.0 0.0 0.0 0.0 0.0 0.0 0.09000000357627869 0.0 0.0 0.0 0.0 0.0 0.0 0.0 0.0 0.0 0.0 0.0 0.0 0.0 0.0 0.0 0.0 0.0 0.0 0.09000000357627869 -0.23000000417232513 0.09000000357627869 0.0 -0.5099999904632568 -0.4699999988079071 0.0 0.0 0.09000000357627869 0.0 0.0 0.0 0.0 0.0 0.0 0.0 0.0 0.0 -0.27000001072883606 0.0 0.09000000357627869 0.5099999904632568 -0.5099999904632568 -0.28999999165534973 0.0 0.0 0.09000000357627869 0.0 0.09000000357627869 -0.18000000715255737 0.09000000357627869 0.0 0.0 0.09000000357627869 0.0 0.0 0.0 -0.4699999988079071 0.3100000023841858 0.0 0.09000000357627869 -0.27000001072883606 0.09000000357627869 0.09000000357627869 0.09000000357627869 0.5099999904632568 -0.5099999904632568 0.0 0.0 0.0 0.0 0.0 0.0 0.0 0.0 0.0 0.0 -0.4699999988079071 0.0 0.0 0.0 0.0 0.09000000357627869 -0.27000001072883606 0.09000000357627869 0.09000000357627869 0.0 0.0 0.09000000357627869 0.0 0.0 0.0 0.0 -0.4699999988079071 0.0 0.0 0.09000000357627869 0.0 0.09000000357627869 0.09000000357627869 -0.2800000011920929 0.09000000357627869 0.09000000357627869 0.6200000047683716 -0.7599999904632568 -0.7599999904632568 0.0 0.0 -0.4699999988079071 0.0 0.07000000029802322 0.09000000357627869 0.0 0.09000000357627869 0.0 0.0 0.0 0.0 0.0 0.0 0.0 0.09000000357627869 0.0 0.0 0.0 0.0 0.0 0.0 0.0 0.0 0.0 0.09000000357627869 -0.18000000715255737 0.09000000357627869 0.09000000357627869 0.550000011920929 -0.550000011920929 -0.6200000047683716 0.3199999928474426 0.0 0.5099999904632568 -0.5099999904632568 0.0 0.0 0.0 0.09000000357627869 0.0 0.0 0.09000000357627869 -0.18000000715255737 0.09000000357627869 0.09000000357627869 -0.18000000715255737 0.09000000357627869 0.09000000357627869 0.20999999344348907 0.05000000074505806 0.05000000074505806 -0.30000001192092896 0.33000001311302185 0.33000001311302185 0.33000001311302185 0.5099999904632568 0.0 0.0 0.0 0.0 0.5099999904632568 0.0 0.0 0.0 0.09000000357627869 -0.2800000011920929 0.09000000357627869 0.09000000357627869 0.6200000047683716 -0.7599999904632568 -0.7599999904632568 0.0 -0.5099999904632568 0.0 0.3100000023841858 0.0 0.0 0.0 0.0 0.0 0.3100000023841858 0.0 0.0 -0.5099999904632568 -0.4699999988079071 0.0 0.0 0.09000000357627869 -0.27000001072883606 0.09000000357627869 0.0 0.09000000357627869 0.0 -0.5099999904632568 0.0 0.0 0.0 0.0 0.0 0.09000000357627869 0.0 0.0 0.0 0.0 0.0 0.0 0.0 0.0 0.0 0.0 0.0 0.0 0.0 0.0 0.0 0.0 0.0 0.0 0.0 0.0 -0.4699999988079071 0.0 0.0 0.09000000357627869 0.0 0.09000000357627869 0.09000000357627869 0.0 0.09000000357627869 0.09000000357627869 -0.18000000715255737 0.09000000357627869 0.09000000357627869 0.20999999344348907 0.05000000074505806 0.05000000074505806 -0.30000001192092896 0.33000001311302185 0.33000001311302185 0.0 0.0 -0.4699999988079071 0.0 0.0 0.09000000357627869 0.0 0.09000000357627869 0.0 0.09000000357627869 0.0 -0.5099999904632568 0.0 0.0 0.0 0.0 0.0 0.0 0.09000000357627869 0.0 0.0 0.0 -0.09000000357627869 0.0 0.0 0.5099999904632568 -0.5099999904632568 -0.4699999988079071 0.0 0.0 0.0 0.09000000357627869 0.0 -0.5099999904632568 0.0 0.0 0.0 0.09000000357627869 -0.18000000715255737 0.09000000357627869 0.09000000357627869 0.550000011920929 -0.550000011920929 -0.6200000047683716 0.3199999928474426 0.30000001192092896 0.5099999904632568 -0.5099999904632568 -0.4699999988079071 0.0 0.0 0.09000000357627869 0.0 0.09000000357627869 0.09000000357627869 0.0 -0.550000011920929 -0.6200000047683716 0.3199999928474426 0.30000001192092896 0.5099999904632568 -0.5099999904632568 -0.4699999988079071 0.0 0.05000000074505806 0.09000000357627869 0.09000000357627869 -0.6600000262260437 0.4300000071525574
365 0.0 0.0 0.09000000357627869 0.09000000357627869 0.0 0.0 0.0 0.0 0.0 -0.27000001072883606 0.09000000357627869 0.0 0.0 0.0 0.0 0.0 0.0 0.0 0.0 -0.27000001072883606 0.09000000357627869 0.09000000357627869 0.09000000357627869 -0.27000001072883606 0.09000000357627869 0.09000000357627869 0.09000000357627869 0.0 0.0 0.0 0.0 0.0 0.0 0.0 0.0 0.0 0.09000000357627869 0.09000000357627869 0.0 0.09000000357627869 0.0 0.0 0.0 0.11999999731779099 0.0 0.11999999731779099 0.0 0.0 0.0 0.0 0.0 0.0 0.0 0.0 0.0 0.0 0.0 0.0 0.0 0.0 0.0 0.0 0.0 0.09000000357627869 0.09000000357627869 0.0 0.0 0.0 0.0 0.0 0.0 -0.5099999904632568 0.0 0.0 0.0 0.0 0.0 0.09000000357627869 0.0 0.0 0.0 0.0 0.0 0.3100000023841858 0.0 0.0 0.0 0.0 0.0 0.0 0.0 0.09000000357627869 0.0 0.09000000357627869 0.5099999904632568 0.0 0.0 0.0 0.0 0.0 0.0 0.0 0.0 0.0 0.0 0.0 0.0 0.0 0.0 0.0 -0.09000000357627869 0.0 0.0 0.0 0.0 0.0 0.0 0.0 0.0 0.0 0.09000000357627869 -0.10999999940395355 0.09000000357627869 0.09000000357627869 -0.23000000417232513 0.1599999964237213 0.5099999904632568 -0.5099999904632568 -0.4699999988079071 0.0 0.0 0.0 0.0 0.0 0.0 0.09000000357627869 0.0 0.0 0.0 0.5099999904632568 -0.5099999904632568 -0.4699999988079071 0.3100000023841858 -0.019999999552965164 0.09000000357627869 0.09000000357627869 0.0 -0.5099999904632568 -0.4699999988079071 0.0 0.0 0.09000000357627869 0.0 0.0 0.0 0.0 0.0 0.0 0.0 0.0 0.0 -0.27000001072883606 0.09000000357627869 0.0 0.09000000357627869 0.5099999904632568 -0.5099999904632568 -0.28999999165534973 0.0 0.0 0.09000000357627869 0.0 0.09000000357627869 -0.18000000715255737 0.09000000357627869 0.0 0.0 0.09000000357627869 0.0 0.0 0.0 -0.4699999988079071 0.3100000023841858 0.0 0.09000000357627869 -0.27000001072883606 0.09000000357627869 0.09000000357627869 0.09000000357627869 0.5099999904632568 -0.5099999904632568 -0.4699999988079071 0.3100000023841858 0.0 0.09000000357627869 0.0 0.09000000357627869 0.09000000357627869 -0.2800000011920929 0.09000000357627869 0.09000000357627869 0.6200000047683716 -0.7599999904632568 -0.7599999904632568 0.0 -0.5099999904632568 -0.4699999988079071 0.0 0.0 0.0 0.0 0.09000000357627869 -0.27000001072883606 0.09000000357627869 0.09000000357627869 0.0 0.0 0.09000000357627869 0.0 0.0 0.0 0.0 -0.4699999988079071 0.0 0.0 0.09000000357627869 0.0 0.09000000357627869 0.09000000357627869 -0.2800000011920929 0.09000000357627869 0.09000000357627869 0.6200000047683716 -0.7599999904632568 -0.7599999904632568 0.0 0.0 -0.4699999988079071 0.0 0.07000000029802322 0.09000000357627869 0.0 0.09000000357627869 0.0 0.0 0.0 0.0 0.0 0.0 0.0 0.09000000357627869 0.0 0.0 0.0 0.0 0.0 0.0 0.0 0.0 0.0 0.09000000357627869 -0.18000000715255737 0.09000000357627869 0.09000000357627869 0.550000011920929 -0.550000011920929 -0.6200000047683716 0.3199999928474426 0.0 0.5099999904632568 -0.5099999904632568 0.0 0.0 0.0 0.09000000357627869 0.0 0.0 0.09000000357627869 -0.18000000715255737 0.09000000357627869 0.09000000357627869 -0.18000000715255737 0.09000000357627869 0.09000000357627869 0.20999999344348907 0.05000000074505806 -0.30000001192092896 0.33000001311302185 0.33000001311302185 0.5099999904632568 -0.5099999904632568 0.0 0.0 0.0 0.09000000357627869 0.0 0.5099999904632568 -0.5099999904632568 0.0 0.0 0.0 0.09000000357627869 -0.2800000011920929 0.09000000357627869 0.09000000357627869 0.6200000047683716 -0.7599999904632568 -0.7599999904632568 0.0 -0.5099999904632568 0.0 0.3100000023841858 0.0 0.0 0.0 0.0 0.0 0.09000000357627869 -0.27000001072883606 0.0 0.09000000357627869 0.0 0.0 0.0 0.3100000023841858 0.0 0.09000000357627869 -0.18000000715255737 0.09000000357627869 0.0 -0.5099999904632568 -0.4699999988079071 0.0 0.0 0.09000000357627869 -0.27000001072883606 0.09000000357627869 0.0 0.09000000357627869 0.0 -0.5099999904632568 0.0 0.0 0.0 0.0 0.0 0.09000000357627869 0.0 0.0 0.0 0.0 0.0 0.0 0.0 0.0 0.0 0.0 0.0 0.0 0.0 0.0 0.0 0.0 0.0 0.0 -0.27000001072883606 0.0 0.09000000357627869 0.09000000357627869 0.0 0.0 -0.4699999988079071 0.0 0.0 0.09000000357627869 0.0 0.09000000357627869 0.09000000357627869 0.0 0.09000000357627869 0.09000000357627869 -0.18000000715255737 0.09000000357627869 0.09000000357627869 0.0 0.0 -0.4699999988079071 0.0 0.0 0.09000000357627869 0.0 0.09000000357627869 0.0 0.09000000357627869 0.0 -0.5099999904632568 0.0 0.0 0.0 0.0 0.0 0.0 0.09000000357627869 0.0 0.0 0.0 -0.09000000357627869 0.0 0.0 0.0 0.0 0.5099999904632568 -0.5099999904632568 -0.4699999988079071 0.0 0.0 0.09000000357627869 0.0 0.0 0.09000000357627869 0.0 -0.5099999904632568 0.0 0.0 0.0 0.09000000357627869 -0.18000000715255737 0.09000000357627869 0.09000000357627869 0.550000011920929 -0.550000011920929 -0.6200000047683716 0.3199999928474426 0.30000001192092896 0.5099999904632568 -0.5099999904632568 -0.4699999988079071 0.0 0.0 0.09000000357627869 0.0 0.09000000357627869 0.09000000357627869 0.0 -0.550000011920929 -0.6200000047683716 0.3199999928474426 0.30000001192092896 0.5099999904632568 -0.5099999904632568 -0.4699999988079071 0.0 0.0 0.09000000357627869 -0.27000001072883606 0.09000000357627869 0.09000000357627869 0.4300000071525574
366 0.0 0.09000000357627869 0.0 0.0 0.0 0.0 0.0 0.09000000357627869 0.0 0.09000000357627869 0.0 0.0 0.0 0.11999999731779099 0.0 0.0 0.0 0.0 0.0 0.0 0.0 0.0 0.0 0.0 0.0 0.0 0.0 0.0 0.0 0.0 0.09000000357627869 0.09000000357627869 0.0 0.0 0.0 0.0 0.0 0.09000000357627869 0.0 0.5099999904632568 -0.5099999904632568 0.0 0.5099999904632568 0.0 0.0 0.0 0.0 0.0 0.09000000357627869 0.0 0.0 0.09000000357627869 0.0 0.09000000357627869 0.0 0.0 0.0 0.0 0.3100000023841858 0.0 0.0 0.0 0.0 0.0 0.0 0.0 0.09000000357627869 0.09000000357627869 0.0 0.09000000357627869 -0.18000000715255737 0.09000000357627869 0.09000000357627869 -0.18000000715255737 0.09000000357627869 0.09000000357627869 0.5099999904632568 -0.5099999904632568 0.0 0.0 0.0 0.09000000357627869 0.0 0.0 0.0 0.0 0.09000000357627869 0.09000000357627869 0.0 0.0 0.0 0.0 0.0 0.0 0.0 0.0 0.0 0.0 0.0 0.0 -0.09000000357627869 0.0 0.0 0.0 0.0 0.0 0.0 0.0 0.0 0.0 0.09000000357627869 -0.10999999940395355 0.09000000357627869 0.09000000357627869 -0.23000000417232513 0.1599999964237213 0.5099999904632568 -0.5099999904632568 -0.4699999988079071 0.0 0.0 0.09000000357627869 0.0 0.09000000357627869 0.09000000357627869 -0.18000000715255737 0.09000000357627869 0.550000011920929 0.0 -0.5099999904632568 0.0 0.0 0.0 0.09000000357627869 0.0 0.0 0.09000000357627869 0.0 -0.11999999731779099 0.11999999731779099 -0.11999999731779099 -0.11999999731779099 0.0 0.0 -0.11999999731779099 0.11999999731779099 0.5099999904632568 -0.5099999904632568 -0.4699999988079071 0.3100000023841858 -0.019999999552965164 0.09000000357627869 0.09000000357627869 0.0 -0.5099999904632568 -0.4699999988079071 0.0 0.0 0.09000000357627869 0.0 0.0 0.0 0.0 0.0 0.0 0.0 0.0 0.0 -0.27000001072883606 0.09000000357627869 0.0 0.09000000357627869 0.5099999904632568 -0.5099999904632568 -0.28999999165534973 0.0 0.0 0.09000000357627869 0.0 0.09000000357627869 -0.18000000715255737 0.09000000357627869 0.0 0.0 0.09000000357627869 0.0 0.0 0.0 -0.4699999988079071 0.3100000023841858 0.0 0.09000000357627869 -0.27000001072883606 0.09000000357627869 0.09000000357627869 0.09000000357627869 0.5099999904632568 -0.5099999904632568 -0.4699999988079071 0.3100000023841858 0.0 0.09000000357627869 0.0 0.09000000357627869 0.09000000357627869 -0.2800000011920929 0.09000000357627869 0.09000000357627869 0.6200000047683716 -0.7599999904632568 -0.7599999904632568 0.0 -0.5099999904632568 0.0 0.0 0.0 0.0 0.0 0.0 0.0 0.0 0.0 0.0 -0.4699999988079071 0.0 0.0 0.09000000357627869 0.0 0.09000000357627869 0.09000000357627869 -0.2800000011920929 0.09000000357627869 0.09000000357627869 0.6200000047683716 -0.7599999904632568 -0.7599999904632568 0.0 0.0 -0.4699999988079071 0.0 0.07000000029802322 0.09000000357627869 0.0 0.09000000357627869 0.0 0.0 0.0 0.0 0.0 0.0 0.0 0.09000000357627869 0.0 0.0 0.0 0.0 0.0 0.0 0.0 0.0 0.0 0.09000000357627869 -0.18000000715255737 0.09000000357627869 0.09000000357627869 0.550000011920929 -0.550000011920929 -0.6200000047683716 0.3199999928474426 0.0 0.5099999904632568 -0.5099999904632568 0.0 0.0 0.0 0.09000000357627869 0.0 0.0 0.09000000357627869 -0.18000000715255737 0.09000000357627869 0.09000000357627869 -0.18000000715255737 0.09000000357627869 0.09000000357627869 0.20999999344348907 0.05000000074505806 0.05000000074505806 -0.30000001192092896 0.33000001311302185 0.33000001311302185 0.33000001311302185 0.5099999904632568 -0.5099999904632568 0.0 0.0 0.0 0.09000000357627869 0.0 0.5099999904632568 -0.5099999904632568 0.0 0.0 0.0 0.09000000357627869 -0.2800000011920929 0.09000000357627869 0.09000000357627869 0.6200000047683716 0.0 -0.5099999904632568 0.0 0.0 -0.4699999988079071 0.0 0.09000000357627869 -0.27000001072883606 0.09000000357627869 0.0 0.09000000357627869 0.0 -0.5099999904632568 0.0 0.0 0.0 0.0 0.0 0.09000000357627869 0.0 0.0 0.0 0.0 0.0 0.0 0.0 0.0 0.0 0.0 0.0 0.0 0.0 0.0 0.0 0.0 0.0 0.0 0.0 0.0 -0.4699999988079071 0.0 0.0 0.09000000357627869 0.0 0.09000000357627869 0.0 0.09000000357627869 0.0 -0.5099999904632568 0.0 0.0 0.0 0.0 0.0 0.0 0.09000000357627869 0.0 0.0 0.0 -0.09000000357627869 0.0 0.0 0.0 0.0 0.5099999904632568 0.0 0.0 0.09000000357627869 0.09000000357627869 0.0 -0.550000011920929 -0.6200000047683716 0.3199999928474426 0.30000001192092896
367 0.0 0.0 0.0 0.0 0.0 0.0 0.0 0.0 0.0 0.0 0.09000000357627869 0.0 0.0 0.0 -0.5099999904632568 0.0 0.0 0.0 0.09000000357627869 0.0 0.5099999904632568 -0.5099999904632568 0.0 0.0 0.0 0.0 0.3100000023841858 0.0 0.0 0.0 0.0 0.0 0.0 0.0 0.09000000357627869 0.0 0.09000000357627869 -0.18000000715255737 0.09000000357627869 0.5099999904632568 -0.5099999904632568 0.0 0.0 0.0 0.0 0.0 0.0 0.0 0.0 0.0 0.0 0.0 -0.09000000357627869 0.0 0.0 0.0 0.0 0.0 0.0 0.0 0.0 0.0 0.09000000357627869 -0.10999999940395355 0.09000000357627869 0.09000000357627869 -0.23000000417232513 0.1599999964237213 0.5099999904632568 -0.5099999904632568 0.09000000357627869 0.0 -0.4699999988079071 0.0 0.0 0.09000000357627869 0.0 0.0 0.0 0.0 0.0 0.0 0.0 0.0 0.0 -0.27000001072883606 0.0 0.5099999904632568 -0.5099999904632568 -0.28999999165534973 0.0 0.0 0.09000000357627869 0.0 0.09000000357627869 -0.18000000715255737 0.09000000357627869 0.0 0.0 0.09000000357627869 0.0 0.0 0.0 -0.4699999988079071 0.3100000023841858 0.0 0.09000000357627869 -0.27000001072883606 0.09000000357627869 0.09000000357627869 0.09000000357627869 0.5099999904632568 -0.5099999904632568 -0.4699999988079071 0.3100000023841858 0.0 0.09000000357627869 0.0 0.09000000357627869 0.09000000357627869 -0.2800000011920929 0.09000000357627869 0.09000000357627869 0.6200000047683716 -0.7599999904632568 -0.7599999904632568 0.0 -0.5099999904632568 0.0 0.0 0.0 0.0 0.0 0.0 0.0 0.0 0.0 0.0 -0.4699999988079071 0.0 0.0 0.0 0.0 0.09000000357627869 -0.27000001072883606 0.09000000357627869 0.09000000357627869 0.0 0.0 0.09000000357627869 0.0 0.0 0.0 0.0 -0.4699999988079071 0.0 0.07000000029802322 0.09000000357627869 0.0 0.09000000357627869 0.0 0.0 0.0 0.0 0.0 0.0 0.0 0.09000000357627869 0.0 0.0 0.0 0.0 0.0 0.0 0.0 0.0 0.0 0.09000000357627869 -0.18000000715255737 0.09000000357627869 0.09000000357627869 0.550000011920929 -0.550000011920929 -0.6200000047683716 0.3199999928474426 0.0 0.5099999904632568 -0.5099999904632568 0.0 0.0 0.0 0.09000000357627869 0.0 0.0 0.09000000357627869 -0.18000000715255737 0.09000000357627869 0.09000000357627869 -0.18000000715255737 0.09000000357627869 0.09000000357627869 0.20999999344348907 0.05000000074505806 0.05000000074505806 -0.30000001192092896 0.33000001311302185 0.33000001311302185 0.33000001311302185 0.5099999904632568 -0.5099999904632568 0.0 0.0 0.0 0.09000000357627869 0.0 0.5099999904632568 -0.5099999904632568 0.0 0.0 0.0 0.09000000357627869 -0.2800000011920929 0.09000000357627869 0.09000000357627869 0.6200000047683716 -0.7599999904632568 -0.7599999904632568 0.0 -0.5099999904632568 0.0 0.3100000023841858 0.0 0.0 0.0 0.09000000357627869 0.0 0.0 0.0 0.3100000023841858 0.0 -0.4699999988079071 0.0 0.0 0.09000000357627869 -0.27000001072883606 0.09000000357627869 0.0 0.09000000357627869 0.0 -0.5099999904632568 0.0 0.0 0.0 0.0 0.0 0.09000000357627869 0.0 0.0 0.0 0.0 0.0 0.0 0.0 0.0 0.0 0.0 0.0 0.0 0.0 0.0 0.0 0.09000000357627869 -0.4699999988079071 0.0 0.0 0.09000000357627869 0.0 0.09000000357627869 0.0 0.09000000357627869 0.0 -0.5099999904632568 0.0 0.0 0.0 0.0 0.0 -0.09000000357627869
368 0.3199999928474426 0.30000001192092896 -0.27000001072883606 0.09000000357627869 0.0 0.09000000357627869 0.0 0.0 0.0 0.0 0.0 0.11999999731779099 0.0 0.0 0.0 0.0 0.0 0.0 0.0 0.0 0.0 0.0 0.0 0.0 0.0 0.0 0.0 0.0 0.0 0.0 0.0 0.0 0.0 0.09000000357627869 0.09000000357627869 0.0 0.0 0.0 0.0 0.0 0.0 -0.27000001072883606 0.09000000357627869 0.09000000357627869 0.09000000357627869 0.5099999904632568 -0.5099999904632568 -0.4699999988079071 0.0 0.0 0.09000000357627869 0.5099999904632568 -0.5099999904632568 0.0 0.0 0.0 0.09000000357627869 0.0 0.5099999904632568 -0.5099999904632568 0.0 0.0 0.0 0.5099999904632568 0.0 0.0 0.0 0.0 0.09000000357627869 0.0 0.0 0.0 0.0 0.0 0.3100000023841858 0.0 0.0 0.0 0.0 0.0 0.0 0.0 0.09000000357627869 0.09000000357627869 0.0 0.0 0.0 0.0 0.0 0.0 0.0 0.0 0.0 0.0 -0.09000000357627869 0.0 0.0 0.0 0.0 0.0 0.0 0.0 0.0 0.09000000357627869 -0.23000000417232513 0.1599999964237213 0.0 0.0 0.0 0.0 0.0 0.0 0.0 0.0 0.0 -0.27000001072883606 0.0 0.5099999904632568 -0.5099999904632568 -0.28999999165534973 0.0 0.0 0.09000000357627869 0.0 0.09000000357627869 -0.18000000715255737 0.09000000357627869 0.0 0.0 0.09000000357627869 0.0 0.0 0.0 -0.4699999988079071 0.3100000023841858 0.0 0.09000000357627869 -0.27000001072883606 0.09000000357627869 0.09000000357627869 0.09000000357627869 0.5099999904632568 -0.5099999904632568 -0.4699999988079071 0.3100000023841858 0.0 0.09000000357627869 0.0 0.09000000357627869 0.09000000357627869 -0.2800000011920929 0.09000000357627869 0.09000000357627869 0.6200000047683716 -0.7599999904632568 -0.7599999904632568 0.0 -0.5099999904632568 0.0 0.0 0.0 0.0 0.0 0.0 0.0 0.0 0.0 0.0 -0.4699999988079071 0.0 0.0 0.0 0.0 0.09000000357627869 -0.27000001072883606 0.09000000357627869 0.09000000357627869 0.0 0.0 0.09000000357627869 0.0 0.0 0.0 0.0 -0.4699999988079071 0.0 0.0 0.09000000357627869 0.0 0.09000000357627869 0.09000000357627869 -0.2800000011920929 0.09000000357627869 0.09000000357627869 0.6200000047683716 -0.7599999904632568 -0.7599999904632568 0.0 0.0 0.0 0.0 0.0 0.09000000357627869 0.0 0.0 0.0 0.0 0.0 0.0 0.0 0.0 0.0 0.09000000357627869 -0.18000000715255737 0.09000000357627869 0.09000000357627869 0.550000011920929 -0.550000011920929 -0.6200000047683716 0.3199999928474426 0.0 0.5099999904632568 -0.5099999904632568 0.0 0.0 0.0 0.09000000357627869 0.0 0.0 0.09000000357627869 -0.18000000715255737 0.09000000357627869 0.09000000357627869 -0.18000000715255737 0.09000000357627869 0.09000000357627869 0.20999999344348907 0.05000000074505806 0.05000000074505806 -0.30000001192092896 0.33000001311302185 0.33000001311302185 0.33000001311302185 0.5099999904632568 -0.5099999904632568 0.0 0.0 0.0 0.09000000357627869 0.0 0.5099999904632568 -0.5099999904632568 0.0 0.0 0.0 0.09000000357627869 -0.2800000011920929 0.09000000357627869 0.09000000357627869 0.6200000047683716 -0.7599999904632568 -0.7599999904632568 0.0 -0.5099999904632568 0.0 0.3100000023841858 0.0 0.0 0.0 0.09000000357627869 0.0 0.09000000357627869 0.0 0.09000000357627869 -0.27000001072883606 0.09000000357627869 0.0 0.09000000357627869 0.0 0.0 0.0 0.3100000023841858 0.0 0.09000000357627869 -0.18000000715255737 0.09000000357627869 0.09000000357627869 -0.2800000011920929 0.09000000357627869 0.09000000357627869 0.6200000047683716 -0.7599999904632568 -0.7599999904632568 0.0 -0.5099999904632568 -0.4699999988079071 0.0 0.0 0.09000000357627869 -0.27000001072883606 0.09000000357627869 0.0 0.09000000357627869 0.0 -0.5099999904632568 0.0 0.0 0.0 0.0 0.0 0.09000000357627869 0.0 0.0 0.0 0.0 0.0 0.0 0.0 0.0 0.0 0.0 0.0 0.0 0.0 0.0 0.0 0.0 0.0 0.0 -0.27000001072883606 0.0 0.09000000357627869 0.09000000357627869 0.0 0.0 -0.4699999988079071 0.0 0.0 0.09000000357627869 0.0 0.09000000357627869 0.09000000357627869 0.0 0.09000000357627869 0.09000000357627869 -0.18000000715255737 0.09000000357627869 0.09000000357627869 0.05000000074505806 0.33000001311302185 0.0 0.0 -0.4699999988079071 0.0 0.0 0.09000000357627869 0.0 0.09000000357627869 0.0 0.09000000357627869 0.0 -0.5099999904632568 0.0 0.0 0.0 0.0 0.0 0.0 0.09000000357627869 0.0 0.0 0.0 -0.09000000357627869 0.0 0.0 0.0 0.5099999904632568 -0.4699999988079071 0.0 0.0 0.09000000357627869 0.30000001192092896 0.09000000357627869
369 0.09000000357627869 0.0 0.0 -0.27000001072883606 0.09000000357627869 0.0 0.0 0.0 0.0 0.0 0.0 0.0 0.0 0.0 0.0 0.0 0.0 0.0 0.0 0.0 0.09000000357627869 0.0 0.09000000357627869 0.0 0.0 0.0 0.0 0.0 0.09000000357627869 0.46000000834465027 0.0 0.0 0.0 0.0 0.0 0.11999999731779099 0.0 0.11999999731779099 0.0 0.0 0.0 0.0 0.0 0.0 0.0 0.0 0.0 0.0 0.0 0.0 0.0 -0.6600000262260437 0.5099999904632568 0.0 -0.4699999988079071 0.5099999904632568 -0.5099999904632568 -0.4699999988079071 0.0 0.0 0.09000000357627869 0.0 0.0 0.09000000357627869 0.0 0.0 0.0 0.0 0.0 0.0 0.0 0.0 0.0 0.0 0.0 0.0 0.0 0.0 0.0 0.0 0.0 0.09000000357627869 0.09000000357627869 0.0 0.0 0.0 0.0 0.0 0.0 -0.27000001072883606 0.09000000357627869 0.09000000357627869 0.09000000357627869 0.5099999904632568 -0.5099999904632568 -0.4699999988079071 0.0 0.0 0.09000000357627869 0.05000000074505806 0.09000000357627869 0.09000000357627869 0.0 0.0 0.5099999904632568 -0.5099999904632568 0.0 0.0 0.0 0.09000000357627869 0.0 0.5099999904632568 -0.5099999904632568 0.0 0.0 0.0 0.09000000357627869 -0.18000000715255737 0.09000000357627869 0.0 -0.18000000715255737 0.09000000357627869 0.09000000357627869 0.550000011920929 0.5099999904632568 -0.5099999904632568 0.0 0.0 0.0 0.0 0.0 0.09000000357627869 0.0 0.0 0.09000000357627869 0.0 0.0 0.09000000357627869 0.09000000357627869 0.0 0.09000000357627869 0.0 0.0 0.0 0.0 0.0 0.3100000023841858 0.0 0.0 0.0 0.0 0.0 0.0 0.0 0.09000000357627869 0.09000000357627869 0.0 0.09000000357627869 -0.18000000715255737 0.09000000357627869 0.09000000357627869 -0.18000000715255737 0.09000000357627869 0.09000000357627869 0.5099999904632568 -0.5099999904632568 0.0 0.0 0.0 0.09000000357627869 0.0 0.0 0.0 0.0 0.09000000357627869 -0.27000001072883606 0.09000000357627869 0.0 0.0 -0.27000001072883606 0.09000000357627869 0.0 0.0 0.0 0.0 0.0 0.0 0.0 0.0 0.0 0.0 0.0 0.0 -0.09000000357627869 0.0 0.0 0.0 0.0 0.0 0.0 0.0 0.0 0.0 0.09000000357627869 -0.10999999940395355 0.09000000357627869 0.09000000357627869 -0.23000000417232513 0.1599999964237213 0.5099999904632568 -0.5099999904632568 -0.4699999988079071 0.0 0.09000000357627869 0.0 0.0 0.0 0.0 0.09000000357627869 0.0 0.0 0.0 -0.11999999731779099 0.11999999731779099 0.3100000023841858 0.0 -0.4699999988079071 0.0 0.0 0.09000000357627869 0.0 0.0 0.0 0.0 0.0 0.0 0.0 0.0 0.0 -0.27000001072883606 0.09000000357627869 0.0 0.09000000357627869 0.5099999904632568 -0.5099999904632568 -0.28999999165534973 0.0 0.0 0.09000000357627869 0.0 0.09000000357627869 -0.18000000715255737 0.09000000357627869 0.0 0.0 0.0 0.0 0.0 -0.4699999988079071 0.3100000023841858 0.0 0.09000000357627869 -0.27000001072883606 0.09000000357627869 0.09000000357627869 0.09000000357627869 0.5099999904632568 -0.5099999904632568 -0.4699999988079071 0.3100000023841858 0.0 0.09000000357627869 0.0 0.09000000357627869 0.09000000357627869 -0.2800000011920929 0.09000000357627869 0.09000000357627869 0.6200000047683716 -0.7599999904632568 0.0 -0.5099999904632568 0.0 0.0 0.0 0.0 0.0 0.0 0.0 0.0 0.0 0.0 -0.4699999988079071 0.0 0.0 0.0 0.0 0.09000000357627869 -0.27000001072883606 0.09000000357627869 0.09000000357627869 0.0 0.0 0.09000000357627869 0.0 0.0 0.0 0.0 -0.4699999988079071 0.0 0.0 0.09000000357627869 0.0 0.09000000357627869 0.09000000357627869 -0.2800000011920929 0.09000000357627869 0.09000000357627869 0.6200000047683716 -0.7599999904632568 -0.7599999904632568 0.0 0.0 -0.4699999988079071 0.0 0.07000000029802322 0.09000000357627869 0.0 0.09000000357627869 0.0 0.0 0.0 0.0 0.0 0.0 0.0 0.09000000357627869 -0.18000000715255737 0.09000000357627869 0.09000000357627869 0.550000011920929 -0.550000011920929 -0.6200000047683716 0.3199999928474426 0.0 0.5099999904632568 -0.5099999904632568 0.0 0.0 0.0 0.09000000357627869 0.0 0.0 0.09000000357627869 -0.18000000715255737 0.09000000357627869 0.09000000357627869 -0.18000000715255737 0.09000000357627869 0.09000000357627869 0.20999999344348907 0.05000000074505806 0.05000000074505806 -0.30000001192092896 0.33000001311302185 0.33000001311302185 0.33000001311302185 0.5099999904632568 -0.5099999904632568 0.0 0.0 0.0 0.09000000357627869 0.0 0.5099999904632568 -0.5099999904632568 0.0 0.0 0.0 0.09000000357627869 -0.2800000011920929 0.09000000357627869 0.09000000357627869 0.6200000047683716 -0.7599999904632568 -0.7599999904632568 0.0 -0.5099999904632568 0.0 0.3100000023841858 0.0 0.0 0.0 0.09000000357627869 0.0 0.09000000357627869 0.0 0.09000000357627869 -0.27000001072883606 0.09000000357627869 0.0 0.09000000357627869 0.0 0.0 0.0 0.3100000023841858 0.0 0.09000000357627869 0.09000000357627869 0.0 -0.5099999904632568 -0.4699999988079071 0.0 0.0 0.09000000357627869 -0.27000001072883606 0.09000000357627869 0.0 0.09000000357627869 0.0 -0.5099999904632568 0.0 0.0 0.0 0.0 0.0 0.09000000357627869 0.0 0.0 0.0 0.0 0.0 0.0 0.0 0.0 0.0 0.0 0.0 0.0 0.0 0.0 0.0 0.0 0.0 0.0 -0.27000001072883606 0.0 0.09000000357627869 0.0 -0.4699999988079071 0.0 0.09000000357627869 0.0 -0.4699999988079071 0.0 0.0 0.09000000357627869 0.0 0.09000000357627869 0.0 0.09000000357627869 0.0 0.0 0.0 0.0 0.0 0.0 0.0 0.09000000357627869 0.0 0.0 0.0 -0.09000000357627869 0.0 0.0 0.0 0.0
37 0.0 0.0 0.0 0.0 0.0 0.0 0.0 0.0 0.0 0.0 -0.09000000357627869 -0.2199999988079071 0.09000000357627869 0.09000000357627869 0.0 -0.5099999904632568 0.0 0.3100000023841858 0.0 0.09000000357627869 0.05000000074505806 0.09000000357627869 0.09000000357627869 -0.6600000262260437 0.4300000071525574 0.0 0.0 -0.4699999988079071 0.3100000023841858 0.0 0.0 -0.18000000715255737 0.09000000357627869 0.09000000357627869 0.0 0.0 -0.27000001072883606 0.09000000357627869 0.0 0.09000000357627869 0.0 0.09000000357627869 0.09000000357627869 0.09000000357627869 0.0 -0.5099999904632568 0.0 0.0 0.0 0.09000000357627869 0.0 0.09000000357627869 0.09000000357627869 0.0 0.09000000357627869 0.0 -0.18000000715255737 0.09000000357627869 0.09000000357627869 0.20999999344348907 0.05000000074505806 0.05000000074505806 -0.30000001192092896 0.33000001311302185 0.33000001311302185 0.33000001311302185 0.0 -0.5099999904632568 -0.4699999988079071 0.3100000023841858 -0.019999999552965164 0.0 0.09000000357627869 0.5099999904632568 -0.5099999904632568 -0.4699999988079071 0.3100000023841858 0.0 0.09000000357627869 0.0 0.09000000357627869 -0.6600000262260437 0.4300000071525574 -0.27000001072883606 0.09000000357627869 0.09000000357627869 0.0 0.0 -0.5099999904632568 0.0 0.3100000023841858 0.0 0.0 0.0 0.09000000357627869 0.0 0.09000000357627869 0.0 0.09000000357627869 -0.27000001072883606 0.09000000357627869 0.0 0.09000000357627869 0.0 -0.5099999904632568 0.0 0.0 0.0 0.09000000357627869 0.0 0.09000000357627869 -0.6600000262260437 0.4300000071525574 -0.27000001072883606 0.09000000357627869 0.09000000357627869 0.09000000357627869 0.0 -0.5099999904632568 0.0 0.0 0.09000000357627869 0.09000000357627869 0.0 0.0 -0.18000000715255737 0.09000000357627869 0.09000000357627869 -0.18000000715255737 0.09000000357627869 0.09000000357627869 0.5099999904632568 -0.5099999904632568 -0.4699999988079071 0.0 0.09000000357627869 0.05000000074505806 0.3100000023841858 0.0 0.0 0.0 0.0 -0.11999999731779099 -0.11999999731779099 -0.11999999731779099 0.11999999731779099 0.0 0.11999999731779099 0.0 0.11999999731779099 0.09000000357627869 0.0 0.0 0.09000000357627869 0.09000000357627869 0.09000000357627869 0.09000000357627869 0.09000000357627869 0.5099999904632568 0.0 0.0 0.09000000357627869 0.09000000357627869 0.0 -0.18000000715255737 0.09000000357627869 -0.18000000715255737 0.09000000357627869 0.09000000357627869 0.5099999904632568 -0.5099999904632568 0.0 0.0 0.0 0.09000000357627869 -0.27000001072883606 0.09000000357627869 0.09000000357627869 0.09000000357627869 0.09000000357627869 0.09000000357627869 0.5099999904632568 -0.5099999904632568 0.0 0.0 0.0 0.09000000357627869 0.0 0.09000000357627869 -0.27000001072883606 0.09000000357627869 0.09000000357627869 0.09000000357627869 -0.27000001072883606 0.09000000357627869 0.09000000357627869 0.09000000357627869 0.0 -0.5099999904632568 0.0 0.0 0.07000000029802322 0.09000000357627869 0.0 0.0 0.0 0.0 0.0 -0.27000001072883606 0.0 0.09000000357627869 0.09000000357627869 0.5099999904632568 -0.5099999904632568 0.0 0.0 0.0 0.09000000357627869 0.05000000074505806 0.09000000357627869 0.09000000357627869 -0.6600000262260437 0.4300000071525574 0.5099999904632568 0.09000000357627869 0.09000000357627869 -0.5099999904632568 0.0 0.09000000357627869 -0.18000000715255737 0.09000000357627869 0.5099999904632568 -0.5099999904632568 0.0 0.3100000023841858 0.0 0.09000000357627869 0.0 0.09000000357627869 -0.6600000262260437 0.4300000071525574 -0.27000001072883606 0.09000000357627869 0.09000000357627869 0.09000000357627869 0.5099999904632568 -0.5099999904632568 -0.4699999988079071 0.0 0.07000000029802322 0.09000000357627869 0.05000000074505806 0.09000000357627869 0.0 -0.6600000262260437 0.5099999904632568 -0.5099999904632568 -0.28999999165534973 0.0 0.09000000357627869 0.09000000357627869 0.0 0.0 -0.18000000715255737 0.09000000357627869 0.09000000357627869 -0.18000000715255737 0.09000000357627869 0.09000000357627869 0.0 0.0 0.0 0.0 0.0 0.5099999904632568 -0.4699999988079071 0.0 0.0 0.0 0.09000000357627869 0.09000000357627869 0.0 -0.11999999731779099 0.11999999731779099 -0.11999999731779099 0.11999999731779099 0.0 0.0 0.0 0.0 0.0 0.0 -0.18000000715255737 0.09000000357627869 0.09000000357627869 0.0 0.0 0.09000000357627869 0.550000011920929 -0.550000011920929 -0.6200000047683716 0.3199999928474426 0.30000001192092896 0.5099999904632568 -0.5099999904632568 -0.4699999988079071 0.0 0.09000000357627869 -0.18000000715255737 0.09000000357627869 0.09000000357627869 0.550000011920929 -0.550000011920929 0.0 0.0 0.0
370 0.46000000834465027 0.11999999731779099 0.0 0.0 0.0 0.0 0.0 0.0 0.0 0.0 0.0 0.0 0.0 0.0 0.0 0.0 0.0 0.0 0.0 0.0 0.09000000357627869 0.09000000357627869 0.0 0.0 0.0 0.0 0.0 0.0 -0.27000001072883606 0.09000000357627869 0.5099999904632568 -0.5099999904632568 -0.4699999988079071 0.0 0.0 0.09000000357627869 0.05000000074505806 0.09000000357627869 0.09000000357627869 0.0 0.0 0.5099999904632568 -0.5099999904632568 0.0 0.0 0.0 0.09000000357627869 0.0 0.5099999904632568 -0.5099999904632568 0.0 0.0 0.0 0.09000000357627869 -0.18000000715255737 0.09000000357627869 0.0 -0.18000000715255737 0.09000000357627869 0.09000000357627869 0.5099999904632568 -0.5099999904632568 0.0 0.0 0.0 0.0 0.0 0.09000000357627869 0.0 0.0 0.09000000357627869 0.0 0.09000000357627869 0.09000000357627869 0.0 0.0 0.0 0.0 0.0 0.0 0.3100000023841858 0.0 0.0 0.0 0.0 0.0 0.0 0.0 0.09000000357627869 0.09000000357627869 0.0 0.09000000357627869 -0.18000000715255737 0.09000000357627869 0.09000000357627869 -0.18000000715255737 0.09000000357627869 0.09000000357627869 0.5099999904632568 -0.5099999904632568 0.0 0.0 0.0 0.09000000357627869 0.0 0.0 0.0 0.0 0.09000000357627869 -0.27000001072883606 0.0 -0.27000001072883606 0.09000000357627869 0.0 0.0 0.0 0.0 0.0 0.0 0.0 0.0 0.0 0.0 0.0 0.0 -0.09000000357627869 0.0 0.0 0.0 0.0 0.0 0.0 0.0 0.0 0.0 0.09000000357627869 -0.10999999940395355 0.09000000357627869 0.09000000357627869 -0.23000000417232513 0.1599999964237213 0.5099999904632568 -0.5099999904632568 -0.4699999988079071 0.0 0.0 0.09000000357627869 0.0 0.09000000357627869 0.09000000357627869 0.0 0.0 0.0 0.0 0.0 0.3100000023841858 -0.4699999988079071 0.0 0.0 0.0 0.0 0.0 0.0 0.0 0.0 0.0 0.0 0.0 0.5099999904632568 -0.5099999904632568 -0.28999999165534973 0.0 0.0 0.0 0.0 0.0 -0.4699999988079071 0.3100000023841858 0.0 0.09000000357627869 -0.27000001072883606 0.09000000357627869 0.09000000357627869 0.09000000357627869 0.5099999904632568 -0.5099999904632568 -0.4699999988079071 0.3100000023841858 0.0 0.09000000357627869 0.0 0.09000000357627869 0.09000000357627869 0.0 -0.5099999904632568 0.0 0.0 0.0 0.0 0.0 0.0 0.0 0.0 0.0 0.0 -0.4699999988079071 0.0 0.0 0.0 0.0 0.09000000357627869 -0.27000001072883606 0.09000000357627869 0.09000000357627869 0.0 0.0 0.09000000357627869 0.0 0.0 0.0 0.0 -0.4699999988079071 0.0 0.0 0.09000000357627869 0.0 0.09000000357627869 0.09000000357627869 -0.2800000011920929 0.09000000357627869 0.09000000357627869 0.6200000047683716 -0.7599999904632568 -0.7599999904632568 0.0 0.0 -0.4699999988079071 0.0 0.07000000029802322 0.09000000357627869 0.0 0.09000000357627869 0.0 0.0 0.0 0.0 0.0 0.0 0.0 0.09000000357627869 0.0 0.0 0.0 0.0 0.0 0.0 0.0 0.0 0.0 0.09000000357627869 0.0 0.0 0.09000000357627869 -0.18000000715255737 0.09000000357627869 0.09000000357627869 -0.18000000715255737 0.09000000357627869 0.09000000357627869 0.20999999344348907 0.05000000074505806 0.05000000074505806 -0.30000001192092896 0.33000001311302185 0.33000001311302185 0.33000001311302185 0.5099999904632568 -0.5099999904632568 0.0 0.0 0.0 0.09000000357627869 0.0 0.5099999904632568 -0.5099999904632568 0.0 0.0 0.0 0.09000000357627869 -0.2800000011920929 0.09000000357627869 0.09000000357627869 0.6200000047683716 -0.7599999904632568 -0.7599999904632568 0.0 -0.5099999904632568 0.0 0.3100000023841858 0.0 0.0 0.0 -0.27000001072883606 0.0 0.09000000357627869 0.0 -0.4699999988079071 0.0 0.0 -0.27000001072883606 0.09000000357627869 0.0 0.09000000357627869 0.0 -0.5099999904632568 0.0 0.0 0.0 0.0 0.0 0.09000000357627869 0.0 0.0 0.0 0.0 0.0 0.0 0.0 0.0 0.0 0.0 0.0 0.0 0.0 0.0 0.09000000357627869 0.0 0.09000000357627869
371 0.0 -0.5099999904632568 0.0 0.0 0.0 0.0 0.0 0.0 0.0 0.0 0.0 0.0 0.0 0.0 0.0 0.0 0.0 0.0 0.0 0.09000000357627869 0.09000000357627869 0.0 0.0 0.0 0.0 0.0 0.0 -0.27000001072883606 0.09000000357627869 0.09000000357627869 0.09000000357627869 0.5099999904632568 -0.5099999904632568 -0.4699999988079071 0.0 0.0 0.09000000357627869 0.05000000074505806 0.09000000357627869 0.09000000357627869 0.0 0.5099999904632568 -0.5099999904632568 0.0 0.0 0.0 0.09000000357627869 0.0 0.5099999904632568 -0.5099999904632568 0.0 0.0 0.0 0.09000000357627869 0.09000000357627869 0.5099999904632568 -0.5099999904632568 0.0 0.0 0.0 0.0 0.09000000357627869 0.0 0.0 0.0 0.0 0.3100000023841858 0.0 0.0 0.0 0.0 0.0 0.0 0.0 0.09000000357627869 0.09000000357627869 0.0 0.09000000357627869 -0.18000000715255737 0.09000000357627869 0.09000000357627869 0.0 0.0 0.0 0.0 0.0 0.0 0.0 -0.09000000357627869 0.0 0.0 0.0 0.0 0.0 -0.23000000417232513 0.1599999964237213 0.0 0.0 0.09000000357627869 -0.27000001072883606 0.09000000357627869 0.09000000357627869 0.5099999904632568 -0.5099999904632568 -0.4699999988079071 0.3100000023841858 0.0 0.09000000357627869 0.0 0.09000000357627869 0.09000000357627869 -0.2800000011920929 0.09000000357627869 0.09000000357627869 0.6200000047683716 -0.7599999904632568 -0.7599999904632568 0.0 -0.5099999904632568 0.0 0.0 0.0 0.0 0.0 0.0 0.0 0.0 0.0 0.0 -0.4699999988079071 0.0 0.0 0.0 0.0 0.09000000357627869 -0.27000001072883606 0.09000000357627869 0.09000000357627869 0.0 0.0 0.09000000357627869 0.0 0.0 0.0 0.0 -0.4699999988079071 0.0 0.0 0.09000000357627869 0.0 0.09000000357627869 0.09000000357627869 -0.2800000011920929 0.09000000357627869 0.09000000357627869 0.6200000047683716 -0.7599999904632568 -0.7599999904632568 0.0 0.0 -0.4699999988079071 0.0 0.07000000029802322 0.09000000357627869 0.0 0.09000000357627869 0.0 0.0 0.0 0.0 0.0 0.0 0.0 0.09000000357627869 0.0 0.0 0.0 0.0 0.0 0.0 0.0 0.0 0.0 0.09000000357627869 -0.18000000715255737 0.09000000357627869 0.09000000357627869 0.550000011920929 -0.550000011920929 -0.6200000047683716 0.3199999928474426 0.0 0.5099999904632568 -0.5099999904632568 0.0 0.0 0.0 0.09000000357627869 0.0 0.5099999904632568 -0.5099999904632568 0.0 0.0 0.0 0.09000000357627869 -0.2800000011920929 0.09000000357627869 0.09000000357627869 0.6200000047683716 -0.7599999904632568 -0.7599999904632568 0.0 -0.5099999904632568 0.0 0.3100000023841858 0.0 0.0 0.0 0.09000000357627869 0.0 0.09000000357627869 -0.27000001072883606 0.09000000357627869 0.0 0.09000000357627869 0.0 0.0 0.0 0.3100000023841858 0.0 -0.18000000715255737 0.09000000357627869 0.0 -0.5099999904632568 -0.4699999988079071 0.0 0.0 0.09000000357627869 -0.27000001072883606 0.09000000357627869 0.0 0.09000000357627869 0.0 -0.5099999904632568 0.0 0.0 0.0 0.0 0.0 0.09000000357627869 0.0 0.0 0.0 0.0 0.0 0.0 0.0 0.0 0.0 0.0 0.09000000357627869 0.0
372 -0.18000000715255737 0.0 0.550000011920929 -0.550000011920929 -0.6200000047683716 0.3199999928474426 0.30000001192092896 0.0 0.0 0.09000000357627869 -0.27000001072883606 0.09000000357627869 0.0 0.0 0.11999999731779099 0.0 0.11999999731779099 0.0 0.0 0.0 0.0 0.0 0.0 0.0 0.0 0.0 0.09000000357627869 -0.6600000262260437 0.4300000071525574 0.5099999904632568 0.0 -0.4699999988079071 0.0 0.0 0.09000000357627869 -0.27000001072883606 0.09000000357627869 0.5099999904632568 -0.5099999904632568 -0.4699999988079071 0.0 0.0 0.09000000357627869 0.0 0.09000000357627869 0.0 0.09000000357627869 0.0 0.0 0.0 0.0 0.0 0.0 0.0 0.0 0.0 0.0 0.0 0.0 0.0 0.0 0.0 0.0 0.0 0.09000000357627869 0.09000000357627869 0.0 0.0 0.0 0.0 0.0 0.0 -0.27000001072883606 0.09000000357627869 0.09000000357627869 0.09000000357627869 0.5099999904632568 -0.5099999904632568 -0.4699999988079071 0.0 0.0 0.09000000357627869 0.05000000074505806 0.09000000357627869 0.09000000357627869 0.0 0.0 0.5099999904632568 -0.5099999904632568 0.0 0.0 0.0 0.09000000357627869 0.0 0.5099999904632568 -0.5099999904632568 0.0 0.0 0.0 0.09000000357627869 -0.18000000715255737 0.09000000357627869 0.0 -0.18000000715255737 0.09000000357627869 0.09000000357627869 0.550000011920929 0.5099999904632568 -0.5099999904632568 0.0 0.0 0.0 0.0 0.0 0.09000000357627869 0.0 0.0 0.09000000357627869 0.0 0.09000000357627869 0.0 0.09000000357627869 0.0 0.0 0.0 0.0 0.0 0.3100000023841858 0.0 0.0 0.0 0.0 0.0 0.0 0.0 0.09000000357627869 0.09000000357627869 0.0 0.09000000357627869 -0.18000000715255737 0.09000000357627869 0.0 0.0 0.0 0.0 0.0 0.0 0.0 -0.09000000357627869 0.0 0.0 0.0 0.0 0.0 -0.5099999904632568 0.0 0.0 0.0 0.0 0.0 0.0 -0.4699999988079071 0.0 0.0 0.0 0.0 0.09000000357627869 -0.27000001072883606 0.09000000357627869 0.0 0.0 0.0 -0.4699999988079071 0.0 0.0 0.09000000357627869 0.0 0.09000000357627869 0.09000000357627869 -0.2800000011920929 0.09000000357627869 0.09000000357627869 0.6200000047683716 -0.7599999904632568 0.0 0.0 -0.4699999988079071 0.0 0.07000000029802322 0.09000000357627869 0.0 0.09000000357627869 0.0 0.0 0.0 0.0 0.0 0.0 0.0 0.09000000357627869 0.0 0.0 0.0 0.0 0.0 0.0 0.0 0.0 0.0 0.09000000357627869 -0.18000000715255737 0.09000000357627869 0.09000000357627869 0.550000011920929 -0.550000011920929 -0.6200000047683716 0.3199999928474426 0.0 0.5099999904632568 -0.5099999904632568 0.0 0.0 0.0 0.09000000357627869 0.0 0.0 0.09000000357627869 -0.18000000715255737 0.09000000357627869 0.09000000357627869 -0.18000000715255737 0.09000000357627869 0.09000000357627869 0.20999999344348907 0.05000000074505806 0.05000000074505806 -0.30000001192092896 0.33000001311302185 0.33000001311302185 0.33000001311302185 0.5099999904632568 -0.5099999904632568 0.0 0.0 0.0 0.09000000357627869 -0.2800000011920929 0.09000000357627869 0.09000000357627869 0.6200000047683716 -0.7599999904632568 -0.7599999904632568 0.0 -0.5099999904632568 0.0 0.3100000023841858 0.0 0.0 0.0 0.09000000357627869 0.0 0.09000000357627869 0.0 0.09000000357627869 -0.27000001072883606 0.09000000357627869 0.0 0.09000000357627869 0.0 0.0 0.0 0.3100000023841858 0.0 0.09000000357627869 -0.18000000715255737 0.09000000357627869 0.09000000357627869 -0.2800000011920929 0.09000000357627869 0.09000000357627869 0.6200000047683716 -0.7599999904632568 0.0 -0.5099999904632568 -0.4699999988079071 0.0 0.0 0.09000000357627869 -0.27000001072883606 0.09000000357627869 0.0 0.09000000357627869 0.0 -0.5099999904632568 0.0 0.0 0.0 0.0 0.0 0.09000000357627869 0.0 0.0 0.0 0.0 0.0 0.0 0.0 0.0 0.0 0.0 0.0 0.0 0.0 0.0 0.0 0.09000000357627869
373 0.4300000071525574 -0.27000001072883606 0.09000000357627869 0.09000000357627869 0.09000000357627869 -0.18000000715255737 0.0 0.09000000357627869 0.550000011920929 -0.550000011920929 -0.6200000047683716 0.3199999928474426 0.30000001192092896 0.0 0.09000000357627869 0.0 0.0 0.09000000357627869 0.09000000357627869 -0.27000001072883606 0.09000000357627869 0.0 0.09000000357627869 0.09000000357627869 0.0 0.0 -0.27000001072883606 0.09000000357627869 0.0 0.0 0.0 0.0 0.0 0.0 0.11999999731779099 0.0 0.11999999731779099 0.0 0.0 0.0 0.0 0.0 0.0 0.0 0.0 0.09000000357627869 -0.6600000262260437 0.4300000071525574 0.5099999904632568 0.0 -0.4699999988079071 0.09000000357627869 0.5099999904632568 -0.5099999904632568 0.0 0.0 0.0 0.0 0.0 0.0 0.0 0.0 0.0 0.0 0.0 0.0 0.0 0.0 0.0 0.0 0.0 0.09000000357627869 0.09000000357627869 0.0 0.0 0.0 0.0 0.0 0.0 -0.27000001072883606 0.09000000357627869 0.09000000357627869 0.09000000357627869 0.5099999904632568 -0.5099999904632568 -0.4699999988079071 0.0 0.0 0.09000000357627869 0.05000000074505806 0.09000000357627869 0.0 0.5099999904632568 -0.5099999904632568 0.0 0.0 0.0 0.09000000357627869 0.0 0.5099999904632568 -0.5099999904632568 0.0 0.0 0.0 0.0 0.0 0.0 0.0 0.0 0.3100000023841858 0.0 0.0 0.0 0.0 0.0 0.0 0.0 -0.09000000357627869 0.0 0.0 0.0 0.0 0.0 -0.5099999904632568 0.0 0.09000000357627869 0.0 0.09000000357627869 0.09000000357627869 0.0 -0.5099999904632568 0.0 0.0 0.0 0.0 0.0 0.0 0.0 0.0 0.0 0.0 -0.4699999988079071 0.0 0.0 0.0 0.09000000357627869 0.0 0.0 -0.4699999988079071 0.0 0.0 0.09000000357627869 0.0 0.09000000357627869 0.09000000357627869 -0.2800000011920929 0.09000000357627869 0.09000000357627869 0.6200000047683716 -0.7599999904632568 -0.7599999904632568 0.0 0.0 -0.4699999988079071 0.0 0.07000000029802322 0.09000000357627869 0.0 0.09000000357627869 0.0 0.0 0.0 0.0 0.0 0.0 0.0 0.09000000357627869 0.0 0.0 0.0 0.0 0.0 0.0 0.0 0.0 0.0 0.09000000357627869 -0.18000000715255737 0.09000000357627869 0.09000000357627869 0.550000011920929 -0.550000011920929 -0.6200000047683716 0.3199999928474426 0.0 0.5099999904632568 -0.5099999904632568 0.0 0.0 0.0 0.09000000357627869 0.0 0.0 0.09000000357627869 -0.18000000715255737 0.09000000357627869 0.09000000357627869 -0.18000000715255737 0.09000000357627869 0.09000000357627869 0.20999999344348907 0.05000000074505806 0.05000000074505806 -0.30000001192092896 0.33000001311302185 0.33000001311302185 0.33000001311302185 0.5099999904632568 -0.5099999904632568 0.0 0.0 0.0 0.09000000357627869 0.0 0.5099999904632568 -0.5099999904632568 0.0 0.3100000023841858 0.0 0.0 0.0 0.09000000357627869 0.0 0.09000000357627869 0.0 0.09000000357627869 -0.27000001072883606 0.09000000357627869 0.0 0.09000000357627869 0.0 0.0 0.0 0.3100000023841858 0.0 0.09000000357627869 -0.18000000715255737 0.09000000357627869 0.09000000357627869 -0.2800000011920929 0.09000000357627869 0.09000000357627869 0.6200000047683716 -0.7599999904632568 -0.7599999904632568 0.0 -0.5099999904632568 -0.4699999988079071 0.0 0.0 0.09000000357627869 -0.27000001072883606 0.09000000357627869 0.0 0.09000000357627869 0.0 -0.5099999904632568 0.0 0.0 0.0 0.0 0.0 0.09000000357627869 0.0 0.0 0.0 0.0 0.0 0.0 0.0 0.0 0.0 0.0 0.0 0.0 0.0 0.0 0.0 0.0 0.0 0.0 -0.27000001072883606 0.0 0.09000000357627869 0.09000000357627869 0.0 0.0 -0.4699999988079071 0.0 0.0 0.09000000357627869 0.0 0.09000000357627869 0.09000000357627869 0.0 0.09000000357627869 0.09000000357627869 -0.18000000715255737 0.09000000357627869 0.09000000357627869 0.20999999344348907 -0.30000001192092896 0.33000001311302185 0.33000001311302185 0.0 0.0 -0.4699999988079071 0.0 0.0 0.09000000357627869 0.0 0.09000000357627869 0.0 0.09000000357627869 0.0 0.0 0.0 0.0 0.0 0.0 0.0 0.0 0.0 0.0
374 -0.5099999904632568 0.0 0.5099999904632568 -0.5099999904632568 0.5099999904632568 -0.5099999904632568 -0.4699999988079071 0.3100000023841858 0.0 0.09000000357627869 0.0 0.09000000357627869 0.09000000357627869 -0.18000000715255737 0.0 0.09000000357627869 0.550000011920929 -0.550000011920929 -0.6200000047683716 0.3199999928474426 0.30000001192092896 0.0 0.0 -0.4699999988079071 0.0 0.0 0.09000000357627869 -0.18000000715255737 0.09000000357627869 0.09000000357627869 0.0 0.09000000357627869 0.09000000357627869 0.0 -0.550000011920929 -0.6200000047683716 0.3199999928474426 0.30000001192092896 0.5099999904632568 -0.5099999904632568 0.0 0.0 0.0 0.0 0.0 0.0 0.07000000029802322 0.09000000357627869 -0.2800000011920929 0.09000000357627869 0.09000000357627869 0.6200000047683716 -0.7599999904632568 -0.7599999904632568 0.0 0.0 0.0 0.0 0.0 0.0 0.0 0.09000000357627869 0.0 0.0 0.09000000357627869 0.0 0.0 0.09000000357627869 0.09000000357627869 -0.27000001072883606 0.09000000357627869 0.0 0.09000000357627869 0.0 0.0 0.0 0.0 0.0 0.0 0.0 0.0 0.0 0.0 0.0 0.0 0.0 0.0 0.09000000357627869 0.09000000357627869 0.0 -0.27000001072883606 0.09000000357627869 0.09000000357627869 0.09000000357627869 0.0 -0.5099999904632568 0.0 0.0 0.0 0.0 0.0 0.0 0.0 0.0 0.0 -0.27000001072883606 0.09000000357627869 0.0 0.0 0.0 0.0 0.0 0.0 0.0 0.0 0.0 0.0 0.0 0.0 0.0 0.0 0.0 0.0 0.0 0.0 0.0 0.0 0.09000000357627869 0.0 0.0 0.0 0.0 0.0 0.0 0.0 0.0 0.5099999904632568 -0.5099999904632568 0.0 0.0 0.0 0.09000000357627869 0.0 0.5099999904632568 -0.5099999904632568 0.0 0.0 0.0 0.09000000357627869 0.0 -0.5099999904632568 0.0 0.0 0.0 0.0 0.0 0.0 0.0 0.0 0.0 0.11999999731779099 0.0 0.11999999731779099 0.0 0.0 0.0 0.0 0.0 0.0 0.0 0.0 0.0 0.0 0.0 0.0 0.0 0.0 0.09000000357627869 -0.6600000262260437 0.4300000071525574 0.5099999904632568 0.0 -0.4699999988079071 0.0 0.0 0.09000000357627869 -0.27000001072883606 0.09000000357627869 0.09000000357627869 0.09000000357627869 0.5099999904632568 -0.5099999904632568 -0.4699999988079071 0.0 0.0 0.09000000357627869 0.0 0.09000000357627869 0.0 0.09000000357627869 0.0 0.0 0.0 0.0 0.0 0.0 0.0 0.0 0.0 0.0 0.0 0.0 0.0 0.0 0.0 0.0 0.0 0.09000000357627869 0.09000000357627869 0.0 0.0 0.0 0.0 0.0 0.0 -0.27000001072883606 0.09000000357627869 0.09000000357627869 0.09000000357627869 0.5099999904632568 -0.5099999904632568 -0.4699999988079071 0.0 0.0 0.09000000357627869 0.05000000074505806 0.09000000357627869 0.09000000357627869 0.0 0.0 0.5099999904632568 -0.5099999904632568 0.0 0.0 0.0 0.09000000357627869 0.0 0.5099999904632568 -0.5099999904632568 0.0 0.0 0.09000000357627869 0.0 0.0 0.0 0.0 0.09000000357627869 0.0 0.0 0.09000000357627869 0.09000000357627869 0.0 0.09000000357627869 0.0 0.0 0.0 0.0 0.3100000023841858 0.0 0.0 0.0 0.0 0.0 0.0 0.0 0.0 -0.09000000357627869 0.0 0.0 0.0 0.0 0.0 0.0 -0.5099999904632568 0.0 0.0 0.0 0.0 0.0 0.0 0.0 0.0 0.0 -0.4699999988079071 0.0 0.0 0.0 0.0 -0.4699999988079071 0.0 0.0 0.0 -0.4699999988079071 0.0 0.07000000029802322 0.09000000357627869 0.0 0.09000000357627869 0.0 0.0 0.0 0.0 0.0 0.0 0.0 0.09000000357627869 0.0 0.0 0.0 0.0 0.0 0.0 0.0 0.0 0.0 0.09000000357627869 0.5099999904632568 -0.5099999904632568 0.0 0.0 0.0 0.09000000357627869 0.0 0.0 0.09000000357627869 -0.18000000715255737 0.09000000357627869 0.09000000357627869 -0.18000000715255737 0.09000000357627869 0.09000000357627869 0.5099999904632568 -0.5099999904632568 0.0 0.0 0.0 0.09000000357627869 0.0 0.5099999904632568 -0.5099999904632568 0.0 0.0 0.0 0.09000000357627869 -0.2800000011920929 0.09000000357627869 0.09000000357627869 0.6200000047683716 -0.7599999904632568 -0.7599999904632568 0.0 -0.5099999904632568 0.0 0.3100000023841858 0.0 0.09000000357627869 -0.18000000715255737 0.09000000357627869 0.09000000357627869 -0.2800000011920929 0.09000000357627869 0.09000000357627869 0.6200000047683716 -0.7599999904632568 -0.7599999904632568 0.0 -0.5099999904632568 -0.4699999988079071 0.0 0.0 0.09000000357627869 -0.27000001072883606 0.09000000357627869 0.0 0.09000000357627869 0.0 -0.5099999904632568 0.0 0.0 0.0 0.0 0.0 0.09000000357627869 0.0 0.0 0.0 0.0 0.0 0.0 0.0 0.0 0.0 0.0 0.0 0.0 0.0 0.0 0.0 0.0 0.0 0.0 -0.27000001072883606 0.0 0.09000000357627869 0.09000000357627869 0.0 0.0 -0.4699999988079071 0.0 0.0 0.09000000357627869 0.0 0.09000000357627869 0.09000000357627869 0.0 0.09000000357627869 0.09000000357627869 -0.18000000715255737 0.09000000357627869 0.09000000357627869 0.20999999344348907 0.33000001311302185 0.0 0.0 -0.4699999988079071 0.0 0.0 0.09000000357627869 0.0 0.09000000357627869 0.0 0.09000000357627869 0.0 -0.5099999904632568 0.0 0.0 0.0 0.0 0.0 0.0 0.09000000357627869 0.0 0.0 0.0 -0.09000000357627869 0.0 0.0 0.0 0.5099999904632568 -0.4699999988079071 0.0 0.0 0.0 0.0 0.09000000357627869 -0.550000011920929 0.0
375 -0.5099999904632568 0.09000000357627869 -0.4699999988079071 0.3100000023841858 0.0 0.05000000074505806 0.09000000357627869 0.09000000357627869 -0.6600000262260437 0.4300000071525574 0.5099999904632568 -0.5099999904632568 0.0 0.0 0.0 0.09000000357627869 0.0 0.09000000357627869 -0.6600000262260437 0.4300000071525574 -0.27000001072883606 0.09000000357627869 0.09000000357627869 0.09000000357627869 0.5099999904632568 -0.5099999904632568 0.0 0.3100000023841858 0.0 0.09000000357627869 0.09000000357627869 0.4300000071525574 0.09000000357627869 -0.4699999988079071 0.3100000023841858 0.0 0.09000000357627869 0.0 0.09000000357627869 0.09000000357627869 -0.18000000715255737 0.0 0.09000000357627869 0.550000011920929 -0.550000011920929 -0.6200000047683716 0.3199999928474426 0.30000001192092896 0.0 0.0 -0.4699999988079071 0.09000000357627869 0.0 0.0 0.07000000029802322 0.09000000357627869 -0.2800000011920929 0.09000000357627869 0.09000000357627869 0.6200000047683716 -0.7599999904632568 -0.7599999904632568 0.0 0.0 0.0 0.0 0.0 0.0 0.0 0.09000000357627869 0.0 0.0 0.09000000357627869 0.0 0.0 0.09000000357627869 0.09000000357627869 -0.27000001072883606 0.09000000357627869 0.0 0.09000000357627869 0.0 0.0 0.0 0.0 0.0 0.09000000357627869 0.0 0.0 0.0 0.09000000357627869 0.09000000357627869 0.0 -0.27000001072883606 0.09000000357627869 0.09000000357627869 0.09000000357627869 0.0 -0.5099999904632568 0.0 0.0 0.0 0.0 0.0 0.0 -0.27000001072883606 0.09000000357627869 0.0 0.0 0.0 0.0 0.0 0.0 0.11999999731779099 0.0 0.11999999731779099 0.0 0.0 0.0 0.0 0.0 0.09000000357627869 -0.6600000262260437 0.4300000071525574 0.5099999904632568 0.0 0.09000000357627869 0.0 0.0 0.0 0.0 0.0 0.0 0.0 0.0 0.0 0.0 0.0 0.0 0.0 0.0 0.09000000357627869 0.09000000357627869 0.0 0.0 0.0 0.0 0.0 0.0 -0.27000001072883606 0.09000000357627869 0.09000000357627869 0.09000000357627869 0.5099999904632568 -0.5099999904632568 -0.4699999988079071 0.0 0.0 0.0 0.09000000357627869 0.09000000357627869 -0.7599999904632568 0.0 -0.5099999904632568 0.0 0.0 0.0 0.0 0.0 0.0 0.0 0.0 0.0 0.0 0.0 0.0 -0.4699999988079071 0.0 0.07000000029802322 0.09000000357627869 0.0 0.09000000357627869 0.0 0.0 0.0 0.0 0.0 0.0 0.0 0.09000000357627869 0.0 0.0 0.0 0.0 0.0 0.0 0.0 0.0 0.0 0.0 0.09000000357627869 0.09000000357627869 0.09000000357627869 0.5099999904632568 -0.5099999904632568 0.0 0.0 0.0 0.09000000357627869 0.0 0.5099999904632568 -0.5099999904632568 0.0 0.0 0.0 0.09000000357627869 -0.2800000011920929 0.09000000357627869 0.09000000357627869 0.6200000047683716 -0.7599999904632568 -0.7599999904632568 0.0 -0.5099999904632568 0.0 0.3100000023841858 0.0 0.0 0.0 0.09000000357627869 0.0 0.09000000357627869 0.0 0.09000000357627869 -0.27000001072883606 0.09000000357627869 0.0 0.09000000357627869 0.0 0.0 -0.4699999988079071 0.0 0.0 0.09000000357627869 -0.27000001072883606 0.09000000357627869 0.0 0.09000000357627869 0.0 -0.5099999904632568 0.0 0.0 0.0 0.0 0.0 0.09000000357627869 0.0 0.0 0.0 0.0 0.0 0.0 0.0 0.0 0.0 0.0 0.0 0.0 0.0 0.0 0.0 0.0 0.0 0.0 -0.27000001072883606 0.0 0.09000000357627869 0.09000000357627869 0.0 0.0 -0.4699999988079071 0.0 0.0 0.09000000357627869 0.0 0.09000000357627869 0.09000000357627869 0.0 0.09000000357627869 0.09000000357627869 -0.18000000715255737 0.09000000357627869 0.09000000357627869 0.20999999344348907 0.05000000074505806 0.05000000074505806 -0.30000001192092896 0.33000001311302185 0.33000001311302185 0.33000001311302185 0.0 0.0 -0.4699999988079071 0.0 0.0 0.09000000357627869 0.0 0.09000000357627869 0.0 0.09000000357627869 0.0 -0.5099999904632568 0.0 0.0 0.0 0.0 0.0 0.0 0.09000000357627869 0.0 0.0 0.0 -0.09000000357627869 0.5099999904632568 -0.5099999904632568 -0.4699999988079071 0.0 0.0 0.09000000357627869 0.0 0.0 0.09000000357627869 0.0 0.0 0.09000000357627869 0.0 -0.550000011920929 -0.6200000047683716 0.3199999928474426 0.0 0.0 0.0 0.0 -0.18000000715255737 0.09000000357627869 0.550000011920929 -0.550000011920929 -0.6200000047683716 0.3199999928474426 0.30000001192092896 0.0
376 0.4300000071525574 -0.27000001072883606 0.09000000357627869 0.09000000357627869 -0.18000000715255737 0.0 0.09000000357627869 0.550000011920929 -0.550000011920929 -0.6200000047683716 0.3199999928474426 0.30000001192092896 0.0 0.0 0.09000000357627869 0.0 0.0 0.09000000357627869 -0.27000001072883606 0.09000000357627869 0.0 0.09000000357627869 0.0 0.0 0.0 0.09000000357627869 0.09000000357627869 0.0 0.09000000357627869 0.0 0.0 -0.27000001072883606 0.09000000357627869 0.0 0.0 0.0 0.0 0.0 0.0 0.11999999731779099 -0.6600000262260437 0.4300000071525574 0.0 0.0 0.0 0.0 0.0 0.0 0.0 0.0 0.0 0.0 0.09000000357627869 0.09000000357627869 0.0 0.0 0.0 0.0 0.0 0.0 -0.27000001072883606 0.09000000357627869 0.09000000357627869 0.0 0.0 0.0 0.0 0.0 -0.28999999165534973 0.0 0.0 0.0 -0.18000000715255737 0.09000000357627869 0.0 0.0 0.09000000357627869 0.0 0.0 0.0 -0.4699999988079071 0.0 0.5099999904632568 -0.5099999904632568 -0.4699999988079071 0.3100000023841858 0.0 0.09000000357627869 0.0 0.09000000357627869 0.09000000357627869 -0.2800000011920929 0.09000000357627869 0.09000000357627869 0.6200000047683716 -0.7599999904632568 -0.7599999904632568 0.0 -0.5099999904632568 0.0 0.0 0.0 0.0 0.0 0.0 0.0 0.0 0.0 0.0 -0.4699999988079071 0.0 0.0 0.0 0.09000000357627869 0.0 0.0 0.0 -0.4699999988079071 0.0 0.0 0.09000000357627869 0.0 0.09000000357627869 0.09000000357627869 -0.2800000011920929 0.09000000357627869 0.09000000357627869 0.6200000047683716 -0.7599999904632568 -0.7599999904632568 0.0 0.0 -0.4699999988079071 0.0 0.07000000029802322 0.09000000357627869 0.0 0.09000000357627869 0.0 0.0 0.0 0.0 0.0 0.0 0.0 0.09000000357627869 0.0 0.0 0.0 0.0 0.0 0.0 0.0 0.0 0.0 0.09000000357627869 -0.18000000715255737 0.09000000357627869 0.0 0.5099999904632568 -0.5099999904632568 0.0 0.0 0.0 0.09000000357627869 0.0 0.0 0.09000000357627869 -0.18000000715255737 0.09000000357627869 0.09000000357627869 -0.18000000715255737 0.09000000357627869 0.09000000357627869 0.20999999344348907 0.05000000074505806 0.05000000074505806 -0.30000001192092896 0.33000001311302185 0.33000001311302185 0.33000001311302185 0.5099999904632568 -0.5099999904632568 0.0 0.0 0.0 0.09000000357627869 0.0 0.5099999904632568 -0.5099999904632568 0.0 0.0 0.0 0.09000000357627869 -0.2800000011920929 0.09000000357627869 0.09000000357627869 0.6200000047683716 -0.7599999904632568 -0.7599999904632568 0.0 -0.5099999904632568 0.0 0.3100000023841858 0.0 0.0 0.0 0.09000000357627869 0.0 0.09000000357627869 0.0 0.09000000357627869 -0.27000001072883606 0.09000000357627869 0.0 0.09000000357627869 0.0 0.0 0.0 0.3100000023841858 0.0 0.09000000357627869 -0.18000000715255737 0.09000000357627869 0.09000000357627869 -0.2800000011920929 0.09000000357627869 0.09000000357627869 0.6200000047683716 -0.7599999904632568 -0.7599999904632568 0.0 -0.5099999904632568 0.0 0.0 0.0 0.0 0.0 0.09000000357627869 0.0 0.0 0.0 0.0 0.0 0.0 0.0 0.0 0.0 0.0 0.0 0.0 0.0 0.0 0.0 0.0 0.0 0.0 -0.27000001072883606 0.0 0.09000000357627869 0.09000000357627869 0.0 0.0 -0.4699999988079071 0.0 0.0 0.09000000357627869 0.0 0.09000000357627869 0.09000000357627869 0.0 0.09000000357627869 0.09000000357627869 -0.18000000715255737 0.09000000357627869 0.09000000357627869 0.20999999344348907 0.05000000074505806 0.05000000074505806 -0.30000001192092896 0.33000001311302185 0.33000001311302185 0.33000001311302185 0.0 0.0 -0.4699999988079071 0.0 0.0 0.09000000357627869 0.0 0.09000000357627869 0.0 0.09000000357627869 0.0 -0.5099999904632568 0.0 0.0 0.0 0.0 0.0 0.0 0.09000000357627869 0.0 0.0 0.0 -0.09000000357627869 0.0 0.0 0.0 0.5099999904632568 -0.5099999904632568 -0.4699999988079071 0.0 0.0 0.09000000357627869 0.0 0.0 0.09000000357627869 0.0 0.0 0.09000000357627869 0.0 -0.550000011920929 0.0 -0.5099999904632568 0.0 0.0 0.0 0.09000000357627869 -0.18000000715255737 0.09000000357627869 0.09000000357627869 0.550000011920929 -0.550000011920929 -0.6200000047683716 0.3199999928474426 0.30000001192092896 0.5099999904632568 -0.4699999988079071 0.0 0.0 0.0 0.09000000357627869 0.09000000357627869 0.0
377 -0.18000000715255737 0.0 0.09000000357627869 0.550000011920929 -0.550000011920929 -0.6200000047683716 0.3199999928474426 0.30000001192092896 0.0 0.09000000357627869 0.0 0.0 0.0 0.0 0.0 0.0 0.0 0.09000000357627869 0.0 0.0 0.09000000357627869 0.0 0.0 0.09000000357627869 0.09000000357627869 -0.27000001072883606 0.09000000357627869 0.0 0.09000000357627869 0.0 0.0 0.0 0.0 0.0 0.0 0.0 0.0 0.0 0.09000000357627869 0.0 0.0 0.0 0.09000000357627869 0.09000000357627869 0.0 -0.27000001072883606 0.09000000357627869 0.09000000357627869 0.09000000357627869 0.0 -0.5099999904632568 0.0 0.0 0.0 0.0 0.0 0.0 0.0 0.0 0.0 -0.27000001072883606 0.09000000357627869 0.0 0.0 0.0 0.0 0.0 0.0 0.0 0.0 0.0 0.0 0.0 0.09000000357627869 -0.6600000262260437 0.0 0.0 0.0 0.0 0.0 0.0 0.09000000357627869 0.0 0.0 -0.27000001072883606 0.09000000357627869 0.09000000357627869 0.09000000357627869 -0.18000000715255737 0.09000000357627869 0.09000000357627869 -0.27000001072883606 0.09000000357627869 0.09000000357627869 0.09000000357627869 0.0 -0.5099999904632568 0.0 0.0 0.0 0.0 0.0 0.0 0.0 0.0 0.0 0.0 0.0 0.0 0.0 0.0 0.0 0.0 0.0 0.0 0.0 0.0 -0.18000000715255737 0.09000000357627869 0.0 0.0 0.0 0.0 0.0 0.0 0.0 0.0 0.0 0.0 0.0 0.0 0.09000000357627869 0.09000000357627869 0.0 0.09000000357627869 0.0 0.0 0.0 0.0 0.0 0.0 0.0 0.0 0.0 0.0 0.0 -0.27000001072883606 0.0 0.0 0.0 0.0 0.0 0.0 0.0 0.09000000357627869 0.0 0.0 0.0 0.0 0.0 0.0 0.0 0.0 0.0 0.09000000357627869 0.0 0.0 0.0 0.0 0.0 0.0 0.0 0.0 0.5099999904632568 -0.5099999904632568 0.0 0.0 0.0 0.0 0.0 0.0 0.0 0.0 0.0 0.11999999731779099 0.0 0.11999999731779099 0.0 0.0 0.0 0.0 0.0 0.0 0.0 0.0 0.0 0.0 0.0 0.0 0.0 0.0 0.09000000357627869 -0.6600000262260437 0.4300000071525574 0.5099999904632568 0.0 -0.4699999988079071 0.0 0.0 0.0 0.0 0.0 0.0 0.0 0.0 0.0 0.0 0.0 0.0 0.0 0.0 0.0 0.0 0.0 0.0 0.0 0.09000000357627869 0.09000000357627869 0.0 0.0 0.0 0.0 0.0 0.0 -0.27000001072883606 0.09000000357627869 0.09000000357627869 0.09000000357627869 0.5099999904632568 -0.5099999904632568 -0.4699999988079071 0.0 0.0 0.0 0.0 0.09000000357627869 0.0 0.5099999904632568 -0.5099999904632568 0.0 0.0 0.0 0.0 0.0 0.09000000357627869 0.0 0.0 0.09000000357627869 0.0 0.0 0.09000000357627869 0.09000000357627869 0.0 0.09000000357627869 0.0 0.0 0.0 0.0 0.0 0.3100000023841858 0.0 0.0 0.0 0.0 0.0 0.0 0.0 0.09000000357627869 0.5099999904632568 -0.5099999904632568 0.0 0.0 0.0 0.09000000357627869 0.0 0.0 0.0 0.0 0.0 0.0 0.0 0.0 0.0 0.0 0.0 0.0 0.0 0.0 0.0 -0.09000000357627869 0.0 0.0 0.0 0.0 0.0 0.0 0.0 0.0 0.0 0.09000000357627869 -0.10999999940395355 0.09000000357627869 -0.23000000417232513 0.5099999904632568 -0.5099999904632568 -0.4699999988079071 0.0 0.0 0.0 0.0 0.0 0.09000000357627869 0.0 0.0 0.09000000357627869 0.0 -0.11999999731779099 0.11999999731779099 -0.11999999731779099 -0.11999999731779099 0.0 0.0 0.0 -0.11999999731779099 0.11999999731779099 0.5099999904632568 -0.5099999904632568 -0.4699999988079071 0.3100000023841858 -0.019999999552965164 0.09000000357627869 0.09000000357627869 0.0 -0.5099999904632568 -0.4699999988079071 0.0 0.0 0.09000000357627869 0.0 0.0 0.0 0.0 0.0 0.0 0.0 0.0 0.0 -0.27000001072883606 0.09000000357627869 0.0 0.09000000357627869 0.5099999904632568 -0.5099999904632568 -0.28999999165534973 0.0 0.0 0.09000000357627869 0.0 0.09000000357627869 -0.18000000715255737 0.09000000357627869 0.0 0.0 0.09000000357627869 0.0 0.0 0.0 -0.4699999988079071 0.3100000023841858 0.0 0.09000000357627869 -0.27000001072883606 0.5099999904632568 -0.5099999904632568 -0.4699999988079071 0.3100000023841858 0.0 0.09000000357627869 0.0 0.09000000357627869 0.09000000357627869 -0.2800000011920929 0.09000000357627869 0.09000000357627869 0.6200000047683716 -0.7599999904632568 -0.7599999904632568 0.0 -0.5099999904632568 0.0 0.0 0.0 0.0 0.0 0.0 0.0 0.0 0.0 0.0 -0.4699999988079071 0.0 0.0 0.0 0.0 0.09000000357627869 -0.27000001072883606 0.09000000357627869 0.09000000357627869 0.0 0.0 0.09000000357627869 0.0 0.0 0.0 0.0 -0.4699999988079071 0.0 0.0 0.09000000357627869 0.0 0.09000000357627869 0.09000000357627869 -0.2800000011920929 0.09000000357627869 0.09000000357627869 0.6200000047683716 -0.7599999904632568 0.0 0.0 -0.4699999988079071 0.0 0.07000000029802322 0.09000000357627869 0.0 0.09000000357627869 0.0 0.0 0.0 0.0 0.0 0.0 0.0 0.09000000357627869 0.0 0.0 0.0 0.0 0.0 0.0 0.0 0.0 0.0 0.09000000357627869 -0.18000000715255737 0.09000000357627869 0.09000000357627869 0.550000011920929 -0.550000011920929 -0.6200000047683716 0.3199999928474426 0.0 0.5099999904632568 -0.5099999904632568 0.0 0.0 0.0 0.09000000357627869 0.0 0.0 0.09000000357627869 -0.18000000715255737 0.09000000357627869 0.09000000357627869 -0.18000000715255737 0.09000000357627869 0.09000000357627869 0.20999999344348907 0.33000001311302185 0.33000001311302185 0.5099999904632568 -0.5099999904632568 0.0 0.0 0.0 0.09000000357627869 0.0 0.5099999904632568 -0.5099999904632568 0.0 0.0 0.0 0.09000000357627869 -0.2800000011920929 0.09000000357627869 0.09000000357627869 0.6200000047683716 -0.7599999904632568 -0.7599999904632568 0.0 -0.5099999904632568 0.0 0.3100000023841858 0.0 0.0 0.0 0.09000000357627869 0.0 0.09000000357627869 0.0 0.09000000357627869 -0.27000001072883606 0.09000000357627869 0.0 0.09000000357627869 0.0 0.0 0.0 0.3100000023841858 0.0 0.09000000357627869 -0.18000000715255737 0.09000000357627869 0.09000000357627869 -0.2800000011920929 0.09000000357627869 0.09000000357627869 0.6200000047683716 -0.7599999904632568 -0.7599999904632568 0.0 -0.5099999904632568 -0.4699999988079071 0.0 0.0 0.09000000357627869 -0.27000001072883606 0.09000000357627869 0.0 0.09000000357627869 0.0 -0.5099999904632568 0.0 0.0 0.0 0.0 -0.27000001072883606 0.0 0.09000000357627869 0.09000000357627869 0.0 0.0 -0.4699999988079071 0.0 0.0 0.09000000357627869 0.0 0.09000000357627869 0.09000000357627869 0.0 0.09000000357627869 0.09000000357627869 -0.18000000715255737 0.09000000357627869 0.09000000357627869 0.20999999344348907 0.05000000074505806 0.05000000074505806 -0.30000001192092896 0.33000001311302185 0.33000001311302185 0.0 0.0 -0.4699999988079071 0.0 0.0 0.09000000357627869 0.0 0.09000000357627869 0.0 0.09000000357627869 0.0 -0.5099999904632568 0.0 0.0 0.0 0.0 0.0 0.0 0.09000000357627869 0.0 0.0 0.0 -0.09000000357627869 0.0 0.0 0.0 0.0 0.5099999904632568 -0.5099999904632568 -0.4699999988079071 0.0 0.0 0.09000000357627869 0.0 0.0 0.09000000357627869 0.0 0.0 0.09000000357627869 0.0 -0.550000011920929 -0.6200000047683716 0.0 -0.5099999904632568 0.0 0.0 0.0 0.09000000357627869 -0.18000000715255737 0.09000000357627869 0.09000000357627869 0.550000011920929 -0.550000011920929 -0.6200000047683716 0.3199999928474426 0.30000001192092896 0.5099999904632568 -0.5099999904632568 -0.4699999988079071 0.0 0.0 0.09000000357627869 0.0 0.09000000357627869 0.09000000357627869 0.0 -0.550000011920929 -0.6200000047683716 0.30000001192092896 0.5099999904632568 -0.4699999988079071 0.0 0.0 -0.27000001072883606 0.09000000357627869 0.09000000357627869
378 0.0 0.09000000357627869 0.0 0.09000000357627869 0.09000000357627869 -0.18000000715255737 0.0 0.09000000357627869 0.550000011920929 -0.550000011920929 -0.6200000047683716 0.3199999928474426 0.30000001192092896 0.0 0.0 -0.4699999988079071 0.0 0.09000000357627869 0.5099999904632568 -0.5099999904632568 0.0 -0.5099999904632568 0.0 0.0 0.07000000029802322 0.09000000357627869 -0.2800000011920929 0.09000000357627869 0.09000000357627869 0.6200000047683716 -0.7599999904632568 -0.7599999904632568 0.0 0.0 0.0 0.0 0.0 0.0 0.0 0.09000000357627869 0.0 0.0 0.09000000357627869 0.0 0.0 0.09000000357627869 0.09000000357627869 -0.27000001072883606 0.09000000357627869 0.0 0.09000000357627869 0.0 0.0 0.0 0.0 0.0 0.0 -0.27000001072883606 0.0 0.09000000357627869 0.5099999904632568 -0.5099999904632568 0.0 0.0 0.0 0.09000000357627869 0.05000000074505806 0.09000000357627869 0.09000000357627869 -0.6600000262260437 0.4300000071525574 0.5099999904632568 -0.5099999904632568 0.0 0.0 0.0 0.09000000357627869 0.0 0.0 0.0 0.09000000357627869 0.09000000357627869 0.0 -0.27000001072883606 0.09000000357627869 0.09000000357627869 0.09000000357627869 0.0 -0.5099999904632568 0.0 0.0 0.0 0.0 0.0 0.0 0.0 0.0 0.0 -0.27000001072883606 0.09000000357627869 0.0 0.0 0.0 0.0 0.0 0.0 0.0 0.0 0.0 0.0 0.0 0.09000000357627869 -0.6600000262260437 -0.27000001072883606 0.09000000357627869 0.0 0.0 0.0 -0.27000001072883606 0.09000000357627869 0.09000000357627869 0.09000000357627869 -0.18000000715255737 -0.27000001072883606 0.09000000357627869 0.09000000357627869 0.09000000357627869 0.0 0.0 0.0 0.0 0.0 0.0 0.0 0.0 0.09000000357627869 0.0 0.0 0.0 0.0 0.0 0.09000000357627869 0.0 0.0 0.0 0.0 0.0 0.0 0.0 0.0 0.5099999904632568 -0.5099999904632568 0.0 0.0 0.0 0.0 0.11999999731779099 0.0 0.11999999731779099 0.0 0.0 0.0 0.0 0.0 0.0 0.0 0.0 0.0 0.0 0.0 0.09000000357627869 -0.6600000262260437 0.4300000071525574 0.5099999904632568 0.0 0.0 0.0 0.0 0.0 0.0 0.0 0.0 0.0 0.0 0.0 0.0 0.0 0.0 0.09000000357627869 0.09000000357627869 0.0 0.0 0.0 0.0 0.0 0.0 0.09000000357627869 0.0 0.0 0.0 0.0 0.0 0.0 0.0 0.0 0.0 0.0 0.0 0.0 0.0 -0.27000001072883606 0.09000000357627869 0.0 0.0 0.0 0.09000000357627869 -0.18000000715255737 0.09000000357627869 0.0 0.0 0.09000000357627869 0.0 0.0 0.0 0.09000000357627869 0.0 0.09000000357627869 0.09000000357627869 -0.7599999904632568 0.0 -0.5099999904632568 0.0 0.0 0.0 0.0 0.0 0.0 0.0 0.0 0.0 0.0 -0.4699999988079071 0.0 0.0 0.0 0.0 0.0 -0.4699999988079071 0.0 0.07000000029802322 0.09000000357627869 0.0 0.09000000357627869 0.0 0.0 0.0 0.0 0.0 0.0 0.0 0.09000000357627869 0.0 0.0 0.0 0.0 0.0 0.0 0.0 0.0 0.0 0.0 0.0 0.5099999904632568 -0.5099999904632568 0.0 0.0 0.0 0.09000000357627869 -0.2800000011920929 0.09000000357627869 0.09000000357627869 0.6200000047683716 -0.7599999904632568 -0.7599999904632568 0.0 -0.5099999904632568 0.0 0.3100000023841858 0.0 0.0 0.0 0.09000000357627869 0.0 0.09000000357627869 0.0 0.09000000357627869 -0.27000001072883606 0.09000000357627869 0.0 0.09000000357627869 0.0 0.0 0.0 0.3100000023841858 0.0 0.09000000357627869 -0.18000000715255737 0.09000000357627869 0.09000000357627869 -0.2800000011920929 0.09000000357627869 0.09000000357627869 0.6200000047683716 -0.7599999904632568 -0.7599999904632568 0.0 -0.5099999904632568 -0.4699999988079071 0.0 0.0 0.09000000357627869 -0.27000001072883606 0.09000000357627869 0.0 0.09000000357627869 0.0 -0.5099999904632568 0.0 0.0 0.0 0.0 0.0 0.09000000357627869 0.0 0.0 0.0 0.0 0.0 0.0 0.0 0.0 0.0 0.0 0.0 0.0 0.0 0.0 -0.4699999988079071 0.0 0.0 0.09000000357627869 0.0 0.09000000357627869 0.09000000357627869 0.0 0.09000000357627869 0.09000000357627869 -0.18000000715255737 0.09000000357627869 0.09000000357627869 0.20999999344348907 0.05000000074505806 0.05000000074505806 -0.30000001192092896 0.33000001311302185 0.33000001311302185 0.33000001311302185 0.0 0.0 -0.4699999988079071 0.0 0.0 0.09000000357627869 0.0 0.09000000357627869 0.0 0.09000000357627869 0.0 -0.5099999904632568 0.0 0.0 0.0 0.0 0.0 0.0 0.09000000357627869 0.0 0.0 0.0 -0.09000000357627869 0.0 0.0 0.0 0.0 0.5099999904632568 -0.5099999904632568 -0.4699999988079071 0.0 0.0 0.09000000357627869 0.0 0.0 0.09000000357627869 0.0 0.0 0.09000000357627869 0.0 -0.550000011920929 -0.6200000047683716 0.3199999928474426 0.30000001192092896 0.0 -0.5099999904632568 0.0 0.0 0.0 0.09000000357627869 -0.18000000715255737 0.09000000357627869 0.09000000357627869 0.550000011920929 -0.550000011920929 -0.6200000047683716 0.3199999928474426 0.30000001192092896 0.5099999904632568 -0.5099999904632568 -0.4699999988079071 0.0 0.0 0.09000000357627869 0.0 0.09000000357627869 0.09000000357627869 0.0 -0.6200000047683716 0.30000001192092896 0.5099999904632568 -0.5099999904632568 -0.4699999988079071 0.0 0.0 0.09000000357627869 -0.27000001072883606 0.09000000357627869 0.09000000357627869 0.09000000357627869 0.5099999904632568 0.0 0.0 -0.18000000715255737 0.09000000357627869 -0.18000000715255737 0.09000000357627869 -0.18000000715255737 0.09000000357627869 0.20999999344348907 0.05000000074505806 0.05000000074505806 -0.30000001192092896 0.33000001311302185 0.33000001311302185 0.33000001311302185
379 0.09000000357627869 0.5099999904632568 -0.4699999988079071 0.3100000023841858 0.0 0.0 0.09000000357627869 -0.6600000262260437 0.5099999904632568 -0.5099999904632568 -0.4699999988079071 0.3100000023841858 0.0 0.09000000357627869 0.05000000074505806 0.09000000357627869 0.09000000357627869 -0.6600000262260437 0.4300000071525574 0.5099999904632568 -0.5099999904632568 0.0 0.0 0.0 0.09000000357627869 0.0 0.09000000357627869 -0.6600000262260437 0.4300000071525574 -0.27000001072883606 0.09000000357627869 0.09000000357627869 0.09000000357627869 0.5099999904632568 -0.5099999904632568 -0.18000000715255737 0.0 0.09000000357627869 0.550000011920929 -0.6200000047683716 0.3199999928474426 0.30000001192092896 0.09000000357627869 0.6200000047683716 -0.7599999904632568 0.0 0.0 0.0 0.0 0.0 0.0 0.0 0.0 0.0 0.09000000357627869 0.0 0.0 0.09000000357627869 0.09000000357627869 -0.27000001072883606 0.09000000357627869 0.0 0.09000000357627869 0.0 0.0 0.5099999904632568 -0.5099999904632568 0.0 0.0 0.0 0.09000000357627869 0.0 0.0 0.0 0.09000000357627869 0.09000000357627869 0.0 -0.27000001072883606 0.09000000357627869 0.09000000357627869 0.09000000357627869 0.0 -0.5099999904632568 0.0 0.0 0.0 0.0 0.0 0.0 0.0 0.0 0.0 -0.27000001072883606 0.09000000357627869 0.0 0.0 0.0 0.0 0.0 0.0 0.0 -0.27000001072883606 0.09000000357627869 0.09000000357627869 0.09000000357627869 0.0 0.11999999731779099 0.0 0.0 0.0 0.0 0.0 0.0 0.09000000357627869 0.09000000357627869 0.0 0.0 0.0 -0.28999999165534973 0.0 0.0 0.09000000357627869 0.0 -0.18000000715255737 0.09000000357627869 0.0 0.0 0.09000000357627869 0.0 0.0 0.0 -0.4699999988079071 0.3100000023841858 0.0 0.09000000357627869 0.0 0.09000000357627869 0.09000000357627869 -0.2800000011920929 0.09000000357627869 0.09000000357627869 0.6200000047683716 -0.7599999904632568 -0.7599999904632568 0.0 -0.5099999904632568 0.0 0.0 0.0 0.0 0.0 0.0 0.0 0.0 0.0 0.0 -0.4699999988079071 0.0 0.09000000357627869 -0.4699999988079071 0.0 0.07000000029802322 0.09000000357627869 0.0 0.09000000357627869 0.0 0.0 0.0 0.0 0.0 0.0 0.0 0.09000000357627869 0.0 0.0 0.0 0.0 0.09000000357627869 -0.2800000011920929 0.09000000357627869 0.09000000357627869 0.6200000047683716 -0.7599999904632568 -0.7599999904632568 0.0 -0.5099999904632568 0.0 0.3100000023841858 0.0 0.0 0.0 0.09000000357627869 0.0 0.09000000357627869 0.0 0.09000000357627869 -0.27000001072883606 0.09000000357627869 0.0 0.09000000357627869 0.0 0.0 0.0 0.3100000023841858 0.0 0.09000000357627869 -0.18000000715255737 0.09000000357627869 0.09000000357627869 -0.2800000011920929 0.09000000357627869 0.09000000357627869 0.6200000047683716 -0.7599999904632568 -0.7599999904632568 0.0 -0.5099999904632568 -0.4699999988079071 0.0 0.0 0.09000000357627869 -0.27000001072883606 0.09000000357627869 0.0 0.09000000357627869 0.0 -0.5099999904632568 0.0 0.0 0.0 0.0 0.0 0.09000000357627869 0.0 0.0 0.0 0.0 0.0 0.0 0.0 0.0 0.0 0.0 0.0 0.0 0.0 0.0 0.0 0.0 0.0 0.0 -0.27000001072883606 0.0 0.09000000357627869 0.09000000357627869 0.0 0.0 -0.4699999988079071 0.0 0.0 0.09000000357627869 0.0 0.09000000357627869 0.0 0.09000000357627869 0.0 -0.5099999904632568 0.0 0.0 0.0 0.0 0.0 0.0 0.09000000357627869 0.0 0.0 0.0 -0.09000000357627869 0.0 0.0 0.0 0.0 0.5099999904632568 -0.5099999904632568 -0.4699999988079071 0.0 0.0 0.09000000357627869 0.0 0.0 0.09000000357627869 0.0 0.0 0.09000000357627869 0.0 -0.550000011920929 -0.6200000047683716 0.3199999928474426 0.30000001192092896 0.0 -0.5099999904632568 0.0 0.0 0.0 0.09000000357627869 -0.18000000715255737 0.09000000357627869 0.09000000357627869 0.550000011920929 -0.550000011920929 -0.6200000047683716 0.3199999928474426 0.30000001192092896 0.5099999904632568 -0.5099999904632568 -0.4699999988079071 0.0 0.0 0.09000000357627869 0.0 0.09000000357627869 0.09000000357627869 0.0 -0.550000011920929 -0.6200000047683716 0.3199999928474426 0.30000001192092896 0.5099999904632568 -0.5099999904632568 -0.4699999988079071 0.0 0.0 0.09000000357627869 -0.27000001072883606 0.09000000357627869 0.09000000357627869 0.09000000357627869 0.5099999904632568 -0.5099999904632568 0.0 0.0 0.0 0.09000000357627869 -0.18000000715255737 0.09000000357627869 0.09000000357627869 -0.18000000715255737 0.09000000357627869 0.09000000357627869 -0.18000000715255737 0.09000000357627869 0.09000000357627869 0.20999999344348907 0.05000000074505806 0.05000000074505806 -0.30000001192092896 0.33000001311302185 0.33000001311302185 0.33000001311302185 0.5099999904632568 0.0 0.0 0.05000000074505806 0.09000000357627869 -0.6600000262260437 0.4300000071525574
38 0.0 0.0 0.0 0.0 0.0 0.0 0.0 0.09000000357627869 0.0 0.0 0.0 0.09000000357627869 0.0 0.20999999344348907 0.05000000074505806 0.05000000074505806 0.0 0.0 0.0 0.0 0.0 0.0 0.0 0.0 0.0 0.0 0.0 0.0 -0.09000000357627869 -0.2199999988079071 0.09000000357627869 0.09000000357627869 0.0 0.0 -0.5099999904632568 0.0 0.3100000023841858 0.0 0.09000000357627869 0.05000000074505806 0.09000000357627869 0.09000000357627869 -0.6600000262260437 0.4300000071525574 0.0 0.0 -0.4699999988079071 0.3100000023841858 0.0 0.0 -0.18000000715255737 0.09000000357627869 0.09000000357627869 0.0 0.0 -0.27000001072883606 0.09000000357627869 0.0 0.09000000357627869 0.0 0.09000000357627869 0.09000000357627869 0.09000000357627869 0.0 -0.5099999904632568 0.0 0.0 0.0 0.09000000357627869 0.0 0.09000000357627869 0.09000000357627869 0.0 0.09000000357627869 0.0 -0.18000000715255737 0.09000000357627869 0.09000000357627869 0.20999999344348907 0.05000000074505806 0.05000000074505806 -0.30000001192092896 0.33000001311302185 0.33000001311302185 0.33000001311302185 0.0 -0.5099999904632568 -0.4699999988079071 0.3100000023841858 -0.019999999552965164 0.0 0.09000000357627869 0.5099999904632568 -0.5099999904632568 -0.4699999988079071 0.3100000023841858 0.0 0.09000000357627869 0.0 0.09000000357627869 -0.6600000262260437 0.4300000071525574 -0.27000001072883606 0.09000000357627869 0.09000000357627869 0.0 0.0 -0.5099999904632568 0.0 0.0 0.0 0.09000000357627869 0.0 0.09000000357627869 -0.6600000262260437 0.4300000071525574 -0.27000001072883606 0.09000000357627869 0.09000000357627869 0.09000000357627869 0.0 0.0 0.0 0.0 0.0 0.09000000357627869 0.0 0.09000000357627869 -0.6600000262260437 0.4300000071525574 -0.27000001072883606 0.09000000357627869 0.09000000357627869 0.09000000357627869 0.0 -0.5099999904632568 0.0 0.0 0.09000000357627869 0.09000000357627869 0.0 0.0 -0.18000000715255737 0.09000000357627869 0.09000000357627869 -0.18000000715255737 0.09000000357627869 0.09000000357627869 0.5099999904632568 -0.5099999904632568 -0.4699999988079071 0.0 0.0 0.09000000357627869 0.0 0.09000000357627869 0.09000000357627869 0.0 0.0 0.0 0.3100000023841858 0.09000000357627869 0.05000000074505806 0.05000000074505806 0.0 0.0 -0.27000001072883606 0.09000000357627869 0.0 0.09000000357627869 0.0 0.09000000357627869 0.09000000357627869 0.0 0.09000000357627869 0.09000000357627869 0.0 0.0 0.09000000357627869 -0.23000000417232513 0.0 0.0 0.0 0.0 0.0 0.0 0.09000000357627869 0.0 0.0 -0.27000001072883606 0.09000000357627869 0.09000000357627869 0.09000000357627869 0.0 0.0 0.0 0.0 0.0 0.0 0.0 0.0 0.0 0.0 0.0 0.0 0.0 0.0 -0.27000001072883606 0.09000000357627869 0.09000000357627869 0.0 0.09000000357627869 0.0 0.0 0.0 0.0 0.0 0.09000000357627869 0.0 0.3100000023841858 0.0 0.0 0.0 0.09000000357627869 0.0 0.0 0.09000000357627869 0.09000000357627869 0.0 0.09000000357627869 0.09000000357627869 -0.699999988079071 0.4399999976158142 0.6399999856948853 -0.800000011920929 0.46000000834465027 0.46000000834465027 0.0 -0.5099999904632568 0.0 0.0 0.0 0.09000000357627869 0.0 0.0 0.09000000357627869 0.0 0.0 -0.27000001072883606 0.09000000357627869 0.09000000357627869 0.09000000357627869 0.0 0.0 0.0 0.3100000023841858 0.0 0.0 0.0 0.0 0.0 0.0 -0.11999999731779099 0.0 -0.11999999731779099 0.11999999731779099 -0.11999999731779099 0.11999999731779099 0.0 0.11999999731779099 0.0 0.11999999731779099 0.0 -0.5099999904632568 0.0 0.0 0.0 0.0 -0.18000000715255737 0.0 0.0 0.0 0.0 0.0 0.0 0.5099999904632568 0.0 0.0 0.0 0.0 0.0 -0.18000000715255737 0.09000000357627869 0.0 -0.029999999329447746 0.0 0.0 0.0 0.0 0.23999999463558197 0.10999999940395355 0.09000000357627869 -0.550000011920929 0.09000000357627869 0.0 0.0 0.09000000357627869 0.09000000357627869 0.09000000357627869 -0.27000001072883606 0.09000000357627869 0.09000000357627869 0.09000000357627869 0.09000000357627869 0.0 0.0 0.09000000357627869 0.0 0.09000000357627869 -0.27000001072883606 0.09000000357627869 0.09000000357627869 0.09000000357627869 -0.27000001072883606 0.09000000357627869 0.09000000357627869 0.09000000357627869 0.0 -0.5099999904632568 0.0 0.09000000357627869 0.09000000357627869 0.09000000357627869 0.4300000071525574 -0.27000001072883606 0.09000000357627869 0.09000000357627869 0.09000000357627869 -0.5099999904632568 0.09000000357627869 0.0 0.09000000357627869 -0.18000000715255737 0.09000000357627869 -0.18000000715255737 0.09000000357627869 0.09000000357627869 0.0 0.0 0.09000000357627869 0.550000011920929 -0.550000011920929 -0.6200000047683716 0.3199999928474426 0.30000001192092896
380 -0.27000001072883606 0.09000000357627869 0.0 0.09000000357627869 0.0 0.09000000357627869 0.0 0.0 0.0 0.09000000357627869 0.09000000357627869 0.0 -0.27000001072883606 0.09000000357627869 0.09000000357627869 0.0 -0.5099999904632568 0.0 0.0 0.0 0.0 0.0 0.0 0.0 -0.27000001072883606 0.09000000357627869 0.0 0.0 0.0 0.0 0.0 0.0 0.0 0.0 0.0 -0.27000001072883606 0.09000000357627869 0.09000000357627869 0.09000000357627869 -0.18000000715255737 0.09000000357627869 -0.27000001072883606 0.09000000357627869 0.09000000357627869 0.09000000357627869 0.0 0.0 0.11999999731779099 0.0 0.0 0.0 0.0 0.0 0.0 0.0 0.0 0.09000000357627869 0.09000000357627869 0.0 0.0 0.0 0.0 0.0 0.0 0.0 0.0 -0.5099999904632568 -0.4699999988079071 0.0 0.0 0.09000000357627869 0.0 0.0 0.0 0.0 0.0 0.0 0.0 0.0 0.0 -0.27000001072883606 0.09000000357627869 0.0 0.09000000357627869 0.5099999904632568 -0.5099999904632568 -0.28999999165534973 0.0 0.0 0.09000000357627869 0.0 0.09000000357627869 -0.18000000715255737 0.09000000357627869 0.0 0.0 0.09000000357627869 0.0 0.0 0.0 -0.4699999988079071 0.3100000023841858 0.0 0.09000000357627869 -0.27000001072883606 0.09000000357627869 0.09000000357627869 0.09000000357627869 0.5099999904632568 -0.5099999904632568 -0.4699999988079071 0.3100000023841858 0.0 0.09000000357627869 0.0 0.09000000357627869 0.09000000357627869 -0.2800000011920929 0.09000000357627869 0.09000000357627869 0.6200000047683716 -0.7599999904632568 -0.7599999904632568 0.0 -0.5099999904632568 0.0 0.0 0.0 0.0 0.0 0.0 0.0 0.0 0.0 0.0 -0.4699999988079071 0.0 0.0 0.0 0.0 0.09000000357627869 -0.27000001072883606 0.09000000357627869 0.0 0.0 0.09000000357627869 0.0 0.0 0.0 0.0 -0.4699999988079071 0.0 0.0 0.09000000357627869 0.0 0.09000000357627869 0.09000000357627869 -0.2800000011920929 0.09000000357627869 0.09000000357627869 0.6200000047683716 -0.7599999904632568 -0.7599999904632568 0.0 0.0 -0.4699999988079071 0.0 0.07000000029802322 0.09000000357627869 0.0 0.09000000357627869 0.0 0.0 0.0 0.0 0.0 0.0 0.0 0.09000000357627869 0.0 0.0 0.0 0.0 0.0 0.0 0.0 0.0 0.0 0.09000000357627869 0.33000001311302185 0.0 0.0 0.0 0.09000000357627869 -0.2800000011920929 0.09000000357627869 0.09000000357627869 0.6200000047683716 -0.7599999904632568 -0.7599999904632568 0.0 -0.5099999904632568 0.0 0.3100000023841858 0.0 0.0 0.0 0.09000000357627869 0.0 0.0 0.09000000357627869 0.0 0.0 0.0 0.3100000023841858 0.0 0.09000000357627869 -0.18000000715255737 0.09000000357627869 0.09000000357627869 -0.2800000011920929 0.09000000357627869 0.09000000357627869 0.6200000047683716 -0.7599999904632568 -0.7599999904632568 0.0 -0.5099999904632568 -0.4699999988079071 0.0 0.0 0.09000000357627869 -0.27000001072883606 0.09000000357627869 0.0 0.09000000357627869 0.0 -0.5099999904632568 0.0 0.0 0.0 0.0 0.0 0.09000000357627869 0.0 0.0 0.0 0.0 0.0 0.0 0.0 0.0 0.0 0.0 0.0 0.0 0.0 0.0 0.0 0.0 0.0 0.0 -0.27000001072883606 0.0 0.09000000357627869 0.09000000357627869 0.0 0.0 -0.4699999988079071 0.0 0.0 0.09000000357627869 0.0 0.09000000357627869 0.09000000357627869 0.0 0.09000000357627869 0.09000000357627869 -0.18000000715255737 0.09000000357627869 0.09000000357627869 0.20999999344348907 0.05000000074505806 0.05000000074505806 -0.30000001192092896 0.33000001311302185 0.33000001311302185 0.33000001311302185 0.0 0.0 0.0 0.0 0.0 0.0 0.0 0.0 0.09000000357627869 0.0 0.0 0.0 -0.09000000357627869 0.0 0.0 0.0 0.0 0.5099999904632568 -0.5099999904632568 -0.4699999988079071 0.0 0.0 0.09000000357627869 0.0 0.0 0.09000000357627869 0.0 0.0 0.09000000357627869 0.0 -0.550000011920929 -0.6200000047683716 0.3199999928474426 0.30000001192092896 0.0 -0.5099999904632568 0.0 0.0 0.0 0.09000000357627869 -0.18000000715255737 0.09000000357627869 0.09000000357627869 0.550000011920929 -0.550000011920929 -0.6200000047683716 0.3199999928474426 0.30000001192092896 0.5099999904632568 -0.5099999904632568 -0.4699999988079071 0.0 0.0 0.09000000357627869 0.0 0.09000000357627869 0.09000000357627869 0.0 -0.550000011920929 -0.6200000047683716 0.3199999928474426 0.30000001192092896 0.5099999904632568 -0.5099999904632568 -0.4699999988079071 0.0 0.0 0.09000000357627869 -0.27000001072883606 0.09000000357627869 0.09000000357627869 0.09000000357627869 0.5099999904632568 -0.5099999904632568 0.0 0.0 0.0 0.09000000357627869 -0.18000000715255737 0.09000000357627869 0.09000000357627869 -0.18000000715255737 0.09000000357627869 0.09000000357627869 -0.18000000715255737 0.09000000357627869 0.09000000357627869 0.20999999344348907 0.05000000074505806 -0.30000001192092896 0.33000001311302185 0.33000001311302185 0.33000001311302185 0.5099999904632568 -0.5099999904632568 0.0 0.0 0.0 0.09000000357627869 0.05000000074505806 0.09000000357627869 0.09000000357627869 -0.6600000262260437 0.4300000071525574 0.5099999904632568 -0.4699999988079071 0.0 0.09000000357627869 -0.7599999904632568
381 0.0 0.0 0.0 0.0 0.0 0.09000000357627869 0.0 0.0 0.09000000357627869 0.0 0.0 0.09000000357627869 -0.27000001072883606 0.09000000357627869 0.0 0.09000000357627869 0.0 0.0 0.0 0.0 0.5099999904632568 -0.5099999904632568 0.0 0.0 0.0 0.09000000357627869 0.0 0.0 0.0 0.09000000357627869 0.09000000357627869 0.0 -0.27000001072883606 0.09000000357627869 0.09000000357627869 0.09000000357627869 0.0 -0.5099999904632568 0.0 0.0 0.0 0.0 0.0 0.0 0.0 0.0 0.0 -0.27000001072883606 0.09000000357627869 0.0 0.0 0.0 0.0 0.0 0.0 0.0 0.0 0.0 0.0 0.0 0.09000000357627869 0.0 0.09000000357627869 -0.6600000262260437 0.4300000071525574 -0.27000001072883606 0.09000000357627869 0.09000000357627869 0.09000000357627869 0.0 0.0 0.0 0.0 0.09000000357627869 0.09000000357627869 0.0 0.0 0.0 0.0 0.0 0.0 0.0 0.0 -0.18000000715255737 0.09000000357627869 0.09000000357627869 0.5099999904632568 -0.5099999904632568 0.0 0.0 0.0 0.09000000357627869 0.0 0.0 -0.27000001072883606 0.09000000357627869 0.09000000357627869 0.09000000357627869 -0.18000000715255737 0.09000000357627869 0.09000000357627869 -0.27000001072883606 0.09000000357627869 0.09000000357627869 0.09000000357627869 0.0 -0.5099999904632568 0.0 0.0 0.0 0.0 0.0 0.0 0.0 0.0 0.0 0.0 0.0 0.0 0.0 0.0 0.0 0.0 0.0 0.0 0.0 0.0 0.09000000357627869 0.0 -0.28999999165534973 0.0 0.0 0.09000000357627869 0.0 -0.18000000715255737 0.09000000357627869 0.09000000357627869 -0.18000000715255737 0.09000000357627869 0.09000000357627869 0.0 0.0 0.0 0.0 0.0 0.0 0.0 0.0 0.0 0.0 0.0 0.0 0.09000000357627869 0.09000000357627869 0.0 0.09000000357627869 0.0 0.0 0.0 0.0 0.0 0.0 0.0 0.0 0.0 0.0 0.0 0.0 0.0 0.0 0.09000000357627869 0.0 0.0 0.0 0.0 0.0 0.0 0.0 0.0 0.0 0.0 0.0 0.0 0.11999999731779099 0.0 0.11999999731779099 0.0 0.0 0.0 0.0 0.0 0.0 0.0 0.0 0.0 0.0 0.0 0.0 0.0 0.0 0.0 0.0 0.0 0.0 0.0 0.09000000357627869 0.09000000357627869 0.09000000357627869 0.0 0.09000000357627869 0.0 0.0 0.0 0.0 0.0 0.0 0.0 0.0 0.0 0.0 0.0 0.0 -0.09000000357627869 0.0 0.0 0.0 0.0 0.0 0.0 0.0 0.0 0.0 0.09000000357627869 0.0 0.0 0.09000000357627869 0.0 -0.11999999731779099 0.11999999731779099 -0.11999999731779099 0.11999999731779099 -0.11999999731779099 0.0 0.0 -0.11999999731779099 0.11999999731779099 0.5099999904632568 -0.5099999904632568 -0.4699999988079071 0.3100000023841858 -0.019999999552965164 0.09000000357627869 0.09000000357627869 0.0 -0.5099999904632568 -0.4699999988079071 0.0 0.0 0.09000000357627869 0.0 0.0 0.0 0.0 0.0 0.0 0.0 0.0 0.0 -0.27000001072883606 0.09000000357627869 0.0 0.09000000357627869 0.5099999904632568 -0.5099999904632568 -0.28999999165534973 0.0 0.0 0.09000000357627869 0.0 0.09000000357627869 -0.18000000715255737 0.09000000357627869 0.0 0.0 0.09000000357627869 0.0 0.0 0.0 -0.4699999988079071 0.3100000023841858 0.0 0.09000000357627869 0.5099999904632568 -0.5099999904632568 -0.4699999988079071 0.3100000023841858 0.0 0.09000000357627869 0.0 0.09000000357627869 0.09000000357627869 -0.2800000011920929 0.09000000357627869 0.09000000357627869 0.6200000047683716 -0.7599999904632568 -0.7599999904632568 0.0 -0.5099999904632568 0.0 0.0 0.0 0.0 0.0 0.0 0.0 0.0 0.0 0.0 -0.4699999988079071 0.0 0.0 0.0 0.0 0.09000000357627869 -0.27000001072883606 0.0 0.0 0.09000000357627869 0.0 0.0 0.0 0.0 -0.4699999988079071 0.0 0.0 0.09000000357627869 0.0 -0.4699999988079071 0.0 0.07000000029802322 0.09000000357627869 0.0 0.09000000357627869 0.0 0.0 0.0 0.0 0.0 0.0 0.0 0.09000000357627869 0.0 0.0 0.0 0.0 0.0 0.09000000357627869 -0.7599999904632568 0.0 -0.5099999904632568 0.0 0.0 0.0 0.0 0.0 0.09000000357627869 0.0 0.09000000357627869 0.0 0.0 0.0 0.0 0.3100000023841858 0.0 0.09000000357627869 -0.18000000715255737 0.09000000357627869 -0.2800000011920929 0.09000000357627869 0.09000000357627869 0.0 -0.5099999904632568 -0.4699999988079071 0.0 0.0 0.09000000357627869 -0.27000001072883606 0.09000000357627869 0.0 0.09000000357627869 0.0 -0.5099999904632568 0.0 0.0 0.0 0.0 0.0 0.09000000357627869 0.0 0.0 0.0 0.0 0.0 0.0 0.0 0.0 0.0 0.0 0.0 0.0 0.0 0.0 0.0 0.0 0.0 0.0 -0.27000001072883606 0.0 0.09000000357627869 0.09000000357627869 0.0 0.0 -0.4699999988079071 0.0 0.0 0.09000000357627869 0.0 0.09000000357627869 0.09000000357627869 0.0 0.09000000357627869 0.09000000357627869 -0.18000000715255737 0.09000000357627869 0.09000000357627869 0.20999999344348907 0.05000000074505806 0.05000000074505806 0.0 0.0 -0.4699999988079071 0.0 0.0 0.09000000357627869 0.0 0.09000000357627869 0.0 0.09000000357627869 0.0 -0.5099999904632568 -0.4699999988079071 0.0 0.0 0.09000000357627869 0.0 0.0 0.09000000357627869 0.0 0.0 0.09000000357627869 0.0 -0.550000011920929 -0.6200000047683716 0.3199999928474426 0.30000001192092896 0.0 -0.5099999904632568 0.0 0.0 0.0 0.09000000357627869 -0.18000000715255737 0.09000000357627869 0.09000000357627869 0.550000011920929 -0.550000011920929 -0.6200000047683716 0.3199999928474426 0.30000001192092896 0.5099999904632568 -0.5099999904632568 -0.4699999988079071 0.0 0.0 0.09000000357627869 0.0 0.09000000357627869 0.09000000357627869 0.0 -0.550000011920929 -0.6200000047683716 0.3199999928474426 0.30000001192092896 0.5099999904632568 -0.5099999904632568 -0.4699999988079071 0.0 0.0 0.09000000357627869 -0.27000001072883606 0.09000000357627869 0.09000000357627869 0.09000000357627869 0.5099999904632568 -0.5099999904632568 0.0 0.0 0.0 0.09000000357627869 -0.18000000715255737 0.09000000357627869 0.09000000357627869 -0.18000000715255737 0.09000000357627869 0.09000000357627869 -0.18000000715255737 0.09000000357627869 0.09000000357627869 0.20999999344348907 0.05000000074505806 0.05000000074505806 -0.30000001192092896 0.33000001311302185 0.33000001311302185 0.33000001311302185 0.5099999904632568 -0.5099999904632568 0.0 0.0 0.0 0.09000000357627869 0.05000000074505806 0.09000000357627869 0.09000000357627869 -0.6600000262260437 0.4300000071525574 0.5099999904632568 -0.5099999904632568 -0.4699999988079071 0.0 0.0 0.09000000357627869 -0.2800000011920929 0.09000000357627869 0.09000000357627869 0.6200000047683716 -0.7599999904632568 -0.7599999904632568
382 0.07000000029802322 0.09000000357627869 -0.2800000011920929 0.09000000357627869 0.6200000047683716 -0.7599999904632568 -0.7599999904632568 0.0 0.0 0.0 0.0 0.0 0.0 0.0 0.0 0.0 0.09000000357627869 -0.27000001072883606 0.09000000357627869 0.0 0.09000000357627869 0.0 0.0 0.0 0.5099999904632568 -0.5099999904632568 0.0 0.0 0.0 0.09000000357627869 0.05000000074505806 0.09000000357627869 0.09000000357627869 -0.6600000262260437 0.4300000071525574 0.5099999904632568 -0.5099999904632568 0.0 0.0 0.0 0.09000000357627869 0.0 0.0 0.0 0.09000000357627869 0.09000000357627869 0.0 -0.27000001072883606 0.09000000357627869 0.09000000357627869 0.09000000357627869 0.0 -0.5099999904632568 0.0 0.0 0.0 0.0 0.0 0.0 0.0 0.0 0.0 -0.27000001072883606 0.09000000357627869 0.0 0.0 0.0 0.0 0.0 0.0 0.0 0.0 0.0 0.0 0.0 0.09000000357627869 0.0 0.09000000357627869 -0.6600000262260437 0.4300000071525574 -0.27000001072883606 0.09000000357627869 0.09000000357627869 0.09000000357627869 0.0 0.0 0.0 0.0 0.0 0.0 -0.27000001072883606 0.09000000357627869 0.09000000357627869 0.09000000357627869 -0.18000000715255737 0.09000000357627869 0.09000000357627869 -0.27000001072883606 0.09000000357627869 0.09000000357627869 0.09000000357627869 0.0 0.0 0.0 0.0 0.0 0.0 0.0 0.0 0.0 -0.27000001072883606 0.09000000357627869 0.0 0.09000000357627869 -0.28999999165534973 0.0 0.0 0.09000000357627869 0.0 -0.18000000715255737 0.09000000357627869 0.0 0.0 0.09000000357627869 0.0 0.0 0.0 0.09000000357627869 0.09000000357627869 0.6200000047683716 -0.7599999904632568 0.0 -0.5099999904632568 0.0 0.0 0.0 0.0 0.0 0.0 0.0 0.0 0.0 0.0 0.0 0.09000000357627869 0.0 0.0 -0.5099999904632568 0.0 0.0 0.09000000357627869 0.0 0.0 0.0 0.0 0.09000000357627869 -0.18000000715255737 -0.2800000011920929 0.09000000357627869 0.09000000357627869 0.6200000047683716 -0.7599999904632568 0.0 -0.5099999904632568 -0.4699999988079071 0.0 0.0 0.09000000357627869 -0.27000001072883606 0.09000000357627869 0.0 0.09000000357627869 0.0 -0.5099999904632568 0.0 0.0 0.0 0.0 0.0 0.09000000357627869 0.0 0.0 0.0 0.0 0.0 0.0 0.0 0.0 0.0 0.0 0.0 0.0 0.0 0.0 0.0 0.0 0.0 0.0 -0.27000001072883606 0.0 0.09000000357627869 0.09000000357627869 0.0 0.0 -0.4699999988079071 0.0 0.0 0.09000000357627869 0.0 0.09000000357627869 0.09000000357627869 0.0 0.09000000357627869 0.09000000357627869 -0.18000000715255737 0.09000000357627869 0.09000000357627869 0.20999999344348907 0.05000000074505806 0.05000000074505806 -0.30000001192092896 0.33000001311302185 0.33000001311302185 0.33000001311302185 0.0 0.0 -0.4699999988079071 0.0 0.0 0.09000000357627869 0.0 0.09000000357627869 0.0 0.09000000357627869 0.0 -0.5099999904632568 0.0 0.0 0.0 0.0 0.0 0.0 0.09000000357627869 0.0 0.0 0.0 -0.09000000357627869 0.0 0.0 0.0 0.0 0.5099999904632568 -0.5099999904632568 0.0 0.0 0.0 0.09000000357627869 -0.18000000715255737 0.09000000357627869 0.09000000357627869 0.550000011920929 -0.550000011920929 -0.6200000047683716 0.3199999928474426 0.30000001192092896 0.5099999904632568 -0.5099999904632568 -0.4699999988079071 0.0 0.0 0.09000000357627869 0.0 0.09000000357627869 0.09000000357627869 0.0 -0.550000011920929 -0.6200000047683716 0.3199999928474426 0.30000001192092896 0.5099999904632568 -0.5099999904632568 -0.4699999988079071 0.0 0.0 0.09000000357627869 -0.27000001072883606 0.09000000357627869 0.09000000357627869 0.09000000357627869 0.5099999904632568 -0.5099999904632568 0.0 0.0 0.0 0.09000000357627869 -0.18000000715255737 0.09000000357627869 0.09000000357627869 -0.18000000715255737 0.09000000357627869 0.09000000357627869 -0.18000000715255737 0.09000000357627869 0.09000000357627869 0.20999999344348907 0.05000000074505806 0.05000000074505806 -0.30000001192092896 0.33000001311302185 0.33000001311302185 0.33000001311302185 0.5099999904632568 -0.5099999904632568 0.0 0.0 0.0 0.09000000357627869 0.05000000074505806 0.09000000357627869 0.09000000357627869 -0.6600000262260437 0.4300000071525574 0.5099999904632568 -0.5099999904632568 -0.4699999988079071 0.0 0.0 0.09000000357627869 -0.2800000011920929 0.09000000357627869 0.09000000357627869 0.6200000047683716 -0.7599999904632568 0.0 -0.5099999904632568
383 0.0 0.09000000357627869 0.0 0.0 0.0 0.09000000357627869 0.09000000357627869 0.0 -0.27000001072883606 0.09000000357627869 0.09000000357627869 0.09000000357627869 0.0 -0.5099999904632568 0.0 0.0 0.0 0.0 0.0 0.0 0.0 0.0 0.0 0.0 0.09000000357627869 0.09000000357627869 -0.27000001072883606 0.09000000357627869 0.09000000357627869 0.09000000357627869 0.0 -0.28999999165534973 0.0 0.0 0.09000000357627869 0.0 0.09000000357627869 -0.18000000715255737 0.09000000357627869 0.0 0.0 0.09000000357627869 0.0 0.0 0.0 -0.4699999988079071 0.3100000023841858 -0.4699999988079071 0.3100000023841858 0.0 0.09000000357627869 0.0 0.09000000357627869 0.09000000357627869 -0.2800000011920929 0.09000000357627869 0.09000000357627869 0.6200000047683716 -0.7599999904632568 -0.7599999904632568 0.0 -0.5099999904632568 0.0 0.0 0.0 0.0 0.0 0.0 0.0 0.0 0.0 0.09000000357627869 0.0 0.0 0.09000000357627869 0.09000000357627869 0.0 -0.5099999904632568 -0.4699999988079071 0.0 0.09000000357627869 -0.27000001072883606 0.09000000357627869 0.0 0.09000000357627869 0.0 -0.5099999904632568 0.0 0.0 0.0 0.0 0.0 0.0 0.0 0.0 0.0 0.0 0.0 0.0 0.0 0.0 0.0 0.0 0.0 0.0 -0.27000001072883606 0.0 0.09000000357627869 0.09000000357627869 0.0 0.0 -0.4699999988079071 0.0 0.0 0.09000000357627869 0.0 0.09000000357627869 0.09000000357627869 0.0 0.09000000357627869 0.09000000357627869 -0.18000000715255737 0.09000000357627869 0.09000000357627869 0.20999999344348907 0.05000000074505806 0.05000000074505806 -0.30000001192092896 0.33000001311302185 0.33000001311302185 0.33000001311302185 0.0 0.0 -0.4699999988079071 0.0 0.0 0.09000000357627869 0.0 0.09000000357627869 0.0 0.09000000357627869 0.0 -0.5099999904632568 0.0 0.0 0.0 0.0 0.0 0.0 0.09000000357627869 0.0 0.0 0.0 -0.09000000357627869 0.0 0.0 0.0 0.0 0.5099999904632568 -0.5099999904632568 -0.4699999988079071 0.0 0.0 0.09000000357627869 0.0 0.0 0.09000000357627869 0.0 0.0 0.09000000357627869 0.0 -0.550000011920929 -0.6200000047683716 0.3199999928474426 0.30000001192092896 0.0 -0.5099999904632568 -0.4699999988079071 0.0 0.0 0.09000000357627869 0.0 0.09000000357627869 0.09000000357627869 0.0 -0.550000011920929 -0.6200000047683716 0.3199999928474426 0.30000001192092896 0.5099999904632568 -0.5099999904632568 -0.4699999988079071 0.0 0.0 0.09000000357627869 -0.27000001072883606 0.09000000357627869 0.09000000357627869 0.09000000357627869 0.5099999904632568 -0.5099999904632568 0.0 0.0 0.0 0.09000000357627869 -0.18000000715255737 0.09000000357627869 0.09000000357627869 -0.18000000715255737 0.09000000357627869 0.09000000357627869 -0.18000000715255737 0.09000000357627869 0.09000000357627869 0.20999999344348907 0.05000000074505806 0.05000000074505806 -0.30000001192092896 0.33000001311302185 0.33000001311302185 0.33000001311302185 0.5099999904632568 -0.5099999904632568 0.0 0.0 0.0 0.09000000357627869 0.05000000074505806 0.09000000357627869 0.09000000357627869 -0.6600000262260437 0.4300000071525574 0.5099999904632568 -0.5099999904632568 -0.4699999988079071 0.0 0.0 0.09000000357627869 -0.2800000011920929 0.09000000357627869 0.09000000357627869 0.6200000047683716 -0.7599999904632568 -0.7599999904632568 0.0 -0.5099999904632568 0.0 0.0 0.09000000357627869 0.09000000357627869 0.0 0.09000000357627869 0.3100000023841858
384 0.09000000357627869 0.0 0.0 0.09000000357627869 0.09000000357627869 0.0 0.0 -0.5099999904632568 0.0 0.0 0.0 0.0 0.0 0.0 0.0 0.0 0.0 -0.6600000262260437 0.4300000071525574 0.09000000357627869 0.0 0.09000000357627869 0.0 0.0 -0.27000001072883606 0.09000000357627869 0.09000000357627869 0.09000000357627869 -0.18000000715255737 0.09000000357627869 0.09000000357627869 -0.27000001072883606 0.09000000357627869 0.09000000357627869 0.09000000357627869 0.0 -0.5099999904632568 0.0 0.0 0.0 0.0 0.09000000357627869 0.0 0.09000000357627869 0.5099999904632568 -0.5099999904632568 -0.4699999988079071 -0.019999999552965164 0.09000000357627869 0.09000000357627869 0.0 -0.5099999904632568 -0.4699999988079071 0.0 0.0 0.09000000357627869 0.0 0.0 0.0 0.0 0.0 0.0 0.0 0.0 0.0 -0.27000001072883606 0.09000000357627869 0.0 0.09000000357627869 0.5099999904632568 -0.5099999904632568 -0.28999999165534973 0.0 0.0 0.09000000357627869 0.0 0.09000000357627869 -0.18000000715255737 0.09000000357627869 0.0 0.0 0.09000000357627869 0.0 0.0 0.0 -0.4699999988079071 0.3100000023841858 0.0 0.09000000357627869 -0.27000001072883606 0.09000000357627869 0.09000000357627869 0.5099999904632568 -0.5099999904632568 -0.4699999988079071 0.3100000023841858 0.0 0.09000000357627869 0.0 0.09000000357627869 0.09000000357627869 -0.2800000011920929 0.09000000357627869 0.09000000357627869 0.6200000047683716 -0.7599999904632568 -0.7599999904632568 0.0 -0.5099999904632568 0.0 0.0 0.0 0.0 0.0 0.0 0.0 0.0 0.0 0.0 -0.4699999988079071 0.0 0.0 0.09000000357627869 0.0 0.0 0.0 -0.5099999904632568 0.09000000357627869 0.0 -0.5099999904632568 0.0 0.0 0.0 0.0 0.0 0.0 0.0 0.0 0.0 0.0 0.0 0.0 0.0 0.0 0.0 0.0 0.0 0.0 0.0 -0.27000001072883606 0.09000000357627869 0.09000000357627869 0.0 0.0 -0.4699999988079071 0.0 0.0 0.09000000357627869 0.0 0.09000000357627869 0.09000000357627869 0.0 0.09000000357627869 0.09000000357627869 -0.18000000715255737 0.09000000357627869 0.09000000357627869 0.20999999344348907 0.05000000074505806 0.05000000074505806 0.0 0.0 -0.4699999988079071 0.0 0.0 0.09000000357627869 0.0 0.09000000357627869 0.0 0.09000000357627869 0.0 -0.5099999904632568 0.0 0.0 0.0 0.0 0.0 0.0 0.09000000357627869 0.0 0.0 0.0 -0.09000000357627869 0.0 0.0 0.0 0.0 0.5099999904632568 -0.5099999904632568 -0.4699999988079071 0.0 0.0 0.09000000357627869 0.0 0.0 0.09000000357627869 0.0 0.0 0.09000000357627869 0.0 -0.550000011920929 -0.6200000047683716 0.3199999928474426 0.30000001192092896 0.0 -0.5099999904632568 0.0 0.0 0.0 0.09000000357627869 -0.18000000715255737 0.09000000357627869 0.09000000357627869 0.550000011920929 -0.550000011920929 -0.6200000047683716 0.3199999928474426 0.30000001192092896 0.5099999904632568 -0.5099999904632568 -0.4699999988079071 0.0 0.0 0.09000000357627869 -0.27000001072883606 0.09000000357627869 0.09000000357627869 0.09000000357627869 0.5099999904632568 -0.5099999904632568 0.0 0.0 0.0 0.09000000357627869 -0.18000000715255737 0.09000000357627869 0.09000000357627869 -0.18000000715255737 0.09000000357627869 0.09000000357627869 -0.18000000715255737 0.09000000357627869 0.09000000357627869 0.20999999344348907 0.05000000074505806 0.05000000074505806 -0.30000001192092896 0.33000001311302185 0.33000001311302185 0.33000001311302185 0.5099999904632568 -0.5099999904632568 0.0 0.0 0.0 0.09000000357627869 0.05000000074505806 0.09000000357627869 0.09000000357627869 -0.6600000262260437 0.4300000071525574 0.5099999904632568 -0.5099999904632568 -0.4699999988079071 0.0 0.0 0.09000000357627869 -0.2800000011920929 0.09000000357627869 0.09000000357627869 0.6200000047683716 -0.7599999904632568 -0.7599999904632568 0.0 -0.5099999904632568 0.0 0.0 0.09000000357627869 0.09000000357627869 0.0 0.09000000357627869 -0.18000000715255737 0.09000000357627869 0.09000000357627869 -0.18000000715255737 0.09000000357627869 0.09000000357627869 0.5099999904632568 -0.5099999904632568 0.0 0.3100000023841858 0.0 -0.18000000715255737 0.09000000357627869 0.09000000357627869 0.09000000357627869 0.3100000023841858
385 0.5099999904632568 -0.5099999904632568 0.0 0.0 0.0 0.09000000357627869 0.0 0.0 0.0 0.09000000357627869 0.09000000357627869 0.0 -0.27000001072883606 0.09000000357627869 0.09000000357627869 0.09000000357627869 0.0 -0.5099999904632568 0.0 0.0 0.0 0.0 0.0 0.0 0.0 0.0 0.0 0.0 0.0 0.0 0.0 0.0 0.0 0.0 0.0 0.0 0.09000000357627869 0.0 0.09000000357627869 -0.6600000262260437 0.4300000071525574 -0.27000001072883606 0.09000000357627869 0.09000000357627869 0.09000000357627869 0.0 0.0 0.0 0.09000000357627869 0.0 0.0 0.0 -0.18000000715255737 0.09000000357627869 0.09000000357627869 -0.2800000011920929 0.09000000357627869 0.09000000357627869 0.5099999904632568 -0.5099999904632568 0.0 0.0 0.0 0.09000000357627869 0.0 0.0 -0.27000001072883606 0.09000000357627869 0.09000000357627869 0.09000000357627869 -0.18000000715255737 0.09000000357627869 0.09000000357627869 -0.27000001072883606 0.09000000357627869 0.09000000357627869 0.09000000357627869 0.0 -0.5099999904632568 0.0 0.0 0.0 0.0 0.0 0.0 0.0 0.0 0.09000000357627869 0.0 0.0 -0.27000001072883606 0.09000000357627869 0.0 0.09000000357627869 0.5099999904632568 -0.28999999165534973 0.0 0.0 0.09000000357627869 0.0 0.09000000357627869 -0.18000000715255737 0.09000000357627869 0.0 0.0 0.09000000357627869 0.0 0.09000000357627869 -0.7599999904632568 0.0 0.0 0.0 0.0 0.0 0.0 0.0 0.0 -0.5099999904632568 0.0 0.0 0.0 0.0 0.0 0.0 0.0 -0.27000001072883606 0.09000000357627869 0.0 0.0 -0.4699999988079071 0.0 0.0 0.09000000357627869 0.0 0.09000000357627869 0.0 0.09000000357627869 0.09000000357627869 0.0 0.0 -0.4699999988079071 0.0 0.0 0.09000000357627869 0.0 0.09000000357627869 0.0 0.09000000357627869 0.0 -0.5099999904632568 0.0 0.0 0.0 0.0 0.0 0.0 0.09000000357627869 0.0 0.0 0.0 -0.09000000357627869 0.0 0.0 0.0 0.0 0.5099999904632568 -0.5099999904632568 -0.4699999988079071 0.0 0.0 0.09000000357627869 0.0 0.0 0.09000000357627869 0.0 0.0 0.09000000357627869 0.0 -0.550000011920929 -0.6200000047683716 0.3199999928474426 0.30000001192092896 0.0 -0.5099999904632568 0.0 0.0 0.0 0.09000000357627869 -0.18000000715255737 0.09000000357627869 0.09000000357627869 0.550000011920929 -0.550000011920929 -0.6200000047683716 0.3199999928474426 0.30000001192092896 0.5099999904632568 -0.5099999904632568 -0.4699999988079071 0.0 0.0 0.09000000357627869 0.0 0.09000000357627869 0.09000000357627869 0.0 -0.550000011920929 -0.6200000047683716 0.3199999928474426 0.30000001192092896 0.5099999904632568 -0.5099999904632568 0.0 0.0 0.0 0.09000000357627869 -0.18000000715255737 0.09000000357627869 0.09000000357627869 -0.18000000715255737 0.09000000357627869 0.09000000357627869 -0.18000000715255737 0.09000000357627869 0.09000000357627869 0.20999999344348907 0.05000000074505806 0.05000000074505806 -0.30000001192092896 0.33000001311302185 0.33000001311302185 0.33000001311302185 0.5099999904632568 -0.5099999904632568 0.0 0.0 0.0 0.09000000357627869 0.05000000074505806 0.09000000357627869 0.09000000357627869 -0.6600000262260437 0.4300000071525574 0.5099999904632568 -0.5099999904632568 -0.4699999988079071 0.0 0.0 0.09000000357627869 -0.2800000011920929 0.09000000357627869 0.09000000357627869 0.6200000047683716 -0.7599999904632568 -0.7599999904632568 0.0 -0.5099999904632568 0.0 0.0 0.09000000357627869 0.09000000357627869 0.0 0.09000000357627869 -0.18000000715255737 0.09000000357627869 -0.18000000715255737 0.09000000357627869 0.5099999904632568 -0.5099999904632568 0.0 0.3100000023841858 0.0 0.09000000357627869 -0.18000000715255737 0.09000000357627869 0.09000000357627869 0.0 0.09000000357627869 0.09000000357627869 -0.18000000715255737 0.09000000357627869 0.09000000357627869 0.20999999344348907 0.05000000074505806 0.05000000074505806 -0.30000001192092896 0.33000001311302185 0.33000001311302185 0.33000001311302185 0.5099999904632568 -0.5099999904632568 -0.4699999988079071 0.3100000023841858 0.0 -0.18000000715255737 0.09000000357627869 -0.2800000011920929 0.09000000357627869 0.09000000357627869 0.6200000047683716 -0.7599999904632568 -0.7599999904632568
386 0.5099999904632568 -0.5099999904632568 0.0 0.0 0.09000000357627869 0.0 0.0 0.0 0.09000000357627869 0.09000000357627869 0.0 -0.27000001072883606 0.09000000357627869 0.09000000357627869 0.09000000357627869 0.0 -0.5099999904632568 0.0 0.0 0.0 0.0 -0.6600000262260437 0.4300000071525574 -0.27000001072883606 0.09000000357627869 0.09000000357627869 0.09000000357627869 0.09000000357627869 -0.18000000715255737 0.09000000357627869 0.09000000357627869 -0.27000001072883606 0.09000000357627869 0.09000000357627869 0.09000000357627869 0.0 0.0 0.09000000357627869 -0.18000000715255737 0.09000000357627869 0.0 0.0 0.09000000357627869 0.0 0.0 0.09000000357627869 0.0 0.0 -0.4699999988079071 0.0 0.0 0.09000000357627869 0.0 0.09000000357627869 0.09000000357627869 0.0 0.09000000357627869 0.09000000357627869 -0.18000000715255737 0.09000000357627869 0.09000000357627869 0.20999999344348907 0.05000000074505806 0.05000000074505806 -0.30000001192092896 0.33000001311302185 0.33000001311302185 0.33000001311302185 0.0 0.0 -0.4699999988079071 0.0 0.0 0.09000000357627869 0.0 0.0 0.09000000357627869 0.0 -0.5099999904632568 0.0 0.0 0.0 0.0 0.0 0.0 0.09000000357627869 0.0 0.0 0.0 -0.09000000357627869 0.0 0.0 0.5099999904632568 -0.5099999904632568 -0.4699999988079071 0.0 0.0 0.09000000357627869 0.0 0.0 0.09000000357627869 0.0 0.0 0.09000000357627869 0.0 -0.550000011920929 -0.6200000047683716 0.3199999928474426 0.30000001192092896 0.0 -0.5099999904632568 0.0 0.0 0.0 0.09000000357627869 -0.18000000715255737 0.09000000357627869 0.09000000357627869 0.550000011920929 -0.550000011920929 -0.6200000047683716 0.3199999928474426 0.30000001192092896 0.5099999904632568 -0.5099999904632568 -0.4699999988079071 0.0 0.0 0.09000000357627869 0.0 0.09000000357627869 0.09000000357627869 0.0 -0.550000011920929 -0.6200000047683716 0.3199999928474426 0.30000001192092896 0.5099999904632568 -0.5099999904632568 -0.4699999988079071 0.0 0.0 0.09000000357627869 -0.27000001072883606 0.09000000357627869 0.09000000357627869 0.09000000357627869 0.5099999904632568 -0.5099999904632568 0.0 0.0 0.0 0.09000000357627869 0.05000000074505806 0.09000000357627869 0.09000000357627869 -0.6600000262260437 0.4300000071525574 0.5099999904632568 -0.5099999904632568 -0.4699999988079071 0.0 0.0 0.09000000357627869 -0.2800000011920929 0.09000000357627869 0.09000000357627869 0.6200000047683716 -0.7599999904632568 -0.7599999904632568 0.0 -0.5099999904632568 0.0 0.0 0.09000000357627869 0.09000000357627869 0.0 0.09000000357627869 -0.18000000715255737 0.09000000357627869 0.09000000357627869 -0.18000000715255737 0.09000000357627869 0.09000000357627869 0.5099999904632568 -0.5099999904632568 0.0 0.3100000023841858 0.0 0.09000000357627869 -0.18000000715255737 0.09000000357627869 0.09000000357627869 0.0 0.09000000357627869 0.09000000357627869 -0.18000000715255737 0.09000000357627869 0.09000000357627869 0.20999999344348907 0.05000000074505806 -0.30000001192092896 0.33000001311302185 0.5099999904632568 -0.5099999904632568 -0.4699999988079071 0.3100000023841858 0.0 0.09000000357627869 -0.18000000715255737 0.09000000357627869 0.09000000357627869 -0.2800000011920929 0.09000000357627869 0.09000000357627869 0.6200000047683716 -0.7599999904632568 -0.7599999904632568 0.5099999904632568 -0.5099999904632568 -0.4699999988079071 0.3100000023841858
387 -0.27000001072883606 0.09000000357627869 0.09000000357627869 -0.28999999165534973 0.0 0.0 0.09000000357627869 0.0 0.09000000357627869 -0.18000000715255737 0.09000000357627869 0.0 0.0 0.09000000357627869 0.0 0.0 -0.4699999988079071 0.3100000023841858 0.3100000023841858 0.0 0.09000000357627869 -0.2800000011920929 0.09000000357627869 0.6200000047683716 -0.7599999904632568 -0.7599999904632568 0.0 0.0 0.0 0.0 -0.4699999988079071 0.0 0.09000000357627869 0.0 0.09000000357627869 0.0 0.09000000357627869 0.0 -0.5099999904632568 0.0 0.0 0.0 0.0 0.0 0.0 0.09000000357627869 0.5099999904632568 -0.5099999904632568 -0.4699999988079071 0.0 0.0 0.09000000357627869 0.0 0.0 0.09000000357627869 0.0 0.0 0.09000000357627869 0.0 0.30000001192092896 0.0 -0.5099999904632568 0.0 0.0 0.0 0.09000000357627869 -0.18000000715255737 0.09000000357627869 0.09000000357627869 0.550000011920929 -0.550000011920929 -0.6200000047683716 0.3199999928474426 0.30000001192092896 0.5099999904632568 -0.5099999904632568 -0.4699999988079071 0.0 0.0 0.09000000357627869 0.0 0.09000000357627869 0.09000000357627869 0.0 -0.550000011920929 -0.6200000047683716 0.3199999928474426 0.30000001192092896 0.5099999904632568 -0.5099999904632568 -0.4699999988079071 0.0 0.0 0.09000000357627869 -0.27000001072883606 0.09000000357627869 0.09000000357627869 0.09000000357627869 0.5099999904632568 -0.5099999904632568 0.0 0.0 0.0 0.09000000357627869 -0.18000000715255737 0.09000000357627869 0.09000000357627869 -0.18000000715255737 0.09000000357627869 0.09000000357627869 -0.18000000715255737 0.09000000357627869 0.09000000357627869 0.20999999344348907 0.05000000074505806 0.05000000074505806 -0.30000001192092896 0.33000001311302185 0.33000001311302185 0.33000001311302185 0.5099999904632568 -0.5099999904632568 -0.4699999988079071 0.0 0.0 0.09000000357627869 -0.2800000011920929 0.09000000357627869 0.09000000357627869 0.6200000047683716 -0.7599999904632568 -0.7599999904632568 0.0 -0.5099999904632568 0.0 0.0 0.09000000357627869 0.09000000357627869 0.0 0.09000000357627869 -0.18000000715255737 0.09000000357627869 0.09000000357627869 -0.18000000715255737 0.09000000357627869 0.09000000357627869 0.5099999904632568 -0.5099999904632568 0.0 0.3100000023841858 0.0 0.09000000357627869 -0.18000000715255737 0.09000000357627869 0.09000000357627869 0.0 0.09000000357627869 0.09000000357627869 -0.18000000715255737 0.09000000357627869 0.09000000357627869 0.20999999344348907 0.05000000074505806 0.33000001311302185 0.5099999904632568 -0.5099999904632568 -0.4699999988079071 0.3100000023841858 0.0 0.09000000357627869 -0.18000000715255737 0.09000000357627869 0.09000000357627869 -0.2800000011920929 0.09000000357627869 0.09000000357627869 0.6200000047683716 -0.7599999904632568 -0.7599999904632568 0.5099999904632568 -0.5099999904632568 -0.4699999988079071
388 -0.6600000262260437 0.4300000071525574 0.09000000357627869 0.09000000357627869 0.0 0.09000000357627869 0.0 0.0 -0.27000001072883606 0.09000000357627869 0.09000000357627869 0.09000000357627869 -0.18000000715255737 0.09000000357627869 0.09000000357627869 -0.27000001072883606 0.09000000357627869 0.09000000357627869 0.09000000357627869 0.09000000357627869 0.0 0.09000000357627869 0.0 0.0 0.09000000357627869 0.09000000357627869 0.0 0.09000000357627869 0.0 0.0 -0.5099999904632568 0.0 0.0 0.09000000357627869 -0.09000000357627869 0.0 0.0 0.5099999904632568 -0.5099999904632568 -0.4699999988079071 0.0 0.09000000357627869 0.0 0.09000000357627869 0.0 -0.5099999904632568 0.0 0.0 0.0 0.09000000357627869 -0.18000000715255737 0.09000000357627869 0.09000000357627869 0.550000011920929 -0.550000011920929 0.5099999904632568 -0.5099999904632568 -0.4699999988079071 0.0 0.0 0.09000000357627869 0.0 0.09000000357627869 0.09000000357627869 0.0 -0.550000011920929 -0.6200000047683716 0.3199999928474426 0.30000001192092896 0.5099999904632568 -0.5099999904632568 -0.4699999988079071 0.0 0.0 0.09000000357627869 -0.27000001072883606 0.09000000357627869 0.09000000357627869 0.09000000357627869 0.5099999904632568 -0.5099999904632568 0.0 0.0 0.0 0.09000000357627869 -0.18000000715255737 0.09000000357627869 0.09000000357627869 -0.18000000715255737 0.09000000357627869 0.09000000357627869 -0.18000000715255737 0.09000000357627869 0.09000000357627869 0.20999999344348907 0.05000000074505806 0.05000000074505806 0.33000001311302185 0.5099999904632568 -0.5099999904632568 0.0 0.0 0.0 0.09000000357627869 0.05000000074505806 0.09000000357627869 0.09000000357627869 -0.6600000262260437 0.4300000071525574 0.5099999904632568 -0.5099999904632568 0.0 0.0 0.09000000357627869 0.09000000357627869 0.0 0.09000000357627869 -0.18000000715255737 0.09000000357627869 0.09000000357627869 -0.18000000715255737 0.09000000357627869 0.09000000357627869 0.5099999904632568 -0.5099999904632568 0.0 0.3100000023841858 0.0 0.09000000357627869 -0.18000000715255737 0.09000000357627869 0.09000000357627869 0.0 0.09000000357627869 0.09000000357627869 -0.18000000715255737 0.09000000357627869 0.09000000357627869 0.20999999344348907 0.05000000074505806 0.05000000074505806 -0.30000001192092896 0.33000001311302185 0.33000001311302185 0.33000001311302185 0.5099999904632568 -0.5099999904632568 -0.4699999988079071 0.3100000023841858 0.0 0.09000000357627869 -0.18000000715255737 0.09000000357627869 0.09000000357627869 -0.2800000011920929 0.09000000357627869 0.09000000357627869 0.6200000047683716 -0.7599999904632568 -0.7599999904632568 0.5099999904632568 -0.5099999904632568 -0.4699999988079071 0.3100000023841858 -0.019999999552965164 0.09000000357627869 0.09000000357627869 0.5099999904632568 -0.5099999904632568 -0.4699999988079071 0.3100000023841858
389 0.5099999904632568 -0.5099999904632568 -0.4699999988079071 0.0 0.09000000357627869 0.0 0.09000000357627869 0.09000000357627869 0.0 -0.550000011920929 -0.6200000047683716 0.3199999928474426 0.30000001192092896 0.5099999904632568 -0.5099999904632568 -0.4699999988079071 0.0 0.0 0.09000000357627869 -0.27000001072883606 0.09000000357627869 0.5099999904632568 -0.5099999904632568 0.0 0.0 0.0 0.09000000357627869 -0.18000000715255737 0.09000000357627869 0.09000000357627869 -0.18000000715255737 0.09000000357627869 0.09000000357627869 0.5099999904632568 -0.5099999904632568 0.0 0.0 0.0 0.09000000357627869 0.05000000074505806 0.09000000357627869 0.09000000357627869 -0.6600000262260437 0.4300000071525574 0.5099999904632568 -0.5099999904632568 -0.4699999988079071 0.0 0.0 0.09000000357627869 -0.2800000011920929 0.09000000357627869 0.09000000357627869 0.6200000047683716 -0.7599999904632568 -0.7599999904632568 0.0 -0.5099999904632568 0.0 0.3100000023841858 0.0 0.09000000357627869 -0.18000000715255737 0.09000000357627869 0.09000000357627869 0.0 0.09000000357627869 0.09000000357627869 -0.18000000715255737 0.09000000357627869 0.09000000357627869 0.20999999344348907 0.05000000074505806 0.05000000074505806 -0.30000001192092896 0.33000001311302185 0.33000001311302185 0.33000001311302185 0.5099999904632568 -0.5099999904632568 -0.4699999988079071 0.3100000023841858 0.0 0.09000000357627869 -0.18000000715255737 0.09000000357627869 0.09000000357627869 -0.2800000011920929 0.09000000357627869 0.09000000357627869 0.6200000047683716 -0.7599999904632568 -0.7599999904632568 0.5099999904632568 -0.5099999904632568 -0.4699999988079071 0.3100000023841858 -0.019999999552965164 0.09000000357627869 0.09000000357627869 0.5099999904632568 -0.5099999904632568 -0.4699999988079071 0.3100000023841858 0.0 0.09000000357627869 -0.2800000011920929 0.09000000357627869 0.09000000357627869 0.6200000047683716 -0.7599999904632568 -0.7599999904632568 0.5099999904632568 -0.5099999904632568 -0.4699999988079071 0.3100000023841858 0.0 0.09000000357627869 0.0 0.09000000357627869 -0.6600000262260437 0.4300000071525574 0.5099999904632568 -0.5099999904632568 0.0 0.3100000023841858 0.0 0.09000000357627869 -0.18000000715255737 0.09000000357627869 0.09000000357627869 -0.18000000715255737 0.09000000357627869 0.09000000357627869 -0.18000000715255737 0.09000000357627869 0.09000000357627869 0.20999999344348907 0.05000000074505806 -0.30000001192092896 0.33000001311302185 0.33000001311302185 0.5099999904632568 -0.5099999904632568 -0.4699999988079071 0.3100000023841858 0.09000000357627869 0.6200000047683716 -0.7599999904632568
39 0.0 0.0 0.0 0.0 0.0 0.0 0.0 0.0 0.0 0.0 0.09000000357627869 0.0 0.0 0.0 0.09000000357627869 0.0 0.09000000357627869 0.09000000357627869 0.20999999344348907 0.05000000074505806 0.05000000074505806 -0.30000001192092896 0.33000001311302185 0.0 0.33000001311302185 0.0 0.0 0.0 0.0 0.0 0.0 0.0 0.0 0.0 0.0 0.0 0.0 -0.09000000357627869 -0.2199999988079071 0.09000000357627869 0.09000000357627869 0.0 0.0 -0.5099999904632568 0.0 0.3100000023841858 0.0 0.09000000357627869 0.05000000074505806 0.09000000357627869 0.09000000357627869 -0.6600000262260437 0.4300000071525574 0.0 0.0 -0.4699999988079071 0.3100000023841858 0.0 0.0 -0.18000000715255737 0.09000000357627869 0.09000000357627869 0.0 0.0 -0.27000001072883606 0.09000000357627869 0.0 0.09000000357627869 0.0 0.09000000357627869 0.09000000357627869 0.09000000357627869 0.0 -0.5099999904632568 0.0 0.0 0.0 0.09000000357627869 0.0 0.09000000357627869 0.09000000357627869 0.0 0.09000000357627869 0.0 -0.18000000715255737 0.09000000357627869 0.09000000357627869 0.20999999344348907 0.05000000074505806 0.05000000074505806 -0.30000001192092896 0.33000001311302185 0.33000001311302185 0.33000001311302185 0.0 -0.5099999904632568 -0.4699999988079071 0.3100000023841858 -0.019999999552965164 0.0 0.09000000357627869 0.5099999904632568 -0.5099999904632568 -0.4699999988079071 0.3100000023841858 0.0 0.09000000357627869 0.0 -0.6600000262260437 -0.27000001072883606 0.09000000357627869 0.0 0.0 -0.5099999904632568 0.0 0.0 0.0 0.09000000357627869 0.0 0.09000000357627869 -0.6600000262260437 0.4300000071525574 -0.27000001072883606 0.09000000357627869 0.09000000357627869 0.09000000357627869 0.0 0.0 0.0 0.3100000023841858 0.0 0.0 0.0 0.09000000357627869 0.0 0.09000000357627869 0.0 0.09000000357627869 -0.27000001072883606 0.09000000357627869 0.0 0.09000000357627869 0.0 -0.5099999904632568 0.0 0.0 0.09000000357627869 0.09000000357627869 0.0 0.0 -0.18000000715255737 0.09000000357627869 0.09000000357627869 -0.18000000715255737 0.09000000357627869 0.09000000357627869 0.5099999904632568 -0.5099999904632568 -0.4699999988079071 0.0 0.0 0.09000000357627869 0.0 0.09000000357627869 0.09000000357627869 0.6200000047683716 -0.7599999904632568 -0.7599999904632568 0.0 0.0 0.0 0.3100000023841858 0.0 0.09000000357627869 -0.18000000715255737 0.09000000357627869 0.09000000357627869 0.0 0.09000000357627869 0.09000000357627869 -0.18000000715255737 0.09000000357627869 0.09000000357627869 0.20999999344348907 0.05000000074505806 0.05000000074505806 -0.30000001192092896 0.33000001311302185 0.33000001311302185 0.33000001311302185 0.5099999904632568 -0.5099999904632568 0.0 0.0 0.0 0.0 -0.18000000715255737 0.09000000357627869 -0.699999988079071 0.4399999976158142 -0.800000011920929 0.46000000834465027 0.46000000834465027 0.0 0.0 0.0 0.09000000357627869 0.0 -0.27000001072883606 0.09000000357627869 0.09000000357627869 -0.5099999904632568 0.09000000357627869 0.09000000357627869 0.09000000357627869 0.0 0.0 0.3100000023841858 0.0 0.0 0.0 0.0 0.0 0.0 -0.11999999731779099 0.0 -0.11999999731779099 -0.11999999731779099 0.11999999731779099 0.0 0.11999999731779099 0.0 0.11999999731779099 0.0 -0.5099999904632568 0.0 0.0 0.0 0.0 0.0 0.5099999904632568 0.0 0.0 0.0 0.0 -0.18000000715255737 0.09000000357627869 0.0 -0.029999999329447746 0.0 0.0 0.0 0.0 0.23999999463558197 0.10999999940395355 -0.27000001072883606 0.0 -0.14000000059604645 0.09000000357627869 0.09000000357627869 -0.5099999904632568 0.0 0.3100000023841858 0.0 0.09000000357627869 0.0 0.09000000357627869 -0.6600000262260437 0.4300000071525574 -0.27000001072883606 0.09000000357627869 0.09000000357627869 0.09000000357627869 0.5099999904632568 -0.5099999904632568 -0.4699999988079071 0.0 0.07000000029802322 0.09000000357627869 0.5099999904632568 -0.5099999904632568 -0.28999999165534973 0.0 0.09000000357627869 0.09000000357627869 0.0 0.0 -0.18000000715255737 0.09000000357627869 -0.18000000715255737 0.09000000357627869 0.09000000357627869 0.550000011920929 -0.550000011920929 -0.6200000047683716 0.3199999928474426 0.30000001192092896
390 0.4300000071525574 0.09000000357627869 0.09000000357627869 -0.2800000011920929 0.09000000357627869 -0.5099999904632568 0.09000000357627869 0.5099999904632568 -0.5099999904632568 -0.4699999988079071 0.0 0.09000000357627869 -0.27000001072883606 0.09000000357627869 0.09000000357627869 0.09000000357627869 0.5099999904632568 -0.5099999904632568 0.0 0.0 0.0 0.09000000357627869 -0.18000000715255737 0.09000000357627869 0.09000000357627869 -0.18000000715255737 0.09000000357627869 0.09000000357627869 0.09000000357627869 0.5099999904632568 -0.5099999904632568 0.0 0.0 0.0 0.09000000357627869 0.05000000074505806 0.09000000357627869 0.09000000357627869 -0.6600000262260437 0.4300000071525574 0.5099999904632568 -0.5099999904632568 -0.4699999988079071 0.0 0.0 0.09000000357627869 -0.2800000011920929 0.09000000357627869 0.09000000357627869 0.6200000047683716 -0.7599999904632568 -0.7599999904632568 0.0 -0.5099999904632568 0.0 0.0 0.09000000357627869 0.09000000357627869 0.0 0.09000000357627869 -0.18000000715255737 0.09000000357627869 0.09000000357627869 -0.18000000715255737 0.09000000357627869 0.09000000357627869 0.5099999904632568 -0.5099999904632568 -0.4699999988079071 0.3100000023841858 0.0 0.09000000357627869 -0.18000000715255737 0.09000000357627869 0.09000000357627869 -0.2800000011920929 0.09000000357627869 0.09000000357627869 0.6200000047683716 -0.7599999904632568 -0.7599999904632568 0.5099999904632568 -0.5099999904632568 -0.4699999988079071 0.3100000023841858 -0.019999999552965164 0.09000000357627869 0.09000000357627869 0.5099999904632568 -0.5099999904632568 -0.4699999988079071 0.3100000023841858 0.0 0.09000000357627869 -0.2800000011920929 0.09000000357627869 0.09000000357627869 0.6200000047683716 -0.7599999904632568 -0.7599999904632568 0.5099999904632568 -0.5099999904632568 -0.4699999988079071 0.3100000023841858 -0.6600000262260437 0.4300000071525574 0.3100000023841858
391 -0.5099999904632568 0.5099999904632568 -0.5099999904632568 0.0 0.0 0.0 0.09000000357627869 -0.18000000715255737 0.09000000357627869 0.09000000357627869 -0.18000000715255737 0.09000000357627869 0.09000000357627869 -0.18000000715255737 0.09000000357627869 0.09000000357627869 0.20999999344348907 0.05000000074505806 0.33000001311302185 0.5099999904632568 -0.5099999904632568 0.0 0.0 0.0 0.09000000357627869 0.05000000074505806 0.09000000357627869 0.09000000357627869 -0.6600000262260437 0.5099999904632568 -0.5099999904632568 -0.4699999988079071 0.0 0.0 0.09000000357627869 -0.2800000011920929 0.09000000357627869 0.09000000357627869 0.6200000047683716 -0.7599999904632568 -0.7599999904632568 0.0 -0.5099999904632568 0.0 0.0 0.09000000357627869 0.09000000357627869 0.0 0.09000000357627869 -0.18000000715255737 0.09000000357627869 0.09000000357627869 -0.18000000715255737 0.09000000357627869 0.09000000357627869 0.5099999904632568 -0.5099999904632568 0.0 0.3100000023841858 0.0 0.09000000357627869 -0.18000000715255737 0.09000000357627869 0.09000000357627869 0.0 0.09000000357627869 0.09000000357627869 -0.18000000715255737 0.09000000357627869 0.09000000357627869 0.20999999344348907 0.05000000074505806 0.05000000074505806 -0.30000001192092896 0.33000001311302185 0.33000001311302185 0.33000001311302185 0.5099999904632568 -0.5099999904632568 -0.4699999988079071 0.3100000023841858 -0.019999999552965164 0.09000000357627869 0.09000000357627869 0.5099999904632568 -0.5099999904632568 -0.4699999988079071 0.3100000023841858 0.0 0.09000000357627869 -0.2800000011920929 0.09000000357627869 0.09000000357627869 0.6200000047683716 -0.7599999904632568 -0.7599999904632568 0.5099999904632568 -0.5099999904632568 -0.4699999988079071 0.3100000023841858 0.0 0.09000000357627869 0.0 0.09000000357627869 -0.6600000262260437 0.4300000071525574 -0.27000001072883606 0.09000000357627869 0.09000000357627869 0.09000000357627869 0.5099999904632568 -0.5099999904632568 0.0 0.3100000023841858 0.0 0.09000000357627869 -0.18000000715255737 0.09000000357627869 0.09000000357627869 -0.18000000715255737 0.09000000357627869 -0.18000000715255737 0.09000000357627869 0.09000000357627869 0.33000001311302185 0.5099999904632568 0.3100000023841858
392 -0.5099999904632568 0.09000000357627869 0.5099999904632568 -0.5099999904632568 0.0 0.09000000357627869 0.0 -0.5099999904632568 0.0 0.0 0.09000000357627869 0.09000000357627869 0.0 0.09000000357627869 -0.18000000715255737 0.09000000357627869 0.09000000357627869 -0.18000000715255737 0.09000000357627869 0.09000000357627869 0.5099999904632568 -0.5099999904632568 0.0 0.3100000023841858 0.0 0.09000000357627869 -0.18000000715255737 0.09000000357627869 0.09000000357627869 0.0 0.09000000357627869 0.09000000357627869 -0.18000000715255737 0.09000000357627869 0.09000000357627869 0.20999999344348907 0.05000000074505806 0.05000000074505806 0.5099999904632568 -0.5099999904632568 -0.4699999988079071 0.3100000023841858 0.0 0.09000000357627869 -0.18000000715255737 0.09000000357627869 0.09000000357627869 -0.2800000011920929 0.09000000357627869 0.09000000357627869 0.6200000047683716 -0.7599999904632568 -0.7599999904632568 0.5099999904632568 -0.5099999904632568 -0.4699999988079071 0.3100000023841858 0.0 0.09000000357627869 -0.2800000011920929 0.09000000357627869 0.09000000357627869 0.6200000047683716 -0.7599999904632568 -0.7599999904632568 0.5099999904632568 -0.5099999904632568 -0.4699999988079071 0.3100000023841858 0.0 0.09000000357627869 0.0 0.09000000357627869 -0.6600000262260437 0.4300000071525574 -0.27000001072883606 0.09000000357627869 0.09000000357627869 0.09000000357627869 0.5099999904632568 -0.5099999904632568 0.0 0.3100000023841858 0.0 0.09000000357627869 -0.18000000715255737 0.09000000357627869 0.09000000357627869 -0.18000000715255737 0.09000000357627869 0.09000000357627869 -0.18000000715255737 0.09000000357627869 0.09000000357627869 0.20999999344348907 0.05000000074505806 0.05000000074505806 -0.30000001192092896 0.33000001311302185 0.33000001311302185 0.5099999904632568 -0.5099999904632568 -0.4699999988079071 0.3100000023841858 0.0 0.09000000357627869 -0.2800000011920929 0.09000000357627869 0.09000000357627869 0.6200000047683716 -0.7599999904632568 -0.7599999904632568 0.5099999904632568 -0.5099999904632568 -0.4699999988079071 0.3100000023841858
393 0.0 -0.5099999904632568 0.0 0.0 0.09000000357627869 0.09000000357627869 0.0 0.09000000357627869 -0.18000000715255737 0.09000000357627869 0.09000000357627869 -0.18000000715255737 0.09000000357627869 0.09000000357627869 0.5099999904632568 -0.5099999904632568 0.0 0.3100000023841858 0.0 0.09000000357627869 -0.18000000715255737 0.09000000357627869 0.09000000357627869 0.0 0.09000000357627869 0.09000000357627869 -0.18000000715255737 0.09000000357627869 0.09000000357627869 0.20999999344348907 0.05000000074505806 0.05000000074505806 0.5099999904632568 -0.5099999904632568 -0.4699999988079071 0.3100000023841858 0.0 0.09000000357627869 -0.18000000715255737 0.09000000357627869 0.09000000357627869 -0.2800000011920929 0.09000000357627869 0.09000000357627869 0.6200000047683716 -0.7599999904632568 -0.7599999904632568 0.5099999904632568 -0.5099999904632568 -0.4699999988079071 0.3100000023841858 -0.019999999552965164 0.09000000357627869 0.09000000357627869 0.5099999904632568 -0.5099999904632568 -0.4699999988079071 0.3100000023841858 0.0 0.09000000357627869 0.0 0.09000000357627869 -0.6600000262260437 0.4300000071525574 -0.27000001072883606 0.09000000357627869 0.09000000357627869 0.09000000357627869 0.5099999904632568 -0.5099999904632568 0.0 0.3100000023841858 0.0 0.09000000357627869 -0.18000000715255737 0.09000000357627869 0.09000000357627869 -0.18000000715255737 0.09000000357627869 0.09000000357627869 -0.18000000715255737 0.09000000357627869 0.09000000357627869 0.20999999344348907 0.05000000074505806 0.5099999904632568 -0.5099999904632568 -0.4699999988079071 0.3100000023841858 0.0 0.09000000357627869 -0.2800000011920929 0.09000000357627869 0.09000000357627869 0.6200000047683716 -0.7599999904632568 -0.7599999904632568 0.5099999904632568 -0.5099999904632568 -0.4699999988079071 0.3100000023841858 0.0 0.09000000357627869 0.09000000357627869
394 0.0 0.0 0.0 0.09000000357627869 -0.18000000715255737 0.09000000357627869 0.09000000357627869 -0.18000000715255737 0.09000000357627869 0.09000000357627869 0.5099999904632568 -0.5099999904632568 0.0 0.3100000023841858 0.0 0.09000000357627869 0.5099999904632568 -0.5099999904632568 -0.4699999988079071 0.3100000023841858 0.0 0.09000000357627869 -0.18000000715255737 0.09000000357627869 0.09000000357627869 -0.2800000011920929 0.09000000357627869 0.5099999904632568 -0.5099999904632568 -0.4699999988079071 0.3100000023841858 -0.019999999552965164 0.09000000357627869 0.09000000357627869 0.5099999904632568 -0.5099999904632568 -0.4699999988079071 0.3100000023841858 0.0 0.09000000357627869 -0.2800000011920929 0.09000000357627869 0.09000000357627869 0.6200000047683716 -0.7599999904632568 -0.7599999904632568 0.5099999904632568 -0.5099999904632568 0.0 0.3100000023841858 0.0 0.09000000357627869 -0.18000000715255737 0.09000000357627869 0.09000000357627869 -0.18000000715255737 0.09000000357627869 0.09000000357627869 -0.18000000715255737 0.09000000357627869 0.09000000357627869 0.20999999344348907 0.05000000074505806 0.05000000074505806 -0.30000001192092896 0.33000001311302185 0.33000001311302185 0.33000001311302185 0.5099999904632568 -0.5099999904632568 -0.4699999988079071 0.3100000023841858 0.0 0.09000000357627869 -0.2800000011920929 0.09000000357627869 0.09000000357627869 0.6200000047683716 -0.7599999904632568 -0.7599999904632568 0.5099999904632568 -0.5099999904632568 -0.4699999988079071 0.3100000023841858 0.0 0.09000000357627869 -0.18000000715255737 0.09000000357627869 0.09000000357627869 -0.18000000715255737 0.09000000357627869 0.09000000357627869 -0.18000000715255737 0.09000000357627869 0.09000000357627869 0.20999999344348907 0.05000000074505806 0.05000000074505806 -0.30000001192092896 0.33000001311302185 0.33000001311302185 0.33000001311302185 0.5099999904632568 -0.5099999904632568 -0.4699999988079071 0.3100000023841858 0.0 0.09000000357627869
395 0.0 0.0 0.09000000357627869 0.09000000357627869 0.0 0.09000000357627869 -0.18000000715255737 0.09000000357627869 0.09000000357627869 -0.18000000715255737 0.09000000357627869 0.09000000357627869 0.5099999904632568 -0.5099999904632568 0.09000000357627869 0.5099999904632568 -0.4699999988079071 0.3100000023841858 0.0 0.09000000357627869 -0.18000000715255737 0.09000000357627869 0.09000000357627869 0.5099999904632568 -0.5099999904632568 -0.4699999988079071 0.3100000023841858 -0.019999999552965164 0.09000000357627869 0.09000000357627869 0.5099999904632568 -0.5099999904632568 -0.4699999988079071 0.3100000023841858 0.0 0.09000000357627869 -0.2800000011920929 0.09000000357627869 0.09000000357627869 0.6200000047683716 -0.7599999904632568 -0.7599999904632568 0.5099999904632568 -0.5099999904632568 -0.4699999988079071 0.3100000023841858 0.0 0.09000000357627869 0.0 0.09000000357627869 -0.6600000262260437 0.4300000071525574 -0.27000001072883606 0.09000000357627869 0.09000000357627869 0.09000000357627869 0.5099999904632568 -0.5099999904632568 -0.4699999988079071 0.3100000023841858 0.0 0.09000000357627869 -0.2800000011920929 0.09000000357627869 0.09000000357627869 0.6200000047683716 -0.7599999904632568 -0.7599999904632568 0.5099999904632568 -0.5099999904632568 -0.4699999988079071 0.3100000023841858 0.0 0.09000000357627869 -0.18000000715255737 0.09000000357627869 0.09000000357627869 -0.18000000715255737 0.09000000357627869 0.09000000357627869 -0.18000000715255737 0.09000000357627869 0.09000000357627869 0.20999999344348907 0.05000000074505806 0.05000000074505806 -0.30000001192092896 0.33000001311302185 0.33000001311302185 0.33000001311302185 0.5099999904632568 -0.5099999904632568 -0.4699999988079071 0.3100000023841858 0.0 0.09000000357627869 -0.18000000715255737 0.09000000357627869 0.09000000357627869 -0.18000000715255737 0.09000000357627869 0.09000000357627869 -0.18000000715255737 0.09000000357627869 0.09000000357627869 0.5099999904632568 -0.5099999904632568 0.0 0.3100000023841858 0.0 -0.2800000011920929 0.09000000357627869 0.6200000047683716 -0.7599999904632568 -0.7599999904632568
396 -0.18000000715255737 0.09000000357627869 0.09000000357627869 -0.18000000715255737 0.09000000357627869 0.09000000357627869 -0.5099999904632568 0.5099999904632568 -0.5099999904632568 -0.4699999988079071 0.3100000023841858 -0.019999999552965164 0.09000000357627869 0.09000000357627869 0.5099999904632568 -0.5099999904632568 -0.4699999988079071 0.3100000023841858 0.0 0.09000000357627869 -0.2800000011920929 0.09000000357627869 0.09000000357627869 0.6200000047683716 -0.7599999904632568 -0.7599999904632568 0.5099999904632568 -0.5099999904632568 -0.4699999988079071 0.3100000023841858 0.0 0.09000000357627869 0.0 0.09000000357627869 -0.6600000262260437 0.4300000071525574 -0.27000001072883606 0.09000000357627869 0.09000000357627869 0.09000000357627869 0.5099999904632568 -0.5099999904632568 0.0 0.3100000023841858 0.0 0.09000000357627869 -0.18000000715255737 0.09000000357627869 0.09000000357627869 -0.18000000715255737 0.09000000357627869 0.09000000357627869 -0.18000000715255737 0.09000000357627869 0.09000000357627869 0.20999999344348907 0.05000000074505806 0.05000000074505806 -0.30000001192092896 0.33000001311302185 0.33000001311302185 0.33000001311302185 0.5099999904632568 -0.5099999904632568 -0.4699999988079071 0.3100000023841858 0.0 0.09000000357627869 -0.18000000715255737 0.09000000357627869 0.09000000357627869 -0.18000000715255737 0.09000000357627869 0.09000000357627869 -0.18000000715255737 0.09000000357627869 0.09000000357627869 0.20999999344348907 0.05000000074505806 0.05000000074505806 -0.30000001192092896 0.33000001311302185 0.33000001311302185 0.33000001311302185 0.5099999904632568 -0.5099999904632568 -0.4699999988079071 0.3100000023841858 0.0 0.09000000357627869 -0.18000000715255737 0.09000000357627869 0.09000000357627869 -0.18000000715255737 0.09000000357627869 0.09000000357627869 -0.18000000715255737 0.09000000357627869 0.09000000357627869 0.20999999344348907 0.05000000074505806 0.05000000074505806 -0.30000001192092896 0.33000001311302185 0.33000001311302185 0.33000001311302185 0.5099999904632568 -0.5099999904632568 0.0 0.3100000023841858 0.0 0.09000000357627869 -0.2800000011920929 0.09000000357627869 0.09000000357627869 0.6200000047683716 -0.7599999904632568 -0.7599999904632568 0.5099999904632568 -0.5099999904632568 -0.4699999988079071 0.3100000023841858
397 -0.5099999904632568 0.0 0.09000000357627869 0.6200000047683716 -0.7599999904632568 0.5099999904632568 -0.5099999904632568 -0.4699999988079071 0.3100000023841858 0.0 0.09000000357627869 0.0 0.09000000357627869 -0.6600000262260437 0.4300000071525574 -0.27000001072883606 0.09000000357627869 0.09000000357627869 0.09000000357627869 0.5099999904632568 -0.5099999904632568 0.0 0.3100000023841858 0.0 0.09000000357627869 -0.18000000715255737 0.09000000357627869 0.09000000357627869 -0.18000000715255737 0.09000000357627869 0.09000000357627869 -0.18000000715255737 0.09000000357627869 0.09000000357627869 0.20999999344348907 0.05000000074505806 0.05000000074505806 -0.30000001192092896 0.33000001311302185 0.33000001311302185 0.33000001311302185 0.5099999904632568 -0.5099999904632568 -0.4699999988079071 0.3100000023841858 0.0 0.09000000357627869 -0.2800000011920929 0.09000000357627869 0.09000000357627869 0.6200000047683716 -0.7599999904632568 -0.7599999904632568 0.5099999904632568 -0.5099999904632568 -0.4699999988079071 0.3100000023841858 0.0 0.09000000357627869 -0.18000000715255737 0.09000000357627869 0.09000000357627869 -0.18000000715255737 0.09000000357627869 0.09000000357627869 -0.18000000715255737 0.09000000357627869 0.09000000357627869 0.20999999344348907 0.05000000074505806 0.05000000074505806 -0.30000001192092896 0.33000001311302185 0.33000001311302185 0.33000001311302185 0.5099999904632568 -0.5099999904632568 0.0 0.3100000023841858 0.0 0.09000000357627869 -0.2800000011920929 0.09000000357627869 0.09000000357627869 0.6200000047683716 -0.7599999904632568 -0.7599999904632568 0.5099999904632568 -0.5099999904632568 -0.4699999988079071 0.3100000023841858 0.0 0.09000000357627869 0.0 0.09000000357627869 0.09000000357627869 -0.2800000011920929 0.09000000357627869 0.09000000357627869 0.6200000047683716 -0.7599999904632568 -0.7599999904632568 0.5099999904632568 -0.5099999904632568 -0.4699999988079071 0.3100000023841858 0.0 0.09000000357627869 0.0 -0.2800000011920929 0.09000000357627869 0.09000000357627869 0.6200000047683716 -0.7599999904632568
398 -0.4699999988079071 0.3100000023841858 0.0 0.09000000357627869 0.09000000357627869 0.5099999904632568 -0.5099999904632568 0.0 0.3100000023841858 0.0 0.09000000357627869 -0.18000000715255737 0.09000000357627869 0.09000000357627869 -0.18000000715255737 0.09000000357627869 0.09000000357627869 -0.18000000715255737 0.09000000357627869 0.20999999344348907 0.05000000074505806 0.05000000074505806 0.5099999904632568 -0.5099999904632568 -0.4699999988079071 0.3100000023841858 0.0 0.09000000357627869 -0.2800000011920929 0.09000000357627869 0.09000000357627869 0.6200000047683716 -0.7599999904632568 -0.7599999904632568 0.5099999904632568 -0.5099999904632568 -0.4699999988079071 0.3100000023841858 0.0 0.09000000357627869 -0.18000000715255737 0.09000000357627869 0.09000000357627869 -0.18000000715255737 0.09000000357627869 0.09000000357627869 -0.18000000715255737 0.09000000357627869 0.09000000357627869 0.20999999344348907 0.05000000074505806 0.05000000074505806 -0.30000001192092896 0.33000001311302185 0.33000001311302185 0.33000001311302185 0.5099999904632568 -0.5099999904632568 0.0 0.3100000023841858 0.0 0.09000000357627869 -0.2800000011920929 0.09000000357627869 0.09000000357627869 0.6200000047683716 -0.7599999904632568 -0.7599999904632568 0.5099999904632568 -0.5099999904632568 -0.4699999988079071 0.3100000023841858 0.0 0.09000000357627869 0.0 0.09000000357627869 0.09000000357627869 -0.2800000011920929 0.09000000357627869 0.09000000357627869 0.6200000047683716 -0.7599999904632568 -0.7599999904632568 0.5099999904632568 -0.5099999904632568 -0.4699999988079071 0.3100000023841858 0.0 0.09000000357627869 0.0 0.09000000357627869 0.09000000357627869 -0.2800000011920929 0.09000000357627869 0.09000000357627869 0.6200000047683716 -0.7599999904632568 -0.7599999904632568 0.0 -0.5099999904632568 0.0 0.3100000023841858 0.09000000357627869
399 0.0 0.09000000357627869 -0.18000000715255737 0.09000000357627869 0.09000000357627869 0.05000000074505806 0.5099999904632568 -0.5099999904632568 -0.4699999988079071 0.3100000023841858 0.0 0.09000000357627869 -0.2800000011920929 0.09000000357627869 0.09000000357627869 0.6200000047683716 -0.7599999904632568 -0.7599999904632568 0.5099999904632568 -0.5099999904632568 -0.4699999988079071 0.3100000023841858 0.0 0.09000000357627869 -0.18000000715255737 0.09000000357627869 0.09000000357627869 -0.18000000715255737 0.09000000357627869 0.09000000357627869 -0.18000000715255737 0.09000000357627869 0.09000000357627869 0.20999999344348907 0.05000000074505806 0.05000000074505806 -0.30000001192092896 0.33000001311302185 0.33000001311302185 0.33000001311302185 0.5099999904632568 -0.5099999904632568 -0.4699999988079071 0.3100000023841858 0.0 0.09000000357627869 -0.18000000715255737 0.09000000357627869 0.09000000357627869 -0.18000000715255737 0.09000000357627869 0.09000000357627869 -0.18000000715255737 0.09000000357627869 0.09000000357627869 0.20999999344348907 0.05000000074505806 0.05000000074505806 -0.30000001192092896 0.33000001311302185 0.33000001311302185 0.33000001311302185 0.5099999904632568 -0.5099999904632568 -0.4699999988079071 0.3100000023841858 0.0 0.09000000357627869 0.0 0.09000000357627869 0.09000000357627869 -0.2800000011920929 0.09000000357627869 0.09000000357627869 0.6200000047683716 -0.7599999904632568 -0.7599999904632568 0.5099999904632568 -0.5099999904632568 -0.4699999988079071 0.3100000023841858 0.0 0.09000000357627869 0.0 0.09000000357627869 0.09000000357627869 -0.2800000011920929 0.09000000357627869 0.09000000357627869 0.6200000047683716 -0.7599999904632568 -0.7599999904632568 0.0 -0.5099999904632568 0.0 0.3100000023841858 0.0 0.09000000357627869 0.0 0.09000000357627869 0.09000000357627869 -0.2800000011920929 0.09000000357627869 0.09000000357627869 0.6200000047683716 -0.7599999904632568 -0.7599999904632568 0.5099999904632568 -0.5099999904632568 -0.4699999988079071 0.3100000023841858 0.4300000071525574
4 -0.30000001192092896 0.33000001311302185 0.33000001311302185 0.33000001311302185 0.0 0.10000000149011612 0.0 0.09000000357627869 0.09000000357627869 -0.14000000059604645 0.09000000357627869 0.09000000357627869 0.09000000357627869 0.5099999904632568 -0.5099999904632568 -0.4699999988079071 0.3100000023841858 0.0 0.09000000357627869 0.0 0.09000000357627869 -0.6600000262260437 0.4300000071525574 -0.27000001072883606 0.09000000357627869 0.09000000357627869 0.09000000357627869 0.5099999904632568 -0.5099999904632568 -0.4699999988079071 0.3100000023841858 0.0 0.09000000357627869 0.0 0.09000000357627869 -0.6600000262260437 0.4300000071525574 -0.27000001072883606 0.09000000357627869 0.09000000357627869 0.09000000357627869 0.5099999904632568 -0.5099999904632568 -0.4699999988079071 0.3100000023841858 -0.019999999552965164 0.09000000357627869 0.09000000357627869 0.5099999904632568 -0.5099999904632568 0.0 0.3100000023841858 0.0 0.09000000357627869 -0.27000001072883606 0.09000000357627869 0.09000000357627869 0.09000000357627869 0.0 -0.5099999904632568 -0.4699999988079071 0.3100000023841858 0.0 0.09000000357627869 -0.18000000715255737 0.09000000357627869 0.09000000357627869 0.0 0.09000000357627869 -0.27000001072883606 0.09000000357627869 0.09000000357627869 0.09000000357627869 -0.27000001072883606 0.09000000357627869 0.09000000357627869 0.09000000357627869 0.5099999904632568 -0.5099999904632568 -0.4699999988079071 0.3100000023841858
40 0.0 0.0 0.0 0.0 0.0 0.0 0.0 0.0 0.0 0.0 0.0 0.0 0.0 0.0 0.0 0.0 0.09000000357627869 0.0 0.0 0.0 0.09000000357627869 0.0 0.09000000357627869 0.09000000357627869 0.20999999344348907 0.05000000074505806 0.05000000074505806 -0.30000001192092896 0.33000001311302185 0.33000001311302185 0.0 0.0 0.0 0.0 0.0 0.0 0.0 0.0 0.0 0.0 0.0 0.0 -0.09000000357627869 -0.2199999988079071 0.09000000357627869 0.09000000357627869 0.0 0.0 -0.5099999904632568 0.0 0.3100000023841858 0.0 0.09000000357627869 0.05000000074505806 0.09000000357627869 0.09000000357627869 -0.6600000262260437 0.4300000071525574 0.0 0.0 -0.4699999988079071 0.3100000023841858 0.0 0.0 -0.18000000715255737 0.09000000357627869 0.09000000357627869 0.0 0.0 -0.27000001072883606 0.0 0.0 -0.5099999904632568 0.0 0.0 0.0 0.09000000357627869 0.0 0.09000000357627869 0.09000000357627869 0.0 0.09000000357627869 0.0 -0.18000000715255737 0.09000000357627869 0.09000000357627869 0.20999999344348907 0.05000000074505806 0.05000000074505806 -0.30000001192092896 0.33000001311302185 0.33000001311302185 0.33000001311302185 0.0 -0.5099999904632568 0.0 -0.5099999904632568 0.0 0.0 0.0 0.09000000357627869 0.0 0.09000000357627869 -0.6600000262260437 0.4300000071525574 -0.27000001072883606 0.09000000357627869 0.09000000357627869 0.09000000357627869 0.0 0.0 0.0 0.3100000023841858 0.0 0.0 0.0 0.09000000357627869 0.0 0.09000000357627869 0.0 0.09000000357627869 -0.27000001072883606 0.09000000357627869 0.0 0.09000000357627869 0.0 -0.5099999904632568 0.0 0.0 0.0 0.09000000357627869 0.0 0.09000000357627869 -0.6600000262260437 0.4300000071525574 -0.27000001072883606 0.09000000357627869 0.09000000357627869 0.09000000357627869 0.0 -0.5099999904632568 -0.4699999988079071 0.0 0.0 0.09000000357627869 0.0 0.09000000357627869 0.09000000357627869 0.6200000047683716 -0.7599999904632568 -0.7599999904632568 0.0 0.0 0.0 0.3100000023841858 0.0 0.09000000357627869 -0.18000000715255737 0.09000000357627869 0.09000000357627869 0.0 0.09000000357627869 0.09000000357627869 -0.18000000715255737 0.09000000357627869 0.09000000357627869 0.20999999344348907 0.05000000074505806 0.05000000074505806 -0.30000001192092896 0.33000001311302185 0.33000001311302185 0.33000001311302185 0.5099999904632568 -0.5099999904632568 0.0 0.0 0.0 0.09000000357627869 0.0 0.0 0.0 -0.18000000715255737 0.09000000357627869 0.09000000357627869 0.20000000298023224 0.09000000357627869 0.09000000357627869 -0.699999988079071 0.4399999976158142 0.6399999856948853 -0.800000011920929 0.46000000834465027 0.46000000834465027 0.5099999904632568 0.0 0.0 0.3100000023841858 0.0 0.0 0.0 0.0 0.0 0.0 0.0 0.0 0.0 0.0 0.09000000357627869 0.0 0.09000000357627869 -0.23000000417232513 0.0 0.09000000357627869 0.09000000357627869 -0.6600000262260437 0.4300000071525574 -0.18000000715255737 0.09000000357627869 0.09000000357627869 0.0 0.0 0.0 0.0 0.0 0.0 0.0 0.0 0.0 0.09000000357627869 0.0 0.0 -0.27000001072883606 0.09000000357627869 0.09000000357627869 0.09000000357627869 0.0 0.0 0.0 0.0 0.09000000357627869 0.09000000357627869 0.0 0.0 0.3100000023841858 0.0 0.0 0.0 0.0 0.0 0.0 -0.11999999731779099 0.0 -0.11999999731779099 -0.11999999731779099 0.0 0.11999999731779099 0.0 0.11999999731779099 0.0 -0.5099999904632568 0.0 0.0 0.0 0.0 -0.18000000715255737 0.0 0.09000000357627869 0.0 0.0 0.0 -0.11999999731779099 0.11999999731779099 0.0 0.5099999904632568 0.0 0.0 0.0 0.0 0.0 -0.18000000715255737 0.09000000357627869 0.0 -0.029999999329447746 0.0 0.0 0.0 0.0 0.23999999463558197 0.10999999940395355 -0.25 0.17000000178813934 -0.20000000298023224 0.14000000059604645 -0.27000001072883606 0.0 -0.14000000059604645 0.14000000059604645 0.5099999904632568 0.0 0.0 0.0 0.0 0.0 -0.5099999904632568 0.09000000357627869 0.0 0.0 0.09000000357627869 0.0 0.550000011920929 -0.550000011920929 -0.6200000047683716 0.0 0.0 -0.27000001072883606 0.09000000357627869 0.09000000357627869 0.09000000357627869 0.3199999928474426
400 0.0 0.09000000357627869 0.09000000357627869 0.5099999904632568 -0.5099999904632568 -0.4699999988079071 0.3100000023841858 0.0 0.09000000357627869 -0.18000000715255737 0.09000000357627869 0.09000000357627869 -0.18000000715255737 0.09000000357627869 0.09000000357627869 -0.18000000715255737 0.09000000357627869 0.09000000357627869 0.20999999344348907 0.05000000074505806 0.05000000074505806 -0.30000001192092896 0.33000001311302185 0.33000001311302185 0.5099999904632568 -0.5099999904632568 -0.4699999988079071 0.3100000023841858 0.0 0.09000000357627869 -0.18000000715255737 0.09000000357627869 0.09000000357627869 -0.18000000715255737 0.09000000357627869 0.09000000357627869 -0.18000000715255737 0.09000000357627869 0.09000000357627869 0.20999999344348907 0.05000000074505806 0.05000000074505806 -0.30000001192092896 0.33000001311302185 0.33000001311302185 0.33000001311302185 0.5099999904632568 -0.5099999904632568 0.0 0.3100000023841858 0.0 0.09000000357627869 -0.2800000011920929 0.09000000357627869 0.09000000357627869 0.6200000047683716 -0.7599999904632568 -0.7599999904632568 0.5099999904632568 -0.5099999904632568 -0.4699999988079071 0.3100000023841858 0.0 0.09000000357627869 0.0 0.09000000357627869 0.09000000357627869 -0.2800000011920929 0.09000000357627869 0.09000000357627869 0.6200000047683716 -0.7599999904632568 -0.7599999904632568 0.0 -0.5099999904632568 0.0 0.3100000023841858 0.0 0.09000000357627869 0.0 0.09000000357627869 0.09000000357627869 -0.2800000011920929 0.09000000357627869 0.09000000357627869 0.6200000047683716 -0.7599999904632568 -0.7599999904632568 0.5099999904632568 -0.5099999904632568 -0.4699999988079071 0.3100000023841858 0.0 0.09000000357627869 -0.2800000011920929 0.09000000357627869 0.09000000357627869 0.6200000047683716 0.0 -0.5099999904632568 -0.4699999988079071 0.3100000023841858 0.07000000029802322 0.09000000357627869 -0.4699999988079071 0.3100000023841858 0.05000000074505806 0.09000000357627869 -0.6600000262260437 0.4300000071525574
401 0.0 0.09000000357627869 0.5099999904632568 -0.5099999904632568 -0.4699999988079071 0.3100000023841858 0.0 0.09000000357627869 -0.18000000715255737 0.09000000357627869 0.09000000357627869 -0.18000000715255737 0.09000000357627869 0.09000000357627869 -0.18000000715255737 0.09000000357627869 0.09000000357627869 0.20999999344348907 0.05000000074505806 0.05000000074505806 -0.30000001192092896 0.33000001311302185 0.33000001311302185 0.33000001311302185 0.5099999904632568 -0.5099999904632568 0.0 0.3100000023841858 0.0 0.09000000357627869 -0.2800000011920929 0.09000000357627869 0.09000000357627869 0.6200000047683716 -0.7599999904632568 -0.7599999904632568 0.5099999904632568 -0.5099999904632568 -0.4699999988079071 0.3100000023841858 0.0 0.09000000357627869 0.0 0.09000000357627869 0.09000000357627869 -0.2800000011920929 0.09000000357627869 0.09000000357627869 0.6200000047683716 -0.7599999904632568 -0.7599999904632568 0.5099999904632568 -0.5099999904632568 0.0 0.3100000023841858 0.0 0.09000000357627869 0.0 0.09000000357627869 0.09000000357627869 -0.2800000011920929 0.09000000357627869 0.09000000357627869 0.6200000047683716 -0.7599999904632568 -0.7599999904632568 0.5099999904632568 -0.5099999904632568 -0.4699999988079071 0.3100000023841858 0.0 0.09000000357627869 -0.2800000011920929 0.09000000357627869 0.09000000357627869 0.6200000047683716 -0.7599999904632568 -0.7599999904632568 0.0 -0.5099999904632568 -0.4699999988079071 0.3100000023841858 0.07000000029802322 0.09000000357627869 -0.18000000715255737 0.09000000357627869 0.09000000357627869 0.0 0.09000000357627869 0.09000000357627869 0.5099999904632568 -0.5099999904632568 -0.4699999988079071 0.3100000023841858 0.0 0.09000000357627869 0.05000000074505806 0.09000000357627869 0.09000000357627869 -0.6600000262260437 0.4300000071525574 0.5099999904632568 -0.5099999904632568 -0.4699999988079071 0.09000000357627869 0.0 0.09000000357627869 -0.27000001072883606 0.09000000357627869 0.09000000357627869 -0.27000001072883606 0.09000000357627869 0.09000000357627869
402 0.0 0.09000000357627869 -0.18000000715255737 0.09000000357627869 0.09000000357627869 0.20999999344348907 0.05000000074505806 0.05000000074505806 0.5099999904632568 -0.5099999904632568 0.0 0.3100000023841858 0.0 0.09000000357627869 -0.2800000011920929 0.09000000357627869 0.09000000357627869 0.6200000047683716 -0.7599999904632568 0.5099999904632568 -0.5099999904632568 -0.4699999988079071 0.3100000023841858 0.0 0.09000000357627869 0.0 0.09000000357627869 0.09000000357627869 -0.2800000011920929 0.09000000357627869 0.09000000357627869 0.6200000047683716 -0.7599999904632568 -0.7599999904632568 0.5099999904632568 -0.5099999904632568 -0.4699999988079071 0.3100000023841858 0.0 0.09000000357627869 0.0 0.09000000357627869 0.09000000357627869 -0.2800000011920929 0.09000000357627869 0.09000000357627869 0.6200000047683716 -0.7599999904632568 -0.7599999904632568 0.0 -0.5099999904632568 -0.4699999988079071 0.3100000023841858 0.0 0.09000000357627869 -0.2800000011920929 0.09000000357627869 0.09000000357627869 0.6200000047683716 -0.7599999904632568 -0.7599999904632568 0.0 -0.5099999904632568 -0.4699999988079071 0.3100000023841858 0.07000000029802322 0.09000000357627869 -0.18000000715255737 0.09000000357627869 0.09000000357627869 0.0 0.09000000357627869 0.09000000357627869 -0.09000000357627869 -0.2199999988079071 0.09000000357627869 0.09000000357627869 0.09000000357627869 0.5099999904632568 -0.5099999904632568 -0.4699999988079071 0.3100000023841858 0.0 0.09000000357627869 0.05000000074505806 0.09000000357627869 0.09000000357627869 -0.6600000262260437 0.4300000071525574 0.5099999904632568 -0.5099999904632568 -0.4699999988079071 0.3100000023841858 0.0 0.09000000357627869 0.0 0.09000000357627869 0.0 0.09000000357627869 0.09000000357627869
403 0.5099999904632568 -0.5099999904632568 -0.4699999988079071 0.3100000023841858 0.0 0.09000000357627869 0.0 0.09000000357627869 0.09000000357627869 -0.2800000011920929 0.09000000357627869 0.09000000357627869 0.6200000047683716 -0.7599999904632568 0.5099999904632568 -0.5099999904632568 -0.4699999988079071 0.3100000023841858 0.0 0.09000000357627869 0.0 0.09000000357627869 0.09000000357627869 -0.2800000011920929 0.09000000357627869 0.09000000357627869 0.6200000047683716 -0.7599999904632568 -0.7599999904632568 0.0 -0.5099999904632568 0.0 0.3100000023841858 0.0 0.09000000357627869 0.0 0.09000000357627869 0.09000000357627869 -0.2800000011920929 0.09000000357627869 0.09000000357627869 0.6200000047683716 -0.7599999904632568 -0.7599999904632568 0.5099999904632568 -0.5099999904632568 -0.4699999988079071 0.3100000023841858 0.07000000029802322 0.09000000357627869 -0.18000000715255737 0.09000000357627869 0.09000000357627869 0.0 0.09000000357627869 0.09000000357627869 -0.09000000357627869 -0.2199999988079071 0.09000000357627869 0.09000000357627869 0.09000000357627869 0.5099999904632568 -0.5099999904632568 -0.4699999988079071 0.3100000023841858 0.0 0.09000000357627869 0.05000000074505806 0.09000000357627869 0.09000000357627869 -0.6600000262260437 0.4300000071525574 0.5099999904632568 -0.5099999904632568 -0.4699999988079071 0.3100000023841858 0.0 0.09000000357627869 0.0 0.09000000357627869 0.09000000357627869 0.0 0.09000000357627869 -0.27000001072883606 0.09000000357627869 0.09000000357627869 0.09000000357627869 -0.27000001072883606 0.09000000357627869 0.09000000357627869 0.5099999904632568 -0.5099999904632568 0.3100000023841858
404 0.0 0.09000000357627869 0.5099999904632568 -0.5099999904632568 -0.4699999988079071 0.3100000023841858 0.0 0.09000000357627869 0.0 0.09000000357627869 0.09000000357627869 -0.2800000011920929 0.09000000357627869 0.09000000357627869 0.6200000047683716 -0.7599999904632568 -0.7599999904632568 0.0 -0.5099999904632568 0.0 0.3100000023841858 0.0 0.09000000357627869 0.0 0.09000000357627869 0.09000000357627869 -0.2800000011920929 0.09000000357627869 0.09000000357627869 0.6200000047683716 -0.7599999904632568 -0.7599999904632568 0.5099999904632568 -0.5099999904632568 -0.4699999988079071 0.3100000023841858 0.0 0.09000000357627869 -0.2800000011920929 0.09000000357627869 0.09000000357627869 0.6200000047683716 -0.7599999904632568 -0.7599999904632568 0.0 -0.5099999904632568 -0.4699999988079071 0.3100000023841858 0.0 0.09000000357627869 0.05000000074505806 0.09000000357627869 0.09000000357627869 -0.6600000262260437 0.4300000071525574 0.5099999904632568 -0.5099999904632568 -0.4699999988079071 0.3100000023841858 0.0 0.09000000357627869 0.0 0.09000000357627869 0.09000000357627869 0.0 0.09000000357627869 -0.27000001072883606 0.09000000357627869 0.09000000357627869 0.09000000357627869 -0.27000001072883606 0.09000000357627869 0.09000000357627869 0.09000000357627869 0.5099999904632568 -0.5099999904632568 -0.4699999988079071 0.3100000023841858 0.0 0.09000000357627869 -0.2800000011920929 0.09000000357627869 0.09000000357627869 0.6200000047683716 -0.7599999904632568 -0.7599999904632568 0.3400000035762787 -0.6700000166893005 -0.6700000166893005
405 -0.5099999904632568 0.5099999904632568 -0.5099999904632568 -0.4699999988079071 0.3100000023841858 0.0 0.09000000357627869 0.0 0.09000000357627869 0.09000000357627869 -0.2800000011920929 0.09000000357627869 0.09000000357627869 0.6200000047683716 -0.7599999904632568 -0.7599999904632568 0.0 -0.5099999904632568 0.0 0.3100000023841858 0.0 0.09000000357627869 0.0 0.09000000357627869 0.09000000357627869 -0.2800000011920929 0.09000000357627869 0.09000000357627869 0.6200000047683716 -0.7599999904632568 0.5099999904632568 -0.5099999904632568 -0.4699999988079071 0.3100000023841858 0.0 0.09000000357627869 -0.2800000011920929 0.09000000357627869 0.09000000357627869 0.6200000047683716 -0.7599999904632568 -0.7599999904632568 0.0 -0.5099999904632568 -0.4699999988079071 0.3100000023841858 0.07000000029802322 0.09000000357627869 -0.18000000715255737 0.09000000357627869 0.09000000357627869 0.0 0.09000000357627869 0.09000000357627869 -0.09000000357627869 -0.2199999988079071 0.09000000357627869 0.09000000357627869 0.09000000357627869 0.5099999904632568 -0.5099999904632568 -0.4699999988079071 0.3100000023841858 0.0 0.09000000357627869 0.0 0.09000000357627869 0.09000000357627869 0.0 0.09000000357627869 -0.27000001072883606 0.09000000357627869 0.09000000357627869 0.09000000357627869 -0.27000001072883606 0.09000000357627869 0.09000000357627869 0.09000000357627869 0.5099999904632568 -0.5099999904632568 -0.4699999988079071 0.3100000023841858 0.0 0.09000000357627869 -0.2800000011920929 0.09000000357627869 0.09000000357627869 0.6200000047683716 -0.7599999904632568 -0.7599999904632568 0.3400000035762787 -0.6700000166893005 -0.6700000166893005
406 0.0 0.09000000357627869 0.0 0.09000000357627869 -0.2800000011920929 0.09000000357627869 0.09000000357627869 0.6200000047683716 -0.7599999904632568 0.5099999904632568 -0.5099999904632568 -0.4699999988079071 0.3100000023841858 0.0 0.09000000357627869 -0.2800000011920929 0.09000000357627869 0.09000000357627869 0.6200000047683716 -0.7599999904632568 -0.7599999904632568 0.0 -0.5099999904632568 -0.4699999988079071 0.3100000023841858 0.07000000029802322 0.09000000357627869 -0.18000000715255737 0.09000000357627869 0.09000000357627869 0.0 0.09000000357627869 0.09000000357627869 -0.09000000357627869 -0.2199999988079071 0.09000000357627869 0.09000000357627869 0.09000000357627869 0.5099999904632568 -0.5099999904632568 -0.4699999988079071 0.3100000023841858 0.0 0.09000000357627869 0.05000000074505806 0.09000000357627869 0.09000000357627869 -0.6600000262260437 0.4300000071525574 0.5099999904632568 -0.5099999904632568 -0.4699999988079071 0.3100000023841858 0.0 0.09000000357627869 -0.2800000011920929 0.09000000357627869 0.09000000357627869 0.6200000047683716 -0.7599999904632568 -0.7599999904632568 0.3400000035762787 -0.6700000166893005 -0.6700000166893005
407 0.0 -0.4699999988079071 0.3100000023841858 0.07000000029802322 0.09000000357627869 -0.18000000715255737 0.09000000357627869 0.09000000357627869 0.0 0.09000000357627869 0.09000000357627869 0.5099999904632568 -0.5099999904632568 -0.4699999988079071 0.3100000023841858 0.0 0.09000000357627869 0.05000000074505806 0.09000000357627869 0.09000000357627869 -0.6600000262260437 0.4300000071525574 0.5099999904632568 -0.5099999904632568 -0.4699999988079071 0.3100000023841858 0.0 0.09000000357627869 0.0 0.09000000357627869 0.09000000357627869 0.0 0.09000000357627869 -0.27000001072883606 0.09000000357627869 0.09000000357627869 0.09000000357627869 -0.27000001072883606 0.09000000357627869 0.09000000357627869 0.09000000357627869 0.5099999904632568 -0.5099999904632568
41 0.0 0.0 0.0 0.0 0.0 0.0 0.0 0.0 0.0 0.0 0.0 0.0 0.0 0.0 0.0 0.0 0.0 0.0 0.0 0.0 0.0 0.0 0.09000000357627869 0.0 0.0 0.0 0.09000000357627869 0.0 0.09000000357627869 0.09000000357627869 0.20999999344348907 0.05000000074505806 0.05000000074505806 -0.30000001192092896 0.33000001311302185 0.0 0.33000001311302185 0.0 0.0 0.0 0.0 0.0 0.0 0.0 0.0 0.0 0.0 0.0 0.0 -0.09000000357627869 -0.2199999988079071 0.09000000357627869 0.09000000357627869 0.0 0.0 -0.5099999904632568 0.0 0.3100000023841858 0.0 0.09000000357627869 0.05000000074505806 0.09000000357627869 0.09000000357627869 -0.6600000262260437 0.4300000071525574 0.0 0.0 -0.4699999988079071 0.3100000023841858 0.0 0.0 0.09000000357627869 0.0 -0.5099999904632568 0.0 0.0 0.0 0.09000000357627869 0.0 0.09000000357627869 0.0 -0.18000000715255737 0.09000000357627869 0.09000000357627869 0.20999999344348907 0.05000000074505806 0.05000000074505806 -0.30000001192092896 0.33000001311302185 0.33000001311302185 0.33000001311302185 0.09000000357627869 0.0 0.0 0.0 0.0 0.0 0.0 0.09000000357627869 0.0 0.09000000357627869 0.0 0.09000000357627869 -0.27000001072883606 0.09000000357627869 0.0 0.0 -0.5099999904632568 0.0 0.0 0.0 0.09000000357627869 0.0 0.09000000357627869 -0.6600000262260437 0.4300000071525574 -0.27000001072883606 0.09000000357627869 0.09000000357627869 0.09000000357627869 0.0 -0.5099999904632568 0.0 0.0 0.09000000357627869 0.09000000357627869 0.0 0.0 -0.18000000715255737 0.09000000357627869 0.09000000357627869 -0.18000000715255737 0.09000000357627869 0.09000000357627869 0.5099999904632568 -0.5099999904632568 0.0 0.3100000023841858 0.0 0.09000000357627869 -0.18000000715255737 0.09000000357627869 0.09000000357627869 0.0 0.09000000357627869 0.09000000357627869 -0.18000000715255737 0.09000000357627869 0.09000000357627869 0.20999999344348907 0.05000000074505806 0.05000000074505806 -0.30000001192092896 0.33000001311302185 0.33000001311302185 0.33000001311302185 0.5099999904632568 -0.5099999904632568 0.0 0.0 0.0 0.09000000357627869 0.0 0.0 0.0 -0.18000000715255737 0.09000000357627869 0.09000000357627869 0.20000000298023224 0.09000000357627869 0.09000000357627869 -0.699999988079071 0.4399999976158142 0.6399999856948853 -0.800000011920929 0.46000000834465027 0.46000000834465027 -0.800000011920929 0.46000000834465027 0.46000000834465027 0.5099999904632568 0.0 0.0 0.3100000023841858 0.0 0.0 0.0 0.09000000357627869 0.0 -0.18000000715255737 0.09000000357627869 0.09000000357627869 -0.18000000715255737 0.09000000357627869 0.20999999344348907 0.05000000074505806 0.05000000074505806 0.0 0.0 0.0 0.0 0.0 0.0 0.0 0.0 0.0 0.0 0.0 0.0 0.09000000357627869 0.0 0.0 0.0 0.0 -0.18000000715255737 0.09000000357627869 0.0 0.0 0.0 0.0 0.0 0.0 0.0 0.0 0.0 0.0 0.0 0.0 0.0 0.0 0.0 0.0 0.0 0.0 0.0 0.0 0.0 0.0 0.0 0.0 0.0 0.0 0.0 0.0 0.0 0.0 0.0 0.0 0.0 -0.7599999904632568 0.0 0.0 0.0 0.09000000357627869 0.0 0.0 0.0 0.0 0.0 0.0 0.09000000357627869 -0.6600000262260437 0.4300000071525574 -0.27000001072883606 0.09000000357627869 0.09000000357627869 0.0 0.09000000357627869 0.0 0.4300000071525574 0.0 0.0 0.0 0.0 0.09000000357627869 0.0 0.0 0.09000000357627869 0.0 0.09000000357627869 0.0 0.6200000047683716 -0.7599999904632568 -0.7599999904632568 0.5099999904632568 -0.5099999904632568 0.0 0.0 0.09000000357627869 0.6200000047683716 -0.7599999904632568 -0.7599999904632568 0.0 0.0 0.09000000357627869 0.0 -0.27000001072883606 0.09000000357627869 0.09000000357627869 0.09000000357627869 0.09000000357627869 0.09000000357627869 0.09000000357627869 0.0 0.0 0.3100000023841858 0.0 0.0 0.0 0.0 0.0 0.0 -0.11999999731779099 0.0 0.0 0.11999999731779099 0.0 -0.5099999904632568 0.0 0.0 0.0 0.0 -0.18000000715255737 0.0 0.09000000357627869 0.0 0.0 0.0 -0.11999999731779099 0.11999999731779099 -0.11999999731779099 0.11999999731779099 0.0 0.5099999904632568 0.0 0.0 0.0 0.0 0.0 -0.18000000715255737 0.09000000357627869 0.0 -0.029999999329447746 0.0 0.0 0.0 0.0 0.23999999463558197 0.10999999940395355 -0.25 0.17000000178813934 -0.20000000298023224 0.14000000059604645 -0.27000001072883606 0.0 -0.14000000059604645 0.14000000059604645 0.5099999904632568 0.0 0.0 0.0 0.0 0.0 0.0 -0.5099999904632568 0.0 0.0 0.0 0.09000000357627869 0.0 0.0 0.09000000357627869 0.0 0.09000000357627869 0.0 0.550000011920929 -0.550000011920929 -0.6200000047683716 0.0 0.0
42 0.0 0.0 0.0 0.0 0.0 0.0 0.0 0.0 0.0 0.0 0.0 0.0 0.0 0.0 0.0 0.0 0.0 0.09000000357627869 0.0 0.0 0.0 0.09000000357627869 0.0 0.09000000357627869 0.09000000357627869 0.20999999344348907 0.05000000074505806 0.05000000074505806 0.0 0.0 0.0 0.0 0.0 0.0 0.0 0.0 0.0 0.0 0.0 0.0 -0.09000000357627869 -0.2199999988079071 0.09000000357627869 0.09000000357627869 0.0 0.0 -0.5099999904632568 0.0 0.3100000023841858 0.0 0.09000000357627869 0.05000000074505806 0.09000000357627869 0.09000000357627869 -0.6600000262260437 0.4300000071525574 0.0 0.0 0.0 -0.18000000715255737 0.09000000357627869 0.20999999344348907 0.05000000074505806 0.05000000074505806 -0.30000001192092896 0.33000001311302185 0.33000001311302185 0.33000001311302185 0.09000000357627869 0.09000000357627869 0.0 0.0 -0.5099999904632568 0.0 0.0 0.0 0.09000000357627869 0.0 0.09000000357627869 -0.6600000262260437 0.4300000071525574 -0.27000001072883606 0.09000000357627869 0.09000000357627869 0.09000000357627869 0.0 -0.5099999904632568 0.0 0.0 0.09000000357627869 0.09000000357627869 0.0 0.0 -0.18000000715255737 0.09000000357627869 0.09000000357627869 -0.18000000715255737 0.09000000357627869 0.09000000357627869 0.5099999904632568 -0.5099999904632568 -0.4699999988079071 0.0 0.0 0.09000000357627869 0.0 0.09000000357627869 0.09000000357627869 0.6200000047683716 -0.7599999904632568 -0.7599999904632568 0.0 0.0 0.0 0.0 0.0 0.09000000357627869 0.0 0.0 0.0 -0.18000000715255737 0.09000000357627869 0.09000000357627869 0.20000000298023224 0.09000000357627869 0.09000000357627869 -0.699999988079071 0.4399999976158142 0.6399999856948853 -0.800000011920929 0.46000000834465027 0.46000000834465027 -0.800000011920929 0.46000000834465027 0.46000000834465027 0.5099999904632568 0.0 0.0 0.3100000023841858 0.0 0.0 0.0 0.09000000357627869 0.0 -0.18000000715255737 0.09000000357627869 0.09000000357627869 -0.18000000715255737 0.09000000357627869 0.09000000357627869 0.20999999344348907 0.05000000074505806 0.05000000074505806 -0.30000001192092896 0.33000001311302185 0.33000001311302185 0.33000001311302185 0.0 0.0 0.0 0.0 0.0 0.0 0.0 0.0 0.0 0.0 0.0 0.0 0.0 0.0 0.0 0.0 0.0 0.0 0.0 0.0 0.0 0.0 0.0 0.0 0.0 0.0 -0.7599999904632568 0.0 0.0 0.0 0.0 0.0 0.09000000357627869 0.09000000357627869 0.0 0.0 0.0 0.0 -0.800000011920929 0.46000000834465027 0.0 0.5099999904632568 0.0 0.0 0.0 0.09000000357627869 0.0 0.09000000357627869 -0.6600000262260437 0.4300000071525574 -0.27000001072883606 0.09000000357627869 0.09000000357627869 0.09000000357627869 -0.7599999904632568 0.0 0.0 0.0 0.0 -0.18000000715255737 0.09000000357627869 0.0 -0.029999999329447746 0.0 0.0 0.0 0.0 0.23999999463558197 0.10999999940395355 -0.25 0.17000000178813934 -0.20000000298023224 0.14000000059604645 -0.27000001072883606 0.0 -0.14000000059604645 0.14000000059604645 0.5099999904632568 0.0 -0.5099999904632568 0.0 0.0 0.09000000357627869 0.0 0.0 0.09000000357627869 0.0 0.09000000357627869 0.0 0.550000011920929 -0.550000011920929 -0.6200000047683716 0.0 0.0 -0.6600000262260437 0.4300000071525574 -0.27000001072883606 0.09000000357627869 0.09000000357627869
43 0.0 0.0 0.0 0.0 0.0 0.0 0.0 0.0 0.09000000357627869 0.0 0.0 0.0 0.0 0.0 0.0 0.0 0.0 0.0 0.0 0.0 0.0 0.0 0.0 0.0 0.0 0.0 0.0 0.0 0.0 0.0 0.0 0.0 0.0 0.09000000357627869 0.0 0.0 0.0 0.09000000357627869 0.0 0.09000000357627869 0.09000000357627869 0.20999999344348907 0.05000000074505806 0.05000000074505806 -0.30000001192092896 0.33000001311302185 0.0 0.33000001311302185 0.0 0.0 0.0 0.0 0.0 0.0 0.0 0.0 0.0 0.0 0.0 0.09000000357627869 0.0 -0.5099999904632568 0.0 0.3100000023841858 0.0 0.09000000357627869 0.05000000074505806 0.09000000357627869 0.09000000357627869 -0.6600000262260437 0.4300000071525574 0.0 0.0 0.0 0.09000000357627869 0.0 -0.18000000715255737 0.09000000357627869 0.20999999344348907 0.05000000074505806 0.05000000074505806 -0.30000001192092896 0.33000001311302185 0.33000001311302185 0.33000001311302185 0.0 0.0 0.09000000357627869 -0.27000001072883606 0.09000000357627869 0.09000000357627869 0.09000000357627869 0.0 -0.5099999904632568 0.0 0.0 0.09000000357627869 0.09000000357627869 0.0 0.0 -0.18000000715255737 0.09000000357627869 0.09000000357627869 -0.18000000715255737 0.09000000357627869 0.09000000357627869 0.5099999904632568 -0.5099999904632568 -0.4699999988079071 0.0 0.0 0.09000000357627869 0.0 0.09000000357627869 0.09000000357627869 0.6200000047683716 -0.7599999904632568 -0.7599999904632568 0.0 0.0 0.0 0.3100000023841858 0.0 0.09000000357627869 -0.18000000715255737 0.09000000357627869 0.09000000357627869 0.0 0.09000000357627869 0.09000000357627869 -0.18000000715255737 0.09000000357627869 0.09000000357627869 0.20999999344348907 0.05000000074505806 0.05000000074505806 -0.30000001192092896 0.33000001311302185 0.33000001311302185 0.33000001311302185 0.5099999904632568 -0.5099999904632568 0.0 0.3100000023841858 0.0 0.0 0.0 0.09000000357627869 0.0 -0.18000000715255737 0.09000000357627869 0.09000000357627869 -0.18000000715255737 0.09000000357627869 0.09000000357627869 0.20999999344348907 0.05000000074505806 0.05000000074505806 -0.30000001192092896 0.33000001311302185 0.33000001311302185 0.33000001311302185 0.0 0.0 0.0 0.0 0.0 0.0 0.0 0.0 0.0 0.0 0.0 0.0 0.0 0.0 0.0 0.09000000357627869 0.0 0.0 0.0 0.0 0.0 0.0 0.0 0.0 0.0 0.0 0.0 -0.18000000715255737 0.09000000357627869 0.0 0.0 0.0 0.0 0.0 0.0 0.0 0.0 0.0 0.0 0.0 0.0 0.0 0.0 0.0 0.0 0.0 0.0 0.0 0.0 0.0 0.0 0.0 0.0 0.0 0.0 0.0 0.0 0.0 0.0 0.0 0.0 0.0 0.0 0.0 0.0 0.0 0.0 0.0 0.0 -0.7599999904632568 0.0 0.0 0.0 0.0 0.0 0.09000000357627869 0.0 0.09000000357627869 0.09000000357627869 0.0 0.09000000357627869 0.0 0.0 0.0 0.0 -0.699999988079071 0.4399999976158142 0.6399999856948853 -0.800000011920929 0.46000000834465027 0.0 -0.800000011920929 0.46000000834465027 0.46000000834465027 0.5099999904632568 -0.5099999904632568 0.0 0.0 0.0 0.09000000357627869 0.0 0.09000000357627869 -0.6600000262260437 0.4300000071525574 -0.27000001072883606 0.09000000357627869 0.09000000357627869 0.09000000357627869 0.5099999904632568 -0.5099999904632568 0.0 0.0 0.07000000029802322 0.09000000357627869 0.05000000074505806 0.09000000357627869 0.09000000357627869 0.0 0.4300000071525574 0.5099999904632568 -0.5099999904632568 -0.4699999988079071 0.0 -0.019999999552965164 0.09000000357627869 0.09000000357627869 0.5099999904632568 -0.5099999904632568 0.0 0.0 0.0 0.09000000357627869 0.0 0.09000000357627869 -0.6600000262260437 0.4300000071525574 -0.27000001072883606 0.09000000357627869 0.09000000357627869 0.09000000357627869 0.0 0.0 0.0 0.3100000023841858 0.0 0.0 0.0 0.09000000357627869 0.0 -0.5099999904632568 0.0 0.0 0.0 0.09000000357627869 0.0 0.0 0.09000000357627869 0.0 0.09000000357627869 0.0 0.6200000047683716 -0.7599999904632568 -0.7599999904632568 0.5099999904632568 -0.5099999904632568 0.0 0.0 0.0 0.09000000357627869 -0.2800000011920929 0.09000000357627869 0.09000000357627869 0.6200000047683716 -0.7599999904632568 -0.7599999904632568 0.0 0.0 0.09000000357627869 0.0 0.0 0.11999999731779099 0.5099999904632568 0.0 0.0 0.0 0.0 -0.18000000715255737 0.09000000357627869 0.0 -0.029999999329447746 0.0 0.0 0.0 0.0 0.23999999463558197 0.10999999940395355 -0.25 0.17000000178813934 -0.20000000298023224 0.14000000059604645 -0.27000001072883606 0.0 -0.14000000059604645 0.14000000059604645 0.5099999904632568 0.0 0.0 0.0 0.0 0.0 -0.5099999904632568 0.0 0.0 0.0 0.09000000357627869 0.0 0.0 0.09000000357627869 0.0 0.09000000357627869 0.0 0.550000011920929 -0.550000011920929 -0.6200000047683716 0.0 0.0 0.5099999904632568 -0.5099999904632568
44 0.0 0.0 0.0 0.0 0.0 0.0 0.0 0.0 0.0 0.0 0.0 0.09000000357627869 0.0 0.0 0.09000000357627869 -0.699999988079071 0.4399999976158142 0.6399999856948853 -0.800000011920929 0.46000000834465027 0.46000000834465027 -0.800000011920929 0.46000000834465027 0.46000000834465027 0.0 0.0 0.0 0.0 0.0 0.0 0.0 0.0 0.0 0.0 0.0 0.0 0.0 0.0 0.0 0.0 0.0 0.0 0.0 0.0 0.0 0.0 0.0 0.0 0.09000000357627869 0.0 0.0 0.0 0.09000000357627869 0.0 0.09000000357627869 0.09000000357627869 0.0 0.0 0.09000000357627869 0.5099999904632568 -0.5099999904632568 -0.4699999988079071 0.0 0.0 0.09000000357627869 0.0 0.09000000357627869 0.09000000357627869 0.6200000047683716 -0.7599999904632568 -0.7599999904632568 0.0 0.0 0.0 0.3100000023841858 0.0 0.09000000357627869 -0.18000000715255737 0.09000000357627869 0.09000000357627869 0.0 0.09000000357627869 0.09000000357627869 -0.18000000715255737 0.09000000357627869 0.09000000357627869 0.5099999904632568 -0.5099999904632568 0.0 0.0 0.0 0.09000000357627869 0.0 0.0 0.0 -0.18000000715255737 0.09000000357627869 0.09000000357627869 0.20000000298023224 0.09000000357627869 0.09000000357627869 -0.699999988079071 0.4399999976158142 0.6399999856948853 -0.800000011920929 0.46000000834465027 0.46000000834465027 -0.800000011920929 0.46000000834465027 0.46000000834465027 0.5099999904632568 0.0 0.0 0.0 0.0 0.0 0.0 0.0 0.0 0.0 0.0 0.0 0.0 0.0 0.0 0.09000000357627869 0.0 0.0 -0.27000001072883606 0.09000000357627869 0.0 0.09000000357627869 -0.27000001072883606 0.09000000357627869 0.09000000357627869 0.09000000357627869 0.0 0.0 0.0 0.0 0.0 0.0 0.0 0.0 0.0 0.09000000357627869 0.0 0.0 0.0 0.0 0.0 0.0 0.0 -0.18000000715255737 0.09000000357627869 0.0 0.0 0.0 0.0 0.0 0.0 0.0 0.0 0.0 0.0 0.0 0.0 0.0 0.0 0.0 0.0 0.0 0.0 0.0 0.0 0.0 0.0 0.0 0.0 0.0 0.0 0.0 0.0 -0.18000000715255737 0.09000000357627869 0.09000000357627869 0.0 0.05000000074505806 0.0 -0.30000001192092896 0.33000001311302185 0.33000001311302185 0.0 0.0 0.0 0.0 0.0 0.0 0.0 0.0 0.0 0.0 0.0 -0.7599999904632568 0.0 0.0 0.0 0.0 0.0 0.09000000357627869 0.0 0.09000000357627869 0.09000000357627869 0.0 0.09000000357627869 0.0 0.0 0.0 0.0 -0.699999988079071 0.4399999976158142 0.6399999856948853 -0.800000011920929 0.46000000834465027 0.0 -0.800000011920929 0.46000000834465027 0.46000000834465027 0.5099999904632568 -0.5099999904632568 0.0 0.0 0.0 0.09000000357627869 0.0 0.09000000357627869 -0.6600000262260437 0.4300000071525574 -0.27000001072883606 0.09000000357627869 0.09000000357627869 0.09000000357627869 0.5099999904632568 -0.5099999904632568 0.0 0.0 0.07000000029802322 0.09000000357627869 0.05000000074505806 0.09000000357627869 0.09000000357627869 0.0 0.4300000071525574 0.5099999904632568 -0.5099999904632568 -0.4699999988079071 0.0 -0.019999999552965164 0.09000000357627869 0.09000000357627869 0.5099999904632568 -0.5099999904632568 0.0 0.0 0.0 0.0 0.09000000357627869 0.0 0.0 0.0 0.0 0.0 0.0 0.0 0.0 0.0 0.0 0.09000000357627869 0.0 0.6200000047683716 -0.7599999904632568 -0.7599999904632568 0.0 0.11999999731779099 0.0 0.0 0.0 -0.18000000715255737 0.09000000357627869 -0.029999999329447746 0.0 0.0 0.0 0.0 0.23999999463558197 0.10999999940395355 -0.25 0.17000000178813934 -0.20000000298023224 0.14000000059604645 -0.27000001072883606 0.0 -0.14000000059604645 0.14000000059604645 0.5099999904632568 0.0 0.0 0.0 0.0 0.0 -0.5099999904632568 0.0 0.0 0.0 0.09000000357627869 0.0 0.0 0.09000000357627869 0.0 0.09000000357627869 0.0 0.550000011920929 -0.550000011920929 -0.6200000047683716 0.0 0.0 0.5099999904632568 -0.5099999904632568 0.0 0.0 0.0 0.0 0.0 0.6200000047683716 -0.7599999904632568 0.0 -0.5099999904632568 -0.28999999165534973 0.0 0.09000000357627869 0.09000000357627869 -0.18000000715255737 0.09000000357627869 0.09000000357627869
45 0.0 0.0 0.0 0.0 0.0 -0.2800000011920929 0.09000000357627869 -0.7599999904632568 0.0 -0.5099999904632568 0.0 0.0 0.0 0.09000000357627869 0.0 0.0 0.0 0.0 0.0 0.0 -0.11999999731779099 0.0 0.0 0.11999999731779099 0.0 0.0 0.0 0.0 0.0 0.0 0.0 0.0 0.0 0.0 0.0 0.0 0.0 0.0 0.0 0.09000000357627869 0.0 0.0 0.09000000357627869 -0.699999988079071 0.4399999976158142 0.6399999856948853 -0.800000011920929 0.46000000834465027 0.46000000834465027 -0.800000011920929 0.46000000834465027 0.46000000834465027 0.0 0.0 0.0 0.0 0.0 0.0 0.0 0.0 0.0 0.0 0.0 0.0 0.0 0.0 0.0 0.0 0.0 0.0 0.0 0.0 0.0 0.0 0.0 0.0 0.09000000357627869 0.0 0.0 0.0 0.09000000357627869 0.0 0.09000000357627869 0.09000000357627869 0.20999999344348907 0.05000000074505806 0.05000000074505806 -0.30000001192092896 0.33000001311302185 0.0 0.33000001311302185 0.0 0.0 0.0 0.0 0.0 0.0 0.0 0.0 0.09000000357627869 0.5099999904632568 -0.4699999988079071 0.0 0.0 0.09000000357627869 0.0 0.09000000357627869 0.09000000357627869 0.6200000047683716 -0.7599999904632568 -0.7599999904632568 0.0 0.0 0.0 0.3100000023841858 0.0 0.09000000357627869 -0.18000000715255737 0.09000000357627869 0.09000000357627869 0.0 0.09000000357627869 0.5099999904632568 -0.5099999904632568 0.0 0.0 0.0 0.09000000357627869 0.0 0.0 0.0 -0.18000000715255737 0.09000000357627869 0.09000000357627869 0.20000000298023224 0.09000000357627869 0.09000000357627869 -0.699999988079071 0.4399999976158142 0.6399999856948853 -0.800000011920929 0.46000000834465027 0.46000000834465027 -0.800000011920929 0.46000000834465027 0.46000000834465027 0.5099999904632568 0.0 0.0 0.3100000023841858 0.0 0.0 0.0 0.09000000357627869 0.0 -0.18000000715255737 0.09000000357627869 0.09000000357627869 -0.18000000715255737 0.09000000357627869 0.09000000357627869 0.20999999344348907 0.05000000074505806 0.05000000074505806 -0.30000001192092896 0.33000001311302185 0.33000001311302185 0.33000001311302185 0.0 0.0 0.0 0.0 0.0 0.0 0.0 0.0 0.09000000357627869 0.0 0.0 -0.27000001072883606 0.09000000357627869 0.0 0.09000000357627869 -0.27000001072883606 0.09000000357627869 0.09000000357627869 0.09000000357627869 0.0 0.0 0.0 0.0 0.0 0.0 0.0 0.0 0.0 0.0 0.0 0.0 0.0 0.09000000357627869 0.0 0.0 0.0 0.0 0.0 0.0 0.0 0.09000000357627869 0.0 0.0 0.0 0.0 0.0 0.0 0.0 0.0 0.10999999940395355 0.0 0.0 0.0 0.11999999731779099 0.0 0.0 0.0 0.0 0.0 0.0 0.0 0.0 0.0 0.0 0.0 -0.18000000715255737 0.09000000357627869 0.0 0.0 0.0 0.0 0.0 0.0 0.0 0.0 0.0 0.0 0.0 0.0 0.0 0.0 0.0 0.0 0.0 0.0 0.0 0.0 0.0 0.0 0.0 0.0 0.0 0.0 0.0 0.0 -0.18000000715255737 0.09000000357627869 0.09000000357627869 0.0 0.05000000074505806 0.0 -0.30000001192092896 0.33000001311302185 0.33000001311302185 0.33000001311302185 0.0 0.0 0.0 0.0 0.0 0.0 0.0 0.0 0.0 0.0 0.0 -0.7599999904632568 0.0 0.0 0.0 0.0 0.0 0.09000000357627869 0.0 0.09000000357627869 0.09000000357627869 0.0 0.09000000357627869 0.0 0.0 0.0 0.0 -0.699999988079071 0.4399999976158142 0.6399999856948853 -0.800000011920929 0.46000000834465027 0.0 -0.800000011920929 0.46000000834465027 0.46000000834465027 0.5099999904632568 -0.5099999904632568 0.0 0.0 0.0 0.09000000357627869 0.0 0.09000000357627869 -0.6600000262260437 0.4300000071525574 -0.27000001072883606 0.09000000357627869 0.09000000357627869 0.09000000357627869 0.5099999904632568 -0.5099999904632568 0.0 0.0 0.07000000029802322 0.09000000357627869 0.05000000074505806 0.09000000357627869 0.09000000357627869 0.0 0.4300000071525574 0.5099999904632568 -0.4699999988079071 0.0 -0.019999999552965164 0.09000000357627869 0.09000000357627869 0.5099999904632568 -0.5099999904632568 0.0 0.0 0.0 0.09000000357627869 0.0 0.09000000357627869 0.0 0.0 0.0 0.3100000023841858 0.0 0.0 0.0 -0.27000001072883606 0.0 -0.27000001072883606 0.0 0.09000000357627869 0.0 0.0 0.0 0.0 0.09000000357627869 0.0 0.0 0.09000000357627869 0.0 0.09000000357627869 0.0 0.6200000047683716 -0.7599999904632568 -0.7599999904632568 0.5099999904632568 0.0 0.0 -0.2800000011920929 0.09000000357627869 0.6200000047683716 -0.7599999904632568 0.0 0.0 -0.5099999904632568 0.0 0.0 0.0 -0.18000000715255737 0.0 0.09000000357627869 0.0 0.0 0.0 -0.11999999731779099 0.11999999731779099 -0.11999999731779099 0.11999999731779099 0.0 0.0 0.5099999904632568 0.0 0.0 0.0 0.0 0.0 -0.18000000715255737 0.09000000357627869 0.0 -0.029999999329447746 0.0 0.0 0.0 0.0 0.23999999463558197 0.10999999940395355 -0.25 0.17000000178813934 -0.20000000298023224 0.14000000059604645 -0.27000001072883606 0.0 -0.14000000059604645 0.14000000059604645 0.5099999904632568 0.0 0.0 0.0 0.0 0.0 0.0 0.09000000357627869 0.0 -0.09000000357627869 0.0 -0.5099999904632568 0.0 0.0 0.0 0.09000000357627869 0.0 0.0 0.09000000357627869 0.0 0.09000000357627869 0.0 0.550000011920929 -0.550000011920929 -0.6200000047683716 0.0 0.0 0.5099999904632568 -0.5099999904632568 0.0 0.0 0.0 0.0 0.0 0.09000000357627869 0.09000000357627869 0.0 0.0 0.09000000357627869 0.6200000047683716 -0.7599999904632568 -0.7599999904632568 0.0 0.09000000357627869
46 0.09000000357627869 0.09000000357627869 0.0 0.3100000023841858 0.0 -0.18000000715255737 0.09000000357627869 0.0 0.09000000357627869 0.09000000357627869 -0.18000000715255737 0.09000000357627869 0.09000000357627869 0.20999999344348907 0.05000000074505806 0.05000000074505806 -0.30000001192092896 0.33000001311302185 0.33000001311302185 0.33000001311302185 0.0 -0.5099999904632568 0.0 0.3100000023841858 0.0 0.0 0.0 0.09000000357627869 0.0 0.0 0.0 0.0 0.0 0.11999999731779099 0.0 -0.5400000214576721 0.4300000071525574 -0.11999999731779099 0.11999999731779099 0.0 0.11999999731779099 0.0 -0.5099999904632568 0.0 0.0 0.0 0.0 0.0 0.09000000357627869 0.0 0.0 0.0 0.0 0.09000000357627869 0.09000000357627869 0.5099999904632568 0.0 0.0 0.3100000023841858 0.0 0.0 0.0 0.0 0.0 -0.2800000011920929 0.09000000357627869 0.09000000357627869 0.6200000047683716 -0.7599999904632568 -0.7599999904632568 0.0 -0.5099999904632568 0.0 0.0 0.0 0.09000000357627869 0.0 0.0 0.0 0.0 0.0 0.0 -0.11999999731779099 0.0 0.0 0.11999999731779099 0.0 0.0 0.0 0.0 0.0 0.0 0.0 0.0 0.0 0.0 0.0 0.0 0.0 0.0 0.0 0.09000000357627869 0.0 0.0 0.09000000357627869 -0.699999988079071 0.4399999976158142 0.6399999856948853 -0.800000011920929 0.46000000834465027 0.46000000834465027 -0.800000011920929 0.46000000834465027 0.46000000834465027 0.0 0.0 0.0 0.0 0.0 0.0 0.0 0.0 0.0 0.0 0.0 0.0 0.0 0.0 0.0 0.0 0.0 0.0 0.0 0.0 0.0 0.0 0.0 0.0 0.09000000357627869 0.0 0.0 0.0 0.09000000357627869 0.0 0.09000000357627869 0.09000000357627869 0.20999999344348907 0.05000000074505806 -0.30000001192092896 0.0 0.33000001311302185 0.0 0.0 0.0 0.09000000357627869 0.6200000047683716 -0.7599999904632568 -0.7599999904632568 0.0 0.0 0.0 0.0 0.09000000357627869 0.0 0.0 0.0 -0.18000000715255737 0.09000000357627869 0.20000000298023224 0.09000000357627869 -0.699999988079071 0.4399999976158142 0.6399999856948853 -0.800000011920929 0.46000000834465027 0.46000000834465027 -0.800000011920929 0.46000000834465027 0.46000000834465027 0.5099999904632568 0.0 0.0 0.3100000023841858 0.0 0.0 0.0 0.09000000357627869 0.0 -0.18000000715255737 0.09000000357627869 0.09000000357627869 -0.18000000715255737 0.09000000357627869 0.09000000357627869 0.0 0.0 0.0 0.0 0.0 0.0 0.0 0.0 0.0 0.0 0.0 0.0 0.0 0.0 0.0 0.0 0.0 0.0 0.0 0.0 0.09000000357627869 0.0 0.0 0.0 0.0 0.0 0.0 0.0 0.09000000357627869 0.0 0.0 0.0 0.0 0.0 0.0 0.0 0.0 0.10999999940395355 -0.5400000214576721 0.4300000071525574 0.0 0.0 0.0 0.11999999731779099 0.0 0.0 0.0 0.0 0.0 0.0 0.0 0.0 0.0 0.0 0.09000000357627869 0.0 0.0 0.0 0.0 0.0 0.0 0.0 0.09000000357627869 -0.550000011920929 0.0 0.0 0.0 0.0 0.0 0.0 0.0 0.11999999731779099 0.0 0.11999999731779099 0.0 0.0 0.0 0.0 0.0 0.0 0.0 -0.5099999904632568 0.0 0.0 0.0 0.0 0.0 0.0 0.0 -0.23000000417232513 0.1599999964237213 0.0 0.0 0.0 0.0 0.0 0.0 -0.18000000715255737 0.09000000357627869 0.0 0.0 0.0 0.0 0.0 0.0 0.0 0.0 0.0 0.0 0.0 0.0 0.0 0.0 0.0 0.0 0.0 0.0 0.0 0.0 0.0 0.0 0.0 0.0 0.0 0.0 0.0 0.0 -0.18000000715255737 0.09000000357627869 0.09000000357627869 0.0 0.05000000074505806 0.0 -0.30000001192092896 0.33000001311302185 0.33000001311302185 0.33000001311302185 0.0 0.0 0.0 0.0 0.0 0.0 0.0 0.0 0.0 0.0 0.0 -0.7599999904632568 0.0 0.0 0.0 0.0 0.0 0.09000000357627869 0.0 0.09000000357627869 0.09000000357627869 0.0 0.09000000357627869 0.0 0.0 0.0 0.0 -0.699999988079071 0.4399999976158142 0.6399999856948853 -0.800000011920929 0.46000000834465027 0.0 -0.800000011920929 0.46000000834465027 0.46000000834465027 0.5099999904632568 -0.5099999904632568 0.0 0.0 0.0 0.09000000357627869 0.0 0.09000000357627869 -0.6600000262260437 0.4300000071525574 0.5099999904632568 0.0 0.0 0.07000000029802322 0.05000000074505806 0.0 0.4300000071525574 0.5099999904632568 -0.4699999988079071 0.0 -0.019999999552965164 0.09000000357627869 0.09000000357627869 0.5099999904632568 -0.5099999904632568 0.0 0.0 0.0 0.09000000357627869 0.0 0.09000000357627869 0.0 0.0 0.0 0.3100000023841858 0.0 0.0 0.0 0.09000000357627869 -0.27000001072883606 0.09000000357627869 0.09000000357627869 0.0 -0.27000001072883606 0.09000000357627869 0.0 0.09000000357627869 0.0 -0.5099999904632568 0.0 0.0 0.0 0.09000000357627869 0.0 0.0 0.09000000357627869 0.0 0.09000000357627869 0.0 0.6200000047683716 -0.7599999904632568 -0.7599999904632568 0.5099999904632568 0.0 0.0 0.0 0.09000000357627869 -0.2800000011920929 0.09000000357627869 0.09000000357627869 0.6200000047683716 -0.7599999904632568 -0.7599999904632568 0.5099999904632568 0.0 -0.4699999988079071 0.0 0.0 0.09000000357627869 0.0 0.11999999731779099 0.0 0.0 -0.18000000715255737 0.0 0.09000000357627869 0.0 0.0 0.0 -0.11999999731779099 0.11999999731779099 -0.11999999731779099 0.11999999731779099 0.0 0.0 0.0 0.0 0.0 0.0 0.0 0.0 0.23999999463558197 0.10999999940395355 -0.27000001072883606 0.0 -0.14000000059604645 0.5099999904632568 0.0 0.0 0.0 0.0 0.0 0.09000000357627869 0.0 -0.09000000357627869 0.0 0.0 0.0 -0.5099999904632568 0.0 0.0 0.0 0.09000000357627869 0.0 0.0 0.09000000357627869 0.0 0.09000000357627869 0.0 0.550000011920929 -0.550000011920929 -0.6200000047683716 0.0 0.0 0.5099999904632568 -0.5099999904632568 0.0 0.0 0.0 0.0 0.0 0.09000000357627869 0.09000000357627869 0.0 0.0 0.09000000357627869 0.6200000047683716 -0.7599999904632568 -0.7599999904632568 0.0 0.0 0.09000000357627869 0.09000000357627869 0.0 0.0 0.0 0.0 0.0 0.0 0.4399999976158142 -0.5099999904632568 0.4399999976158142 0.3199999928474426 0.18000000715255737 0.09000000357627869 0.0
47 0.09000000357627869 0.20999999344348907 0.05000000074505806 -0.30000001192092896 0.33000001311302185 0.33000001311302185 0.0 0.3100000023841858 0.0 0.0 0.0 0.09000000357627869 0.0 0.0 0.0 0.0 0.0 0.11999999731779099 0.0 -0.5400000214576721 0.4300000071525574 -0.11999999731779099 0.11999999731779099 0.0 0.11999999731779099 0.0 -0.5099999904632568 0.0 0.0 0.0 -0.18000000715255737 0.0 0.09000000357627869 0.0 -0.5099999904632568 0.0 0.0 0.0 0.09000000357627869 0.0 0.0 0.0 0.0 0.09000000357627869 0.09000000357627869 0.0 0.0 0.09000000357627869 0.0 0.5099999904632568 0.0 0.0 0.3100000023841858 0.0 0.0 0.0 0.0 0.0 -0.2800000011920929 0.09000000357627869 0.09000000357627869 0.6200000047683716 -0.7599999904632568 -0.7599999904632568 0.0 -0.5099999904632568 0.0 0.0 0.0 0.09000000357627869 0.0 0.0 0.0 0.0 0.0 0.0 -0.11999999731779099 0.0 0.0 0.11999999731779099 0.0 0.0 0.0 0.0 0.0 0.0 0.0 0.0 0.0 0.0 0.0 0.0 0.0 0.0 0.0 0.09000000357627869 0.0 0.0 0.09000000357627869 -0.699999988079071 0.4399999976158142 0.6399999856948853 0.46000000834465027 0.46000000834465027 0.0 0.0 0.0 0.0 0.0 0.0 0.0 0.0 0.0 0.0 0.0 0.0 0.0 0.0 0.0 0.0 0.0 0.0 0.0 0.0 0.0 0.0 0.0 0.0 0.09000000357627869 0.0 0.0 0.0 0.09000000357627869 0.0 0.09000000357627869 0.09000000357627869 0.20999999344348907 0.05000000074505806 0.05000000074505806 -0.30000001192092896 0.33000001311302185 0.0 0.33000001311302185 0.0 0.0 0.0 0.0 0.0 0.0 -0.5099999904632568 0.09000000357627869 0.0 0.5099999904632568 0.0 0.0 0.0 0.0 0.0 0.09000000357627869 0.0 0.0 0.0 0.0 0.0 0.0 0.0 0.0 0.0 0.0 0.0 0.0 0.0 0.0 0.0 0.0 0.09000000357627869 0.0 0.0 -0.27000001072883606 0.09000000357627869 0.0 0.09000000357627869 -0.27000001072883606 0.09000000357627869 0.09000000357627869 0.09000000357627869 0.0 0.0 0.0 0.0 0.0 0.09000000357627869 0.0 0.0 0.0 0.0 0.0 0.0 0.0 0.0 0.10999999940395355 -0.5400000214576721 0.4300000071525574 0.0 0.0 0.0 0.11999999731779099 0.0 0.0 0.0 0.0 0.0 0.0 0.0 0.0 0.0 0.0 0.0 0.0 0.0 0.0 0.09000000357627869 0.0 0.0 0.0 0.0 0.0 0.0 0.0 0.0 0.0 0.0 0.0 0.0 0.09000000357627869 0.0 0.0 0.0 0.0 0.0 0.0 0.0 0.0 0.0 -0.05000000074505806 0.0 0.0 0.0 0.0 0.0 0.0 0.0 0.0 0.0 0.0 0.0 0.0 0.0 0.11999999731779099 0.0 0.11999999731779099 0.0 0.0 0.0 0.0 0.0 0.0 0.0 -0.5099999904632568 0.0 0.0 0.0 0.0 0.0 0.0 0.0 -0.23000000417232513 0.1599999964237213 0.0 0.0 0.0 0.0 0.0 0.0 -0.18000000715255737 0.09000000357627869 0.0 0.0 0.0 0.0 0.0 0.0 0.0 0.0 0.0 0.0 0.0 0.0 0.0 0.0 0.0 0.0 0.0 0.0 0.0 0.0 0.0 0.0 0.0 0.0 0.0 0.0 0.0 0.0 -0.18000000715255737 0.09000000357627869 0.09000000357627869 0.0 0.05000000074505806 0.0 0.33000001311302185 0.0 0.0 0.0 0.0 0.0 0.0 0.0 0.0 0.0 0.0 0.0 0.0 0.0 0.09000000357627869 0.0 0.09000000357627869 0.09000000357627869 0.0 0.09000000357627869 0.0 0.0 0.0 0.0 -0.699999988079071 0.4399999976158142 0.6399999856948853 -0.800000011920929 0.46000000834465027 0.0 -0.800000011920929 0.0 0.0 0.0 0.0 0.0 0.0 0.09000000357627869 -0.27000001072883606 0.09000000357627869 0.09000000357627869 0.0 -0.27000001072883606 0.09000000357627869 0.0 0.09000000357627869 0.0 0.0 0.0 0.0 0.0 0.0 0.0 0.5099999904632568 0.0 0.0 0.0 0.09000000357627869 -0.2800000011920929 0.09000000357627869 0.09000000357627869 0.6200000047683716 -0.7599999904632568 -0.7599999904632568 0.5099999904632568 0.0 -0.4699999988079071 0.3100000023841858 0.0 0.0 -0.2800000011920929 0.09000000357627869 0.0 0.0 0.0 0.0 0.0 0.0 0.0 0.09000000357627869 0.0 0.0 0.0 0.09000000357627869 0.09000000357627869 0.0 0.0 0.0 0.0 0.0 0.0 0.0 0.0 0.0 0.0 0.0 0.0 0.0 0.0 0.0 0.0 0.0 0.0 0.0 0.0 0.0 0.0 0.0 0.0 0.11999999731779099 0.0 0.0 0.0 0.11999999731779099 0.0 0.0 0.0 0.0 0.0 0.0 0.0 0.0 0.0 0.0 0.0 0.09000000357627869 0.0 0.0 0.0 0.0 0.0 0.0 0.11999999731779099 0.0 0.0 0.0 0.0 0.0 0.0 0.0 0.0 0.0 0.0 0.0 0.0 0.0 0.0 0.0 0.0 0.0 0.0 0.0 0.0 0.0 0.0 0.0 0.0 0.0 0.0 0.0 0.0 0.0 0.0 0.0 0.09000000357627869 0.0 0.0 0.09000000357627869 0.0 0.0 -0.27000001072883606 0.09000000357627869 0.0 0.09000000357627869 -0.27000001072883606 0.09000000357627869 0.0 0.0 0.0 0.3100000023841858 0.0 0.0 0.0 0.0 0.0 -0.5099999904632568 0.0 0.0 0.0 0.0 -0.18000000715255737 0.0 0.09000000357627869 0.0 0.0 0.0 -0.11999999731779099 0.11999999731779099 -0.11999999731779099 0.11999999731779099 0.0 0.0 0.0 0.0 0.5099999904632568 0.0 0.0 0.0 0.0 0.0 -0.18000000715255737 0.09000000357627869 0.0 -0.029999999329447746 0.0 0.0 0.0 0.0 0.23999999463558197 0.10999999940395355 -0.25 0.17000000178813934 -0.27000001072883606 0.0 0.5099999904632568 0.0 0.0 0.0 0.0 0.0 0.0 0.09000000357627869 0.09000000357627869 0.0 0.0 0.0 -0.09000000357627869 0.0 0.0 0.0 0.0 0.0 -0.5099999904632568 0.0 0.0 0.0 0.09000000357627869 0.0 0.0 0.09000000357627869 0.0 0.09000000357627869 0.0 0.550000011920929 -0.550000011920929 -0.6200000047683716 0.0 0.0 0.5099999904632568 -0.5099999904632568 0.0 0.0 0.0 0.0 0.0 0.09000000357627869 0.0 0.0 0.09000000357627869 0.6200000047683716 -0.7599999904632568 -0.7599999904632568 0.0 0.0 0.0 0.0 0.0 0.0 0.0 0.0 0.0 0.0 0.0 0.4399999976158142 -0.5099999904632568 0.4399999976158142 0.3199999928474426 0.18000000715255737 0.5099999904632568 0.0 0.0 0.0 0.0 0.0 0.0 0.0 0.0 0.0 0.0 0.0 0.0 0.0 0.09000000357627869 0.0 0.0 0.0 0.0 0.0 0.0 0.0 0.0 0.0 0.0 0.0 0.0 0.0 0.09000000357627869 0.0 0.0 0.0 0.0 0.0 0.0 0.0 0.0 0.0 -0.23000000417232513 0.0 0.0 0.0 0.0 0.0 0.0 0.0 0.0 0.0 0.0 0.0
48 0.0 0.09000000357627869 0.0 0.09000000357627869 -0.6600000262260437 0.4300000071525574 -0.27000001072883606 0.09000000357627869 0.09000000357627869 0.0 -0.5099999904632568 0.0 0.3100000023841858 0.0 0.09000000357627869 -0.18000000715255737 0.09000000357627869 0.09000000357627869 0.0 0.09000000357627869 0.09000000357627869 -0.18000000715255737 0.09000000357627869 0.09000000357627869 0.20999999344348907 0.05000000074505806 0.05000000074505806 -0.30000001192092896 0.33000001311302185 0.33000001311302185 0.33000001311302185 0.0 -0.5099999904632568 0.0 0.3100000023841858 0.0 0.0 0.0 0.09000000357627869 0.0 0.0 0.0 0.0 0.0 0.11999999731779099 0.0 -0.5400000214576721 0.4300000071525574 -0.11999999731779099 0.11999999731779099 0.0 0.11999999731779099 0.0 -0.5099999904632568 0.0 0.0 0.0 0.09000000357627869 -0.18000000715255737 0.0 0.09000000357627869 0.0 0.09000000357627869 -0.27000001072883606 0.09000000357627869 0.09000000357627869 0.0 -0.27000001072883606 0.09000000357627869 0.0 0.09000000357627869 0.0 -0.5099999904632568 0.0 0.0 0.0 0.09000000357627869 0.0 0.0 0.0 0.0 0.09000000357627869 0.09000000357627869 0.0 0.0 0.09000000357627869 0.0 0.5099999904632568 0.0 0.0 0.3100000023841858 0.0 0.0 0.0 0.0 0.0 -0.2800000011920929 0.09000000357627869 0.09000000357627869 0.6200000047683716 -0.7599999904632568 -0.7599999904632568 0.0 -0.5099999904632568 0.0 0.0 0.0 0.09000000357627869 0.0 0.0 0.0 0.0 0.0 0.0 -0.11999999731779099 0.0 0.0 0.11999999731779099 0.0 0.0 0.0 0.0 0.0 0.0 0.0 0.0 0.0 0.0 0.0 0.0 0.0 0.0 0.0 0.09000000357627869 0.4399999976158142 0.0 0.0 0.0 0.0 0.0 0.0 0.0 0.0 0.0 0.0 0.0 0.0 0.0 0.0 0.0 0.09000000357627869 0.0 0.0 0.0 0.0 0.0 0.0 0.0 0.0 0.0 0.0 0.0 0.0 0.0 0.0 0.0 0.09000000357627869 0.0 0.0 -0.27000001072883606 0.09000000357627869 0.0 0.09000000357627869 -0.27000001072883606 0.09000000357627869 0.09000000357627869 0.09000000357627869 0.0 0.0 0.0 0.0 0.0 0.0 0.0 0.0 0.0 0.0 0.0 0.0 0.0 0.09000000357627869 0.0 0.0 0.0 0.0 0.0 0.0 0.0 0.0 0.0 0.0 0.0 0.0 0.0 0.0 0.0 0.0 0.09000000357627869 0.0 0.0 0.0 0.0 0.0 0.0 0.0 0.0 0.0 0.0 0.0 0.0 0.09000000357627869 0.0 0.0 0.09000000357627869 0.550000011920929 -0.550000011920929 -0.6200000047683716 0.3199999928474426 0.30000001192092896 0.0 0.0 0.0 0.3100000023841858 0.0 0.0 0.0 0.0 0.09000000357627869 0.0 -0.5099999904632568 0.0 0.0 0.0 0.09000000357627869 0.0 0.09000000357627869 0.0 0.4300000071525574 -0.27000001072883606 0.09000000357627869 0.09000000357627869 0.09000000357627869 0.0 0.0 0.0 0.0 0.0 0.09000000357627869 0.0 0.0 0.0 0.0 -0.18000000715255737 0.0 0.0 0.0 0.0 0.0 0.0 0.0 0.0 0.0 -0.05000000074505806 0.0 0.0 0.0 0.0 0.1899999976158142 0.0 0.4399999976158142 -0.5099999904632568 0.4399999976158142 0.3199999928474426 0.18000000715255737 0.0 0.0 0.0 0.0 0.0 0.0 0.0 0.0 0.0 0.0 0.0 0.11999999731779099 0.0 0.11999999731779099 0.0 0.0 0.0 0.0 0.0 0.0 0.0 -0.5099999904632568 0.0 0.0 0.0 0.0 0.0 0.0 0.0 -0.23000000417232513 0.1599999964237213 0.0 0.0 0.0 0.0 0.0 0.0 -0.18000000715255737 0.09000000357627869 0.0 0.0 0.0 0.0 0.0 0.0 0.0 0.0 0.0 0.0 0.0 0.0 0.0 0.0 0.0 0.0 0.0 0.0 0.0 0.0 0.0 0.0 0.0 0.0 0.0 0.0 0.0 0.0 -0.18000000715255737 0.09000000357627869 0.09000000357627869 0.0 0.05000000074505806 0.0 -0.30000001192092896 0.33000001311302185 0.33000001311302185 0.33000001311302185 0.0 0.0 0.0 0.0 0.0 0.0 0.0 0.0 0.0 0.0 0.0 0.0 0.0 0.0 0.0 0.09000000357627869 0.0 0.09000000357627869 0.09000000357627869 0.0 0.09000000357627869 0.0 0.0 0.0 0.0 -0.699999988079071 0.4399999976158142 0.0 0.5099999904632568 -0.4699999988079071 0.0 -0.019999999552965164 0.09000000357627869 0.09000000357627869 0.5099999904632568 -0.5099999904632568 0.0 0.0 0.0 0.09000000357627869 0.0 0.09000000357627869 -0.6600000262260437 -0.27000001072883606 0.09000000357627869 0.09000000357627869 0.0 0.0 0.0 0.3100000023841858 0.0 0.0 0.0 0.09000000357627869 -0.27000001072883606 0.09000000357627869 0.09000000357627869 0.0 -0.27000001072883606 0.09000000357627869 0.0 0.09000000357627869 0.0 -0.5099999904632568 0.0 0.0 0.0 0.09000000357627869 0.0 0.0 0.09000000357627869 0.0 0.09000000357627869 0.0 0.5099999904632568 -0.5099999904632568 0.0 0.0 0.0 0.09000000357627869 -0.2800000011920929 0.09000000357627869 0.09000000357627869 0.6200000047683716 -0.7599999904632568 0.5099999904632568 0.0 -0.4699999988079071 0.3100000023841858 0.0 0.0 -0.2800000011920929 0.09000000357627869 0.09000000357627869 0.6200000047683716 0.0 -0.7599999904632568 0.0 -0.5099999904632568 0.0 0.0 0.0 0.09000000357627869 0.0 0.0 0.09000000357627869 0.0 0.0 0.0 0.09000000357627869 0.0 0.0 0.0 0.0 0.0 0.0 0.0 0.0 0.0 0.09000000357627869 0.0 0.0 0.0 0.0 0.0 0.0 0.0 0.11999999731779099 0.0 0.11999999731779099 0.0 0.0 0.0 0.0 0.0 0.0 0.0 0.09000000357627869 -0.18000000715255737 0.09000000357627869 0.0 0.0 0.0 -0.11999999731779099 0.11999999731779099 -0.11999999731779099 0.11999999731779099 0.0 0.0 0.0 0.0 0.0 -0.7599999904632568 0.0 0.0 0.0 0.0 0.0 0.0 0.0 0.0 0.4399999976158142 -0.5099999904632568 0.4399999976158142 0.3199999928474426 0.18000000715255737 0.5099999904632568 0.0 0.0 0.0 0.0 0.0 0.09000000357627869 0.09000000357627869 0.0 0.0 0.0 0.0 0.0 0.0 0.0 0.0 0.0 0.0 0.0 0.0 0.0 0.09000000357627869 0.0 0.0 0.0 0.0 0.0 0.0 0.0 0.0 -0.23000000417232513 0.0 0.0 0.0 0.0 0.0 0.0 0.0 0.0 0.0
49 -0.4699999988079071 0.3100000023841858 0.0 0.09000000357627869 0.0 0.09000000357627869 -0.6600000262260437 0.4300000071525574 -0.27000001072883606 0.09000000357627869 0.09000000357627869 0.09000000357627869 0.0 -0.5099999904632568 0.0 0.3100000023841858 0.0 0.09000000357627869 -0.18000000715255737 0.09000000357627869 0.09000000357627869 0.0 0.09000000357627869 0.09000000357627869 -0.18000000715255737 0.09000000357627869 0.09000000357627869 0.20999999344348907 0.05000000074505806 0.05000000074505806 -0.30000001192092896 0.33000001311302185 0.33000001311302185 0.0 -0.5099999904632568 0.0 0.3100000023841858 0.0 0.0 0.0 0.09000000357627869 0.0 0.0 0.0 0.0 0.0 0.11999999731779099 0.0 -0.5400000214576721 0.4300000071525574 -0.11999999731779099 0.11999999731779099 0.0 0.11999999731779099 0.0 -0.5099999904632568 0.0 0.0 0.0 0.09000000357627869 -0.18000000715255737 0.0 0.09000000357627869 0.0 0.09000000357627869 -0.27000001072883606 0.09000000357627869 0.09000000357627869 0.0 -0.27000001072883606 0.09000000357627869 0.0 0.09000000357627869 0.0 -0.5099999904632568 0.0 0.0 0.0 0.09000000357627869 0.0 0.0 0.0 0.0 0.09000000357627869 0.09000000357627869 0.0 0.0 0.09000000357627869 0.0 0.5099999904632568 0.0 0.0 0.3100000023841858 0.0 0.0 0.0 0.0 0.0 -0.2800000011920929 0.09000000357627869 0.09000000357627869 0.6200000047683716 -0.7599999904632568 -0.7599999904632568 0.0 -0.5099999904632568 0.0 0.0 0.0 0.09000000357627869 0.0 0.0 0.0 0.0 0.0 0.0 -0.11999999731779099 0.0 0.0 0.11999999731779099 0.0 0.0 0.0 0.0 0.0 0.0 0.0 0.0 0.0 0.0 0.0 0.0 0.0 0.0 0.0 0.0 0.0 0.0 0.09000000357627869 0.0 0.0 -0.27000001072883606 0.09000000357627869 0.0 0.09000000357627869 -0.27000001072883606 0.09000000357627869 0.09000000357627869 0.09000000357627869 0.0 0.0 0.0 0.0 0.0 0.0 0.0 0.0 0.0 0.0 0.0 0.0 0.0 0.09000000357627869 0.0 0.0 0.0 0.0 0.0 0.0 0.0 0.09000000357627869 0.0 0.0 0.0 0.0 0.0 0.0 0.0 0.0 0.10999999940395355 -0.5400000214576721 0.4300000071525574 0.0 0.0 0.0 0.11999999731779099 0.0 0.0 0.0 0.0 0.0 0.0 0.0 0.0 0.09000000357627869 0.0 0.0 0.09000000357627869 0.550000011920929 -0.550000011920929 -0.6200000047683716 0.3199999928474426 0.30000001192092896 0.0 0.0 0.0 0.3100000023841858 0.0 0.0 0.0 0.0 0.09000000357627869 0.0 0.09000000357627869 0.0 0.550000011920929 -0.550000011920929 -0.6200000047683716 0.3199999928474426 0.0 0.0 -0.5099999904632568 0.0 0.0 0.0 0.09000000357627869 0.0 0.0 0.4300000071525574 -0.27000001072883606 0.09000000357627869 0.09000000357627869 0.09000000357627869 0.5099999904632568 -0.5099999904632568 0.0 0.09000000357627869 0.5099999904632568 -0.5099999904632568 0.0 0.0 0.0 0.09000000357627869 0.0 0.0 0.0 0.0 0.0 0.0 0.3100000023841858 0.0 0.0 0.0 0.09000000357627869 0.0 0.0 0.0 0.0 -0.18000000715255737 0.09000000357627869 0.09000000357627869 0.0 0.0 0.0 0.0 0.0 0.0 0.0 0.0 0.0 0.0 -0.05000000074505806 0.0 0.0 0.0 0.0 0.1899999976158142 0.0 0.4399999976158142 -0.5099999904632568 0.4399999976158142 0.3199999928474426 0.18000000715255737 0.0 0.0 0.0 0.0 0.0 0.0 0.0 0.0 0.0 0.0 0.0 0.11999999731779099 0.0 0.11999999731779099 0.0 0.0 0.0 0.0 0.0 0.0 0.0 -0.5099999904632568 0.0 0.0 0.0 0.0 0.0 0.0 0.0 -0.23000000417232513 0.1599999964237213 0.0 0.0 0.0 0.0 0.0 0.0 -0.18000000715255737 0.09000000357627869 0.0 0.0 0.0 0.0 0.0 0.0 0.0 0.0 0.0 0.0 0.0 0.0 0.09000000357627869 0.09000000357627869 -0.27000001072883606 0.09000000357627869 0.09000000357627869 0.0 0.09000000357627869 0.0 0.09000000357627869 0.5099999904632568 0.0 -0.4699999988079071 0.0 0.0 -0.2800000011920929 0.09000000357627869 0.6200000047683716 0.0 -0.7599999904632568 0.0 -0.5099999904632568 0.0 0.0 0.0 0.09000000357627869 0.0 0.0 0.09000000357627869 0.0 0.0 0.0 0.09000000357627869 0.0 0.0 0.0 0.0 0.3100000023841858 0.0 0.0 0.0 0.0 0.0 0.0 0.0 0.0 0.09000000357627869 0.0 -0.5099999904632568 0.0 0.0 0.0 0.09000000357627869 0.0 0.09000000357627869 0.0 0.0 0.09000000357627869 0.0 0.0 0.0 0.0 0.0 0.0 0.0 0.0 0.0 -0.5099999904632568 0.0 0.0 0.0 0.0 0.5099999904632568 0.0 0.09000000357627869 0.09000000357627869 0.3100000023841858 0.0 0.3100000023841858 0.0 0.0 0.0 0.0 0.0 0.0 0.0 0.0 0.0 0.0 0.0 0.0 0.0 0.0 0.0 0.0 0.0 0.0 0.0 0.0 0.0 0.0 0.0 0.0 0.0 0.0 0.0 0.11999999731779099 0.0 0.0 0.0 0.11999999731779099 0.0 -0.5099999904632568 0.0 0.0 0.0 0.0 0.0 0.0 0.0 0.0 0.0 0.0 0.0 0.0 0.0 0.0 0.0 0.0 0.0 0.0 0.0 0.0 0.0 0.0 0.0 0.0 0.0 0.09000000357627869 -0.18000000715255737 0.0 0.09000000357627869 0.0 0.0 0.0 -0.11999999731779099 0.11999999731779099 -0.11999999731779099 0.11999999731779099 0.0 0.0 0.0 0.0 0.0 0.0 0.0 0.0 0.0 0.0 0.0 0.0 0.0 0.0 0.0 0.0 0.0 0.0 0.0 -0.5099999904632568 0.4399999976158142 0.3199999928474426 0.18000000715255737 0.5099999904632568 0.0 0.0 0.0 0.0 0.0 0.0 0.0 -0.23000000417232513 0.0 0.0 -0.4699999988079071 0.0 0.07000000029802322 0.09000000357627869 0.0 0.0 0.09000000357627869 0.0 -0.5099999904632568 0.0 0.0 0.0 0.09000000357627869 0.0 0.0 0.0 -0.18000000715255737 0.09000000357627869 0.09000000357627869 0.0 0.09000000357627869 0.09000000357627869 0.20999999344348907 0.05000000074505806 0.05000000074505806 0.33000001311302185 0.0 0.0 0.0 0.0 0.0 0.0 0.0 0.0 0.0 0.0 0.0 0.0 0.0 0.09000000357627869 0.0 0.0 0.0 0.0 0.0 0.0 0.0 0.0 -0.18000000715255737 0.09000000357627869 0.09000000357627869 0.550000011920929 0.0 -0.6200000047683716 0.3199999928474426 0.30000001192092896 0.0 0.0 -0.4699999988079071 0.0 0.0 0.09000000357627869 0.0 0.09000000357627869 0.09000000357627869 -0.2800000011920929 0.09000000357627869 0.09000000357627869 0.6200000047683716 -0.7599999904632568 0.0 0.0 0.0 0.0 0.0 0.09000000357627869 0.0 0.0 0.0 -0.23000000417232513 0.0 0.0 0.0 0.0 0.0 0.0 0.09000000357627869 0.0 0.0 0.09000000357627869 0.0 0.0 0.0 0.0 0.0 0.0 0.0 0.0 0.0 0.0 0.0 -0.5099999904632568 0.0 0.0 0.0 0.0 -0.18000000715255737 0.09000000357627869 0.550000011920929 -0.6200000047683716 0.3199999928474426 0.30000001192092896 0.0 0.0 0.0 0.0 0.09000000357627869 0.0 -0.5099999904632568 0.0 0.0 0.0 0.0 0.0 -0.18000000715255737 0.09000000357627869 0.09000000357627869 0.0 0.09000000357627869 0.0 0.0 0.0 0.0 0.09000000357627869 0.0 -0.18000000715255737 0.09000000357627869 0.09000000357627869 -0.18000000715255737 0.09000000357627869 0.0
5 0.10000000149011612 0.5099999904632568 -0.4699999988079071 0.3100000023841858 0.0 0.09000000357627869 0.0 0.09000000357627869 -0.6600000262260437 0.4300000071525574 0.5099999904632568 -0.5099999904632568 -0.4699999988079071 0.3100000023841858 0.0 0.09000000357627869 0.0 0.09000000357627869 -0.6600000262260437 0.4300000071525574 -0.27000001072883606 0.09000000357627869 0.09000000357627869 0.09000000357627869 0.5099999904632568 -0.5099999904632568 0.0 0.3100000023841858 0.07000000029802322 0.09000000357627869 0.05000000074505806 0.09000000357627869 0.09000000357627869 -0.6600000262260437 0.4300000071525574 0.5099999904632568 -0.5099999904632568 0.0 0.3100000023841858 0.0 0.09000000357627869 -0.27000001072883606 0.09000000357627869 0.09000000357627869 0.09000000357627869 0.0 -0.5099999904632568 -0.4699999988079071 0.3100000023841858 0.0 0.09000000357627869 -0.18000000715255737 0.09000000357627869 0.09000000357627869 0.0 0.09000000357627869 -0.27000001072883606 0.09000000357627869 0.09000000357627869 0.09000000357627869 -0.27000001072883606 0.09000000357627869 0.09000000357627869 0.09000000357627869 0.5099999904632568 -0.5099999904632568 -0.4699999988079071 0.3100000023841858 0.0 0.09000000357627869 -0.18000000715255737 0.09000000357627869 0.09000000357627869 0.0 -0.11999999731779099 0.11999999731779099 -0.11999999731779099 -0.11999999731779099 0.11999999731779099 -0.11999999731779099 0.11999999731779099 -0.11999999731779099 0.11999999731779099 0.0 -0.5099999904632568 -0.28999999165534973 0.09000000357627869
50 0.0 0.09000000357627869 0.05000000074505806 0.09000000357627869 0.09000000357627869 -0.6600000262260437 0.4300000071525574 0.5099999904632568 -0.5099999904632568 -0.4699999988079071 0.3100000023841858 0.0 0.09000000357627869 0.0 0.09000000357627869 -0.6600000262260437 0.4300000071525574 -0.27000001072883606 0.09000000357627869 0.09000000357627869 0.0 -0.5099999904632568 0.0 0.3100000023841858 0.0 0.09000000357627869 -0.18000000715255737 0.09000000357627869 0.09000000357627869 0.0 0.09000000357627869 0.09000000357627869 -0.18000000715255737 0.09000000357627869 0.09000000357627869 0.20999999344348907 0.05000000074505806 0.05000000074505806 -0.30000001192092896 0.33000001311302185 0.33000001311302185 0.33000001311302185 0.0 -0.5099999904632568 0.0 0.3100000023841858 0.0 0.0 0.0 0.09000000357627869 0.0 0.0 0.0 0.0 0.0 0.11999999731779099 0.0 -0.5400000214576721 0.4300000071525574 -0.11999999731779099 0.11999999731779099 0.0 0.11999999731779099 0.0 -0.5099999904632568 0.0 0.0 0.0 0.09000000357627869 -0.18000000715255737 0.0 0.09000000357627869 0.0 0.09000000357627869 -0.27000001072883606 0.09000000357627869 0.09000000357627869 0.0 -0.27000001072883606 0.09000000357627869 0.0 0.09000000357627869 0.0 -0.5099999904632568 0.0 0.0 0.0 0.09000000357627869 0.0 0.0 0.0 0.0 0.09000000357627869 0.09000000357627869 0.0 0.0 0.09000000357627869 0.0 0.5099999904632568 0.0 0.0 0.3100000023841858 0.0 0.0 0.0 0.0 0.0 -0.2800000011920929 0.09000000357627869 0.6200000047683716 -0.7599999904632568 -0.7599999904632568 0.0 0.0 0.0 0.0 -0.11999999731779099 0.0 0.0 -0.27000001072883606 0.09000000357627869 0.09000000357627869 0.0 0.0 0.0 0.0 0.0 0.0 0.0 0.0 0.0 0.0 0.0 0.0 0.0 0.0 0.0 0.09000000357627869 0.0 0.0 0.0 0.0 0.0 0.0 0.0 0.0 0.10999999940395355 -0.5400000214576721 0.4300000071525574 0.0 0.0 0.0 0.11999999731779099 0.0 0.0 0.0 0.0 0.0 0.0 0.0 0.0 0.0 0.0 0.0 0.0 0.0 0.0 0.09000000357627869 0.0 0.0 0.0 0.0 0.0 0.0 0.0 0.3100000023841858 0.0 0.0 0.0 0.0 0.09000000357627869 0.0 0.09000000357627869 0.0 0.550000011920929 -0.550000011920929 -0.6200000047683716 0.3199999928474426 0.0 0.0 -0.5099999904632568 0.0 0.0 0.0 0.09000000357627869 0.0 0.09000000357627869 0.0 0.4300000071525574 -0.27000001072883606 0.09000000357627869 0.09000000357627869 0.09000000357627869 0.5099999904632568 -0.5099999904632568 -0.4699999988079071 0.3100000023841858 0.0 0.09000000357627869 -0.2800000011920929 0.09000000357627869 0.09000000357627869 0.6200000047683716 -0.7599999904632568 -0.7599999904632568 0.5099999904632568 -0.5099999904632568 -0.4699999988079071 0.3100000023841858 0.0 -0.2800000011920929 0.6200000047683716 0.0 -0.7599999904632568 0.5099999904632568 -0.5099999904632568 0.0 0.3100000023841858 0.0 0.09000000357627869 0.0 0.09000000357627869 0.0 -0.6600000262260437 0.5099999904632568 -0.5099999904632568 0.0 0.0 0.0 0.09000000357627869 0.0 0.0 0.0 0.0 0.09000000357627869 -0.27000001072883606 0.09000000357627869 0.09000000357627869 -0.27000001072883606 0.0 0.09000000357627869 0.0 0.0 0.0 0.3100000023841858 0.0 0.0 0.0 0.09000000357627869 0.0 0.0 0.0 0.0 -0.18000000715255737 0.09000000357627869 0.09000000357627869 0.0 0.0 0.0 0.0 0.0 0.0 0.0 0.0 0.0 0.0 -0.05000000074505806 0.0 0.0 0.0 0.0 0.1899999976158142 0.0 0.4399999976158142 -0.5099999904632568 0.4399999976158142 0.3199999928474426 0.18000000715255737 0.0 0.0 0.0 0.0 0.0 0.0 0.0 0.0 0.0 0.0 0.0 0.11999999731779099 0.0 0.11999999731779099 0.0 0.0 0.0 0.0 0.0 0.0 0.0 -0.5099999904632568 0.0 0.0 0.0 0.0 0.0 0.0 0.0 -0.23000000417232513 0.1599999964237213 0.0 0.0 0.0 0.0 0.0 0.0 0.0 0.0 0.0 -0.18000000715255737 0.09000000357627869 0.09000000357627869 0.33000001311302185 0.33000001311302185 0.0 0.09000000357627869 -0.27000001072883606 0.09000000357627869 0.09000000357627869 0.0 -0.27000001072883606 0.09000000357627869 0.0 0.09000000357627869 0.5099999904632568 0.0 -0.4699999988079071 0.0 0.0 -0.2800000011920929 0.09000000357627869 0.09000000357627869 0.6200000047683716 0.0 -0.7599999904632568 0.0 -0.5099999904632568 0.0 0.0 0.0 0.09000000357627869 0.0 0.0 0.09000000357627869 0.0 0.0 0.0 0.0 0.3100000023841858 0.0 0.0 0.0 0.09000000357627869 0.0 0.09000000357627869 0.0 0.0 0.0 0.0 0.09000000357627869 -0.27000001072883606 0.09000000357627869 0.09000000357627869 0.0 -0.5099999904632568 0.0 0.0 0.0 0.09000000357627869 0.0 0.09000000357627869 0.0 0.0 0.09000000357627869 0.0 0.0 0.0 0.0 0.0 0.0 0.0 -0.5099999904632568 0.0 0.0 0.0 0.0 0.0 0.0 0.0 0.0 0.09000000357627869 0.0 0.0 0.0 0.0 0.0 0.0 0.09000000357627869 0.0 0.0 0.0 -0.23000000417232513 0.0 0.0 0.0 0.0 0.0 0.0 0.09000000357627869 0.0 0.0 0.0 0.0 0.0 0.0 0.0 0.0 0.0 0.0 -0.18000000715255737 0.09000000357627869 0.09000000357627869 0.0 0.0 0.0 0.0 0.09000000357627869 -0.18000000715255737 0.09000000357627869 0.09000000357627869 -0.18000000715255737 0.09000000357627869 0.0 -0.5099999904632568
51 -0.6600000262260437 0.4300000071525574 0.5099999904632568 -0.5099999904632568 -0.4699999988079071 0.3100000023841858 0.0 0.09000000357627869 0.0 0.09000000357627869 -0.6600000262260437 0.4300000071525574 0.0 -0.5099999904632568 0.0 0.3100000023841858 0.0 0.09000000357627869 -0.18000000715255737 0.09000000357627869 0.09000000357627869 0.0 0.09000000357627869 0.09000000357627869 -0.18000000715255737 0.09000000357627869 0.09000000357627869 0.05000000074505806 0.0 -0.5099999904632568 0.0 0.3100000023841858 0.0 0.0 0.0 0.09000000357627869 0.0 0.0 0.0 0.0 0.0 0.11999999731779099 0.0 -0.5400000214576721 -0.11999999731779099 0.11999999731779099 0.0 0.0 -0.5099999904632568 0.0 0.0 0.0 0.09000000357627869 -0.18000000715255737 0.0 0.09000000357627869 0.0 0.09000000357627869 -0.27000001072883606 0.09000000357627869 0.09000000357627869 0.0 -0.27000001072883606 0.09000000357627869 0.0 0.09000000357627869 0.0 -0.5099999904632568 0.0 0.0 0.0 0.09000000357627869 0.0 0.0 0.0 0.0 0.09000000357627869 0.0 0.5099999904632568 0.0 0.0 0.0 0.0 0.09000000357627869 0.0 0.0 0.0 0.0 0.10999999940395355 -0.5400000214576721 0.4300000071525574 0.0 0.0 0.0 0.11999999731779099 0.0 0.0 0.0 0.0 0.0 0.0 0.0 0.0 0.0 0.0 0.0 0.0 0.0 0.0 0.09000000357627869 0.0 0.0 0.0 0.0 0.0 0.0 0.0 0.0 0.0 0.0 0.0 0.0 0.09000000357627869 0.0 0.0 0.09000000357627869 0.550000011920929 -0.550000011920929 -0.6200000047683716 0.3199999928474426 0.30000001192092896 0.0 0.0 0.0 0.0 0.0 0.09000000357627869 0.0 0.09000000357627869 0.0 0.4300000071525574 -0.27000001072883606 0.09000000357627869 0.09000000357627869 0.09000000357627869 0.5099999904632568 -0.5099999904632568 -0.4699999988079071 0.3100000023841858 0.0 0.09000000357627869 -0.2800000011920929 0.09000000357627869 0.09000000357627869 0.6200000047683716 -0.7599999904632568 -0.7599999904632568 0.5099999904632568 -0.5099999904632568 -0.4699999988079071 0.3100000023841858 0.0 0.09000000357627869 -0.2800000011920929 0.09000000357627869 0.09000000357627869 0.6200000047683716 0.0 -0.7599999904632568 0.5099999904632568 -0.5099999904632568 0.0 0.3100000023841858 0.0 0.09000000357627869 0.0 0.09000000357627869 0.0 -0.6600000262260437 0.4300000071525574 0.5099999904632568 -0.5099999904632568 0.0 0.0 0.0 0.09000000357627869 0.0 0.0 0.0 0.0 0.09000000357627869 -0.27000001072883606 0.09000000357627869 0.09000000357627869 0.09000000357627869 -0.27000001072883606 0.09000000357627869 0.0 0.09000000357627869 0.0 0.0 0.0 0.3100000023841858 0.0 0.0 0.0 0.09000000357627869 0.0 0.0 0.0 0.0 -0.18000000715255737 0.09000000357627869 0.09000000357627869 0.0 0.0 0.0 0.0 0.0 0.0 0.0 0.0 0.0 0.0 -0.05000000074505806 0.0 0.0 0.0 0.0 0.1899999976158142 0.0 0.4399999976158142 -0.5099999904632568 0.4399999976158142 0.3199999928474426 0.18000000715255737 0.0 0.0 0.0 0.0 0.0 0.0 0.0 0.0 0.0 0.0 0.0 -0.5099999904632568 0.0 0.0 0.0 0.0 0.0 -0.23000000417232513 0.1599999964237213 0.6200000047683716 0.0 -0.7599999904632568 0.0 0.0 0.0 0.0 0.0 0.0 0.09000000357627869 0.0 0.09000000357627869 0.0 0.0 0.0 0.0 0.09000000357627869 -0.27000001072883606 0.09000000357627869 0.09000000357627869 0.0 0.0 0.0 0.0 0.0 0.09000000357627869 0.0 0.0 0.0 0.0 -0.5099999904632568 0.0 0.0 0.0 0.11999999731779099 0.5099999904632568 -0.28999999165534973 0.0 0.09000000357627869 0.09000000357627869 0.0 0.09000000357627869 -0.18000000715255737 0.09000000357627869 -0.18000000715255737 0.09000000357627869 0.09000000357627869 0.0 0.0 0.0 0.0 0.0 0.09000000357627869 0.0 0.0 0.0 -0.23000000417232513 0.0 0.0 0.0 0.0 0.0 0.0 0.09000000357627869 0.0 0.0 0.0 0.0 0.0 -0.5099999904632568 0.0 0.0 0.0 0.09000000357627869 0.0 0.09000000357627869 0.550000011920929 -0.550000011920929 0.0 -0.5099999904632568 0.0 0.0 0.09000000357627869 0.0 0.0 0.0 -0.18000000715255737 0.09000000357627869 0.09000000357627869 0.0 0.09000000357627869 0.09000000357627869 0.0 -0.5099999904632568 0.0 0.0 0.0 0.09000000357627869 0.0 0.09000000357627869 -0.18000000715255737 0.09000000357627869 0.09000000357627869 -0.18000000715255737 0.09000000357627869 0.0 0.0 -0.5099999904632568 -0.4699999988079071 0.3100000023841858 0.0 0.09000000357627869 -0.18000000715255737 0.09000000357627869 0.09000000357627869 -0.14000000059604645 0.09000000357627869 0.09000000357627869 -0.09000000357627869 -0.2199999988079071 0.09000000357627869 0.09000000357627869 0.5099999904632568 -0.5099999904632568 0.0 0.0 0.09000000357627869 0.09000000357627869 0.0 0.09000000357627869 -0.18000000715255737 0.09000000357627869 0.09000000357627869 -0.18000000715255737 0.09000000357627869 0.09000000357627869 0.5099999904632568 -0.5099999904632568 -0.4699999988079071 0.3100000023841858 -0.019999999552965164 0.09000000357627869 0.09000000357627869 0.5099999904632568 -0.5099999904632568 0.0 0.0 0.0 0.09000000357627869 0.05000000074505806 0.09000000357627869 0.09000000357627869 -0.6600000262260437 0.4300000071525574 0.5099999904632568 0.0 0.0 0.0 0.09000000357627869 -0.27000001072883606 0.09000000357627869 0.09000000357627869 0.09000000357627869
52 -0.5099999904632568 0.0 0.09000000357627869 -0.18000000715255737 0.09000000357627869 0.09000000357627869 0.0 -0.5099999904632568 0.0 0.0 0.0 0.0 0.0 0.0 0.0 0.11999999731779099 0.0 0.0 0.0 0.0 0.0 0.09000000357627869 -0.18000000715255737 0.0 0.09000000357627869 0.0 0.09000000357627869 -0.27000001072883606 0.09000000357627869 0.09000000357627869 0.0 -0.27000001072883606 0.09000000357627869 0.0 0.09000000357627869 0.0 0.10999999940395355 -0.5400000214576721 0.4300000071525574 0.0 0.0 0.0 0.11999999731779099 0.0 0.0 0.0 0.0 0.0 0.0 0.0 0.0 0.0 0.0 0.0 0.0 0.0 0.0 0.0 0.0 0.0 0.0 0.0 0.0 0.0 0.0 0.09000000357627869 0.0 0.0 0.09000000357627869 0.550000011920929 -0.550000011920929 -0.6200000047683716 0.3199999928474426 0.30000001192092896 0.0 0.0 0.0 0.3100000023841858 0.0 0.0 0.0 0.0 0.09000000357627869 0.0 0.09000000357627869 0.0 0.550000011920929 -0.550000011920929 -0.6200000047683716 0.3199999928474426 0.0 0.0 -0.5099999904632568 -0.4699999988079071 0.3100000023841858 0.0 0.09000000357627869 -0.2800000011920929 0.09000000357627869 0.09000000357627869 0.6200000047683716 -0.7599999904632568 -0.7599999904632568 0.5099999904632568 -0.5099999904632568 -0.4699999988079071 0.3100000023841858 0.0 0.09000000357627869 -0.2800000011920929 0.09000000357627869 0.09000000357627869 0.6200000047683716 0.0 -0.7599999904632568 0.5099999904632568 -0.5099999904632568 0.0 0.3100000023841858 0.0 0.09000000357627869 0.0 0.09000000357627869 0.0 -0.6600000262260437 0.4300000071525574 0.5099999904632568 -0.5099999904632568 0.0 0.0 0.0 0.09000000357627869 0.0 0.0 0.0 0.0 0.09000000357627869 -0.27000001072883606 0.09000000357627869 0.09000000357627869 0.09000000357627869 -0.27000001072883606 0.09000000357627869 0.0 0.09000000357627869 0.0 0.0 0.0 0.3100000023841858 0.0 0.0 0.0 0.09000000357627869 0.0 0.0 0.0 0.0 -0.18000000715255737 0.09000000357627869 0.09000000357627869 0.0 0.0 0.0 0.0 0.0 0.0 0.0 0.0 0.0 0.0 -0.05000000074505806 0.0 0.0 0.0 0.0 0.1899999976158142 0.0 0.4399999976158142 -0.5099999904632568 0.4399999976158142 0.3199999928474426 0.18000000715255737 0.0 0.0 0.0 0.0 0.0 0.0 0.0 0.0 0.0 0.0 -0.5099999904632568 0.0 0.0 0.0 0.0 0.0 0.0 0.0 -0.23000000417232513 0.1599999964237213 0.09000000357627869 0.09000000357627869 0.0 0.0 -0.2800000011920929 0.09000000357627869 0.09000000357627869 0.6200000047683716 0.0 -0.7599999904632568 0.0 -0.5099999904632568 0.0 0.0 0.0 0.09000000357627869 0.0 0.0 0.0 0.3100000023841858 0.0 0.0 0.0 0.09000000357627869 0.0 0.09000000357627869 0.0 0.0 0.0 0.0 0.09000000357627869 -0.27000001072883606 0.09000000357627869 0.09000000357627869 0.09000000357627869 0.0 -0.5099999904632568 0.0 0.0 0.0 0.09000000357627869 0.0 0.09000000357627869 0.0 0.0 0.0 -0.5099999904632568 0.0 0.0 -0.11999999731779099 0.11999999731779099 -0.11999999731779099 0.11999999731779099 -0.11999999731779099 0.11999999731779099 -0.11999999731779099 0.09000000357627869 0.0 0.0 0.0 0.0 0.0 -0.18000000715255737 0.09000000357627869 0.09000000357627869 0.0 0.0 0.0 0.0 0.09000000357627869 0.0 -0.18000000715255737 0.09000000357627869 -0.18000000715255737 0.09000000357627869 0.0 0.0 -0.5099999904632568 0.09000000357627869 0.5099999904632568 -0.5099999904632568 0.0 0.0 0.09000000357627869 -0.18000000715255737 0.09000000357627869 -0.4699999988079071 0.3100000023841858 0.0 0.05000000074505806 0.09000000357627869 0.09000000357627869 -0.6600000262260437 0.4300000071525574
53 -0.5099999904632568 -0.27000001072883606 0.09000000357627869 0.09000000357627869 0.0 0.0 0.0 0.0 0.0 0.0 0.0 0.09000000357627869 0.0 0.0 0.09000000357627869 0.550000011920929 -0.550000011920929 -0.6200000047683716 0.3199999928474426 0.30000001192092896 0.0 0.0 0.0 0.3100000023841858 0.0 0.0 0.0 0.0 0.09000000357627869 0.0 0.09000000357627869 0.0 0.550000011920929 -0.550000011920929 -0.6200000047683716 0.3199999928474426 0.0 0.0 -0.5099999904632568 0.0 0.0 0.0 0.09000000357627869 0.0 0.09000000357627869 0.0 0.4300000071525574 -0.27000001072883606 0.09000000357627869 0.09000000357627869 0.09000000357627869 0.5099999904632568 -0.5099999904632568 -0.4699999988079071 0.3100000023841858 0.0 0.09000000357627869 -0.2800000011920929 0.09000000357627869 0.09000000357627869 0.6200000047683716 0.0 -0.7599999904632568 0.5099999904632568 -0.5099999904632568 0.0 0.3100000023841858 0.0 0.09000000357627869 0.0 0.09000000357627869 0.0 -0.6600000262260437 0.4300000071525574 0.5099999904632568 -0.5099999904632568 0.0 0.0 0.0 0.09000000357627869 0.0 0.0 0.0 0.0 0.09000000357627869 -0.27000001072883606 0.09000000357627869 0.09000000357627869 0.09000000357627869 -0.27000001072883606 0.09000000357627869 0.0 0.09000000357627869 0.0 0.0 0.0 0.3100000023841858 0.0 0.0 0.09000000357627869 0.0 0.0 0.0 0.0 0.0 0.0 0.0 0.0 0.0 0.0 -0.05000000074505806 0.0 0.0 0.0 0.0 0.1899999976158142 0.0 0.4399999976158142 -0.5099999904632568 0.4399999976158142 0.3199999928474426 0.18000000715255737 0.0 0.09000000357627869 0.0 0.0 0.0 -0.27000001072883606 0.09000000357627869 0.09000000357627869 0.0 -0.5099999904632568 0.5099999904632568 -0.5099999904632568 0.0 0.09000000357627869 0.5099999904632568 -0.4699999988079071 0.3100000023841858 -0.019999999552965164 0.09000000357627869 0.5099999904632568 -0.5099999904632568 0.0 0.0 0.0 0.09000000357627869 0.05000000074505806 0.09000000357627869 0.09000000357627869 -0.6600000262260437 0.4300000071525574
54 0.09000000357627869 0.0 0.0 0.0 0.0 0.0 0.0 0.09000000357627869 0.0 0.0 0.09000000357627869 0.550000011920929 -0.550000011920929 -0.6200000047683716 0.3199999928474426 0.30000001192092896 0.0 0.0 0.0 0.3100000023841858 0.0 0.0 0.0 0.0 0.09000000357627869 0.0 0.09000000357627869 0.0 0.550000011920929 -0.550000011920929 -0.6200000047683716 0.3199999928474426 0.0 0.0 -0.5099999904632568 0.0 0.0 0.0 0.09000000357627869 0.0 0.09000000357627869 0.0 0.4300000071525574 -0.27000001072883606 0.09000000357627869 0.09000000357627869 0.09000000357627869 0.5099999904632568 -0.5099999904632568 -0.4699999988079071 0.3100000023841858 0.0 0.09000000357627869 -0.2800000011920929 0.09000000357627869 0.09000000357627869 0.6200000047683716 -0.7599999904632568 -0.7599999904632568 0.5099999904632568 -0.5099999904632568 0.0 0.3100000023841858 0.0 0.09000000357627869 0.0 0.09000000357627869 0.0 -0.6600000262260437 0.4300000071525574 0.5099999904632568 -0.5099999904632568 0.0 0.0 0.0 0.09000000357627869 0.0 0.0 0.0 0.0 0.09000000357627869 -0.27000001072883606 0.09000000357627869 0.09000000357627869 0.09000000357627869 -0.27000001072883606 0.09000000357627869 0.0 0.09000000357627869 0.0 0.0 0.0 0.3100000023841858 0.0 0.0 0.0 0.09000000357627869 0.0 0.0 0.0 -0.18000000715255737 0.09000000357627869 0.09000000357627869 0.0 0.0 0.0 0.0 0.0 0.0 0.0 0.0 0.0 0.0 -0.05000000074505806 0.0 0.0 0.0 0.0 0.1899999976158142 0.0 0.4399999976158142 -0.5099999904632568 0.4399999976158142 0.3199999928474426 0.18000000715255737 0.0 0.0 0.0 0.0 -0.7599999904632568 0.0 0.0 0.0 0.3100000023841858 0.0 0.0 0.0 0.09000000357627869 0.0 0.09000000357627869 0.0 0.0 0.0 0.0 0.09000000357627869 -0.27000001072883606 0.09000000357627869 0.09000000357627869 0.09000000357627869 0.0 -0.5099999904632568 0.0 0.0 0.0 0.0 -0.5099999904632568 0.0 0.0 0.0 0.0 -0.11999999731779099 0.11999999731779099 -0.11999999731779099 0.11999999731779099 -0.11999999731779099 0.11999999731779099 -0.11999999731779099 -0.11999999731779099 0.11999999731779099 0.0 0.09000000357627869 0.09000000357627869 -0.18000000715255737 0.09000000357627869 0.09000000357627869 0.0 -0.18000000715255737 0.09000000357627869 0.09000000357627869 0.0 0.09000000357627869 0.09000000357627869 0.0 0.0 -0.18000000715255737 0.0 0.0 -0.5099999904632568 -0.4699999988079071 0.0 0.09000000357627869 0.5099999904632568 -0.5099999904632568 0.0 0.0 0.09000000357627869 0.09000000357627869 0.0 0.09000000357627869 -0.18000000715255737 0.09000000357627869 0.09000000357627869 -0.18000000715255737 0.09000000357627869 0.09000000357627869 0.5099999904632568 -0.5099999904632568 -0.4699999988079071 0.3100000023841858 -0.019999999552965164 0.09000000357627869 0.09000000357627869 0.5099999904632568 -0.5099999904632568 0.0 0.0 0.0 0.09000000357627869 0.05000000074505806 0.09000000357627869 0.09000000357627869 -0.6600000262260437 0.4300000071525574 0.5099999904632568 -0.5099999904632568 0.0 0.0 0.07000000029802322 0.09000000357627869 -0.18000000715255737 0.09000000357627869 0.0 0.09000000357627869 -0.27000001072883606 0.09000000357627869 -0.27000001072883606 0.09000000357627869 0.09000000357627869 0.5099999904632568 -0.4699999988079071 0.3100000023841858
55 0.0 0.09000000357627869 -0.27000001072883606 0.09000000357627869 0.09000000357627869 0.0 -0.27000001072883606 0.09000000357627869 0.0 0.09000000357627869 0.0 0.0 0.0 0.0 0.0 0.0 0.0 0.0 0.0 0.09000000357627869 0.0 0.0 0.09000000357627869 0.550000011920929 -0.6200000047683716 0.30000001192092896 0.0 0.0 0.0 0.3100000023841858 0.0 0.0 0.0 0.0 0.09000000357627869 0.0 0.09000000357627869 0.0 0.550000011920929 -0.550000011920929 -0.6200000047683716 0.3199999928474426 0.0 0.0 -0.5099999904632568 0.0 0.0 0.0 0.09000000357627869 0.0 0.09000000357627869 0.0 0.4300000071525574 -0.27000001072883606 0.09000000357627869 0.09000000357627869 0.09000000357627869 0.5099999904632568 -0.5099999904632568 -0.4699999988079071 0.3100000023841858 0.0 0.09000000357627869 -0.2800000011920929 0.09000000357627869 0.09000000357627869 0.6200000047683716 -0.7599999904632568 -0.7599999904632568 0.5099999904632568 -0.5099999904632568 -0.4699999988079071 0.3100000023841858 0.0 0.09000000357627869 -0.2800000011920929 0.09000000357627869 0.09000000357627869 0.6200000047683716 0.0 -0.7599999904632568 0.5099999904632568 -0.5099999904632568 0.0 0.0 0.0 0.09000000357627869 0.0 0.0 0.0 0.0 0.09000000357627869 -0.27000001072883606 0.09000000357627869 0.09000000357627869 0.09000000357627869 -0.27000001072883606 0.09000000357627869 0.0 0.09000000357627869 0.0 0.0 0.0 0.3100000023841858 0.0 0.0 0.0 0.09000000357627869 0.0 0.0 0.0 0.0 -0.18000000715255737 0.09000000357627869 0.09000000357627869 0.0 0.0 0.0 0.0 0.0 0.0 0.0 0.0 0.0 0.0 -0.05000000074505806 0.0 0.0 0.0 0.0 0.1899999976158142 0.0 0.4399999976158142 -0.5099999904632568 0.3199999928474426 0.18000000715255737 0.0 0.0 0.0 0.0 0.0 0.09000000357627869 0.0 0.09000000357627869 0.0 0.0 0.0 0.0 -0.27000001072883606 0.09000000357627869 0.09000000357627869 0.09000000357627869 0.0 0.0 0.0 0.0 0.09000000357627869 0.0 0.09000000357627869 0.09000000357627869 0.0 -0.5099999904632568 0.0 0.0 0.0 0.0 -0.18000000715255737 0.09000000357627869 0.09000000357627869 0.0 -0.11999999731779099 0.11999999731779099 -0.11999999731779099 0.11999999731779099 -0.11999999731779099 0.11999999731779099 -0.11999999731779099 -0.11999999731779099 0.5099999904632568 0.0 -0.28999999165534973 0.0 0.09000000357627869 0.09000000357627869 0.0 0.09000000357627869 -0.18000000715255737 0.09000000357627869 0.09000000357627869 -0.18000000715255737 0.09000000357627869 0.09000000357627869 0.0 0.0 0.09000000357627869 0.0 0.0 0.0 0.0 0.0 0.0 0.09000000357627869 0.0 0.0 -0.5099999904632568 0.0 0.0 0.0 0.09000000357627869 0.0 -0.5099999904632568 0.0 0.0 0.09000000357627869 0.0 0.0 0.0 -0.18000000715255737 0.09000000357627869 0.09000000357627869 0.0 0.09000000357627869 0.09000000357627869 0.0 -0.5099999904632568 0.0 0.0 0.0 0.09000000357627869 0.0 0.09000000357627869 -0.18000000715255737 0.09000000357627869 0.09000000357627869 -0.18000000715255737 0.09000000357627869 0.0 0.0 -0.5099999904632568 -0.4699999988079071 0.3100000023841858 0.0 0.09000000357627869 -0.18000000715255737 0.09000000357627869 0.09000000357627869 -0.14000000059604645 0.09000000357627869 0.09000000357627869 -0.09000000357627869 -0.2199999988079071 0.09000000357627869 0.5099999904632568 -0.5099999904632568 0.0 0.0 0.09000000357627869 0.09000000357627869 0.0 0.09000000357627869 -0.18000000715255737 0.09000000357627869 0.09000000357627869 -0.18000000715255737 0.09000000357627869 0.09000000357627869 0.5099999904632568 -0.5099999904632568 -0.4699999988079071 0.3100000023841858 -0.019999999552965164 0.09000000357627869 0.09000000357627869 0.5099999904632568 -0.5099999904632568 0.0 0.0 0.0 0.09000000357627869 0.05000000074505806 0.09000000357627869 0.09000000357627869 -0.6600000262260437 0.4300000071525574 0.5099999904632568 -0.5099999904632568 0.0 0.0 0.07000000029802322 0.09000000357627869 -0.18000000715255737 0.09000000357627869 0.09000000357627869 0.0 0.09000000357627869 -0.27000001072883606 0.09000000357627869 0.09000000357627869 0.09000000357627869 -0.27000001072883606 0.09000000357627869 0.09000000357627869 0.09000000357627869 0.5099999904632568 -0.5099999904632568 -0.4699999988079071 0.3100000023841858
56 -0.5099999904632568 0.0 0.0 0.0 0.0 0.0 -0.18000000715255737 0.0 0.09000000357627869 0.0 0.09000000357627869 -0.27000001072883606 0.09000000357627869 0.09000000357627869 0.0 -0.27000001072883606 0.09000000357627869 0.0 0.09000000357627869 0.0 0.11999999731779099 0.0 0.0 0.0 0.0 0.0 0.0 0.0 0.0 0.0 0.0 0.0 0.0 0.0 0.0 0.0 0.0 0.0 0.0 0.0 0.0 0.0 0.0 0.09000000357627869 0.0 0.0 0.09000000357627869 0.550000011920929 -0.550000011920929 -0.6200000047683716 0.3199999928474426 0.30000001192092896 0.0 0.0 0.0 0.3100000023841858 0.0 0.0 0.0 0.0 0.09000000357627869 0.0 0.09000000357627869 0.0 0.550000011920929 -0.550000011920929 -0.6200000047683716 0.3199999928474426 0.0 0.0 -0.5099999904632568 0.0 0.0 0.0 0.09000000357627869 0.0 0.09000000357627869 0.0 0.4300000071525574 -0.27000001072883606 0.09000000357627869 0.09000000357627869 0.09000000357627869 0.5099999904632568 -0.5099999904632568 -0.4699999988079071 0.3100000023841858 0.0 0.09000000357627869 -0.2800000011920929 0.09000000357627869 0.09000000357627869 0.6200000047683716 -0.7599999904632568 -0.7599999904632568 0.5099999904632568 -0.5099999904632568 -0.4699999988079071 0.3100000023841858 0.0 0.09000000357627869 -0.2800000011920929 0.09000000357627869 0.09000000357627869 0.6200000047683716 0.0 -0.7599999904632568 0.5099999904632568 -0.5099999904632568 0.0 0.3100000023841858 0.0 0.09000000357627869 0.0 0.09000000357627869 0.0 -0.6600000262260437 0.4300000071525574 0.5099999904632568 -0.5099999904632568 0.0 0.3100000023841858 0.0 0.0 0.0 0.09000000357627869 0.0 0.0 0.0 0.0 -0.18000000715255737 0.09000000357627869 0.09000000357627869 0.0 0.0 0.0 0.0 0.0 0.0 0.0 0.0 0.0 0.0 -0.05000000074505806 0.0 0.0 0.0 0.0 0.1899999976158142 0.0 0.4399999976158142 -0.5099999904632568 0.4399999976158142 0.3199999928474426 0.18000000715255737 0.0 0.0 0.0 0.0 0.0 0.0 0.0 0.0 0.0 0.0 0.0 -0.5099999904632568 0.0 0.0 -0.23000000417232513 0.1599999964237213 0.6200000047683716 0.0 -0.7599999904632568 0.0 -0.5099999904632568 0.0 0.0 0.0 0.09000000357627869 0.0 0.0 0.09000000357627869 0.0 0.0 0.0 0.3100000023841858 0.0 0.0 0.0 0.09000000357627869 0.0 0.09000000357627869 0.0 0.0 0.0 0.0 0.09000000357627869 -0.27000001072883606 0.09000000357627869 0.09000000357627869 0.09000000357627869 0.0 -0.5099999904632568 0.0 0.0 0.0 0.09000000357627869 0.0 0.09000000357627869 0.0 0.0 0.09000000357627869 0.0 0.0 0.0 0.0 0.0 0.0 0.0 0.0 0.0 -0.5099999904632568 0.0 0.0 0.0 0.0 -0.18000000715255737 0.09000000357627869 0.09000000357627869 0.0 -0.11999999731779099 0.11999999731779099 -0.11999999731779099 0.11999999731779099 -0.11999999731779099 0.11999999731779099 -0.11999999731779099 0.11999999731779099 -0.11999999731779099 0.11999999731779099 0.5099999904632568 0.0 -0.28999999165534973 0.0 0.09000000357627869 0.09000000357627869 0.0 0.09000000357627869 -0.18000000715255737 0.09000000357627869 0.09000000357627869 -0.18000000715255737 0.09000000357627869 0.09000000357627869 0.0 -0.5099999904632568 0.0 0.3100000023841858 0.0 0.0 0.0 -0.2800000011920929 0.09000000357627869 0.0 0.6200000047683716 -0.7599999904632568 0.0 0.09000000357627869 0.0 0.0 0.0 -0.23000000417232513 0.0 0.0 0.0 0.0 0.0 0.09000000357627869 0.0 0.0 0.0 0.0 0.0 0.0 0.0 0.0 -0.5099999904632568 0.0 -0.5099999904632568 0.0 0.0 0.09000000357627869 0.0 0.0 0.0 -0.18000000715255737 0.09000000357627869 0.09000000357627869 0.0 0.09000000357627869 0.09000000357627869 0.0 -0.5099999904632568 0.0 0.0 0.0 0.09000000357627869 0.0 0.09000000357627869 -0.18000000715255737 0.09000000357627869 0.09000000357627869 -0.18000000715255737 0.09000000357627869 0.0 0.0 -0.5099999904632568 -0.4699999988079071 0.3100000023841858 0.0 0.09000000357627869 0.09000000357627869 0.5099999904632568 -0.5099999904632568 0.0 0.0 0.09000000357627869 0.09000000357627869 0.0 0.09000000357627869 -0.18000000715255737 0.09000000357627869 0.09000000357627869 -0.18000000715255737 0.09000000357627869 0.09000000357627869 0.5099999904632568 -0.5099999904632568 -0.4699999988079071 0.3100000023841858 -0.019999999552965164 0.09000000357627869 0.09000000357627869 0.5099999904632568 -0.5099999904632568 0.0 0.0 0.0 0.09000000357627869 0.05000000074505806 0.09000000357627869 0.09000000357627869 -0.6600000262260437 0.4300000071525574 0.5099999904632568 -0.5099999904632568 0.0 0.0 0.07000000029802322 0.09000000357627869 -0.18000000715255737 0.09000000357627869 0.09000000357627869 0.0 0.09000000357627869 -0.27000001072883606 0.09000000357627869 0.09000000357627869 0.09000000357627869 -0.27000001072883606 0.09000000357627869 0.09000000357627869 0.09000000357627869 0.5099999904632568 -0.5099999904632568 -0.4699999988079071 0.3100000023841858 -0.019999999552965164 0.09000000357627869 0.09000000357627869
57 0.0 -0.5099999904632568 0.0 0.0 0.0 0.0 0.0 0.0 0.0 0.0 0.0 -0.5099999904632568 0.0 0.0 0.0 0.09000000357627869 -0.18000000715255737 0.0 0.09000000357627869 0.0 0.09000000357627869 -0.27000001072883606 0.09000000357627869 0.09000000357627869 0.0 -0.27000001072883606 0.09000000357627869 0.0 0.09000000357627869 0.0 -0.5099999904632568 0.0 0.0 0.0 0.09000000357627869 0.0 0.0 0.0 0.0 0.09000000357627869 0.09000000357627869 0.0 0.0 0.09000000357627869 0.0 0.5099999904632568 0.0 0.0 0.0 0.0 0.0 0.0 0.0 0.0 0.0 0.09000000357627869 0.0 0.0 0.0 0.0 0.0 0.0 0.11999999731779099 0.0 0.0 0.0 0.0 0.0 0.0 0.0 0.0 0.0 0.0 0.0 0.0 0.0 0.0 0.09000000357627869 0.0 0.0 0.0 0.0 0.0 0.0 0.0 0.0 0.0 0.0 0.0 0.0 0.09000000357627869 0.0 0.0 0.09000000357627869 0.550000011920929 -0.550000011920929 -0.6200000047683716 0.3199999928474426 0.30000001192092896 0.0 0.0 0.0 0.3100000023841858 0.0 0.0 0.0 0.0 0.09000000357627869 0.0 0.09000000357627869 0.0 0.550000011920929 -0.550000011920929 -0.6200000047683716 0.3199999928474426 0.0 0.0 -0.5099999904632568 0.0 0.0 0.0 0.09000000357627869 0.0 0.09000000357627869 0.0 0.4300000071525574 -0.27000001072883606 0.09000000357627869 0.09000000357627869 0.09000000357627869 0.5099999904632568 -0.5099999904632568 -0.4699999988079071 0.3100000023841858 0.0 0.09000000357627869 0.5099999904632568 -0.5099999904632568 -0.4699999988079071 0.3100000023841858 0.0 0.09000000357627869 -0.2800000011920929 0.09000000357627869 0.09000000357627869 0.6200000047683716 0.0 -0.7599999904632568 0.5099999904632568 -0.5099999904632568 0.0 0.3100000023841858 0.0 0.09000000357627869 0.0 0.09000000357627869 0.0 -0.6600000262260437 0.4300000071525574 0.5099999904632568 -0.5099999904632568 0.0 0.0 0.0 0.09000000357627869 0.0 0.0 0.0 0.0 0.09000000357627869 -0.27000001072883606 0.09000000357627869 0.09000000357627869 0.09000000357627869 -0.27000001072883606 0.09000000357627869 0.0 0.09000000357627869 0.0 0.0 0.0 0.0 0.0 0.0 -0.05000000074505806 0.0 0.0 0.0 0.0 0.1899999976158142 0.0 0.4399999976158142 -0.5099999904632568 0.4399999976158142 0.3199999928474426 0.18000000715255737 0.0 0.0 0.0 0.0 0.0 0.0 0.0 0.0 0.0 0.0 0.0 0.11999999731779099 0.0 0.11999999731779099 0.0 0.0 0.0 0.0 0.0 0.0 0.0 -0.5099999904632568 0.0 0.0 0.0 0.0 0.0 0.0 0.0 -0.23000000417232513 0.1599999964237213 0.0 0.0 0.0 -0.4699999988079071 0.3100000023841858 0.0 0.0 -0.2800000011920929 0.09000000357627869 0.09000000357627869 0.6200000047683716 0.0 -0.7599999904632568 0.0 -0.5099999904632568 0.0 0.0 0.0 0.09000000357627869 0.0 0.0 0.09000000357627869 0.0 0.0 0.0 0.09000000357627869 0.09000000357627869 0.0 -0.27000001072883606 0.09000000357627869 0.09000000357627869 0.09000000357627869 0.0 0.0 0.0 0.3100000023841858 0.0 0.0 0.0 0.09000000357627869 0.0 0.09000000357627869 0.0 0.0 0.0 0.0 0.09000000357627869 -0.27000001072883606 0.09000000357627869 0.09000000357627869 0.09000000357627869 0.0 -0.5099999904632568 0.0 0.0 0.0 0.09000000357627869 0.0 0.09000000357627869 0.0 0.0 0.09000000357627869 0.0 0.0 0.0 0.0 0.0 0.0 0.0 0.0 0.0 -0.5099999904632568 0.0 0.0 0.0 0.0 -0.18000000715255737 0.09000000357627869 0.09000000357627869 0.0 -0.11999999731779099 0.11999999731779099 -0.11999999731779099 0.11999999731779099 -0.11999999731779099 0.11999999731779099 -0.11999999731779099 0.11999999731779099 -0.11999999731779099 0.11999999731779099 0.5099999904632568 0.0 -0.28999999165534973 0.0 0.09000000357627869 0.09000000357627869 0.0 0.09000000357627869 -0.18000000715255737 0.09000000357627869 0.09000000357627869 -0.18000000715255737 0.09000000357627869 0.09000000357627869 0.0 -0.5099999904632568 0.0 0.3100000023841858 0.0 0.0 -0.2800000011920929 0.09000000357627869 0.5099999904632568 0.0 0.0 0.0 0.09000000357627869 -0.2800000011920929 0.09000000357627869 0.0 0.6200000047683716 -0.7599999904632568 0.0 0.0 0.0 0.3100000023841858 0.0 0.0 0.0 0.0 0.0 0.0 0.0 0.0 0.0 0.0 0.0 0.0 0.0 0.0 0.0 0.0 0.0 0.0 0.0 0.0 0.0 0.0 0.0 0.0 0.0 -0.11999999731779099 0.11999999731779099 -0.11999999731779099 0.11999999731779099 0.0 0.0 0.0 0.09000000357627869 0.0 0.0 0.0 0.0 0.0 0.0 0.0 0.0 0.0 0.0 0.0 0.0 0.0 0.0 0.09000000357627869 0.0 0.0 0.0 0.0 0.0 0.0 0.0 0.0 -0.18000000715255737 0.09000000357627869 0.550000011920929 0.0 0.0 0.0 -0.4699999988079071 0.0 0.0 0.09000000357627869 0.0 0.09000000357627869 -0.2800000011920929 0.09000000357627869 0.09000000357627869 0.0 0.0 0.0 0.0 0.0 0.09000000357627869 0.0 0.0 0.0 -0.23000000417232513 0.0 0.0 0.0 0.0 0.0 0.0 0.09000000357627869 0.0 0.0 0.09000000357627869 0.0 0.0 0.0 0.0 0.0 0.0 0.0 0.0 0.0 0.0 0.0 -0.5099999904632568 0.0 0.0 0.0 0.0 -0.18000000715255737 0.09000000357627869 0.09000000357627869 0.550000011920929 -0.550000011920929 -0.6200000047683716 0.3199999928474426 0.30000001192092896 0.0 -0.5099999904632568 0.0 0.0 0.0 0.09000000357627869 0.0 0.09000000357627869 0.09000000357627869 0.550000011920929 -0.550000011920929 -0.6200000047683716 0.30000001192092896 0.0 -0.5099999904632568 0.0 0.0 0.09000000357627869 0.0 0.0 0.0 -0.18000000715255737 0.09000000357627869 0.09000000357627869 0.0 0.09000000357627869 0.09000000357627869 0.0 -0.5099999904632568 0.0 0.0 0.0 0.09000000357627869 0.0 0.09000000357627869 -0.18000000715255737 0.09000000357627869 0.09000000357627869 -0.18000000715255737 0.09000000357627869 0.0 0.0 -0.5099999904632568 -0.4699999988079071 0.3100000023841858 0.0 0.09000000357627869 -0.18000000715255737 0.09000000357627869 0.09000000357627869 0.5099999904632568 -0.5099999904632568 0.0 0.0 0.09000000357627869 0.09000000357627869 0.0 0.09000000357627869 -0.18000000715255737 0.09000000357627869 0.09000000357627869 -0.18000000715255737 0.09000000357627869 0.09000000357627869 0.5099999904632568 -0.5099999904632568 -0.4699999988079071 0.3100000023841858 0.0 0.05000000074505806 0.09000000357627869 0.09000000357627869 -0.6600000262260437 0.4300000071525574 0.0 0.09000000357627869 -0.27000001072883606 0.09000000357627869 0.09000000357627869 -0.27000001072883606 0.09000000357627869 0.09000000357627869 0.09000000357627869
58 0.0 0.09000000357627869 0.09000000357627869 0.09000000357627869 0.09000000357627869 0.0 -0.5099999904632568 0.0 0.3100000023841858 0.0 0.0 0.0 0.09000000357627869 0.0 0.0 0.0 0.0 0.0 0.11999999731779099 0.0 -0.5400000214576721 -0.11999999731779099 0.11999999731779099 0.0 0.0 -0.5099999904632568 0.0 0.0 0.0 0.09000000357627869 -0.18000000715255737 0.0 0.09000000357627869 0.0 0.09000000357627869 -0.27000001072883606 0.09000000357627869 0.09000000357627869 0.0 -0.27000001072883606 0.09000000357627869 0.0 0.09000000357627869 0.0 -0.5099999904632568 0.0 0.0 0.0 0.09000000357627869 0.0 0.0 0.0 0.0 0.09000000357627869 0.0 0.0 0.09000000357627869 0.0 0.5099999904632568 0.0 0.0 0.0 0.0 0.0 0.0 -0.11999999731779099 0.0 0.0 0.0 0.0 0.0 0.0 0.0 0.0 0.0 0.0 0.0 0.0 0.0 0.0 0.0 0.0 0.0 0.0 0.09000000357627869 0.0 0.0 0.0 0.0 0.0 0.0 0.0 0.0 0.10999999940395355 -0.5400000214576721 0.4300000071525574 0.0 0.0 0.0 0.11999999731779099 0.0 0.0 0.0 0.0 0.0 0.0 0.0 0.0 0.0 0.0 0.0 0.0 0.0 0.0 0.09000000357627869 0.0 0.0 0.0 0.0 0.0 0.0 0.0 0.0 0.0 0.0 0.0 0.0 0.09000000357627869 0.0 0.0 0.09000000357627869 0.550000011920929 -0.550000011920929 -0.6200000047683716 0.3199999928474426 0.30000001192092896 0.0 0.0 0.0 0.3100000023841858 0.0 0.0 0.0 0.0 0.09000000357627869 0.0 0.09000000357627869 0.0 0.550000011920929 -0.550000011920929 -0.6200000047683716 0.3199999928474426 0.0 0.0 -0.5099999904632568 0.0 0.0 0.0 0.09000000357627869 0.0 0.09000000357627869 0.0 0.4300000071525574 -0.27000001072883606 0.09000000357627869 0.09000000357627869 0.09000000357627869 0.5099999904632568 -0.5099999904632568 -0.4699999988079071 0.3100000023841858 0.0 0.09000000357627869 -0.2800000011920929 0.09000000357627869 0.09000000357627869 0.6200000047683716 -0.7599999904632568 -0.7599999904632568 0.5099999904632568 -0.5099999904632568 -0.4699999988079071 0.3100000023841858 0.0 0.09000000357627869 -0.2800000011920929 0.09000000357627869 0.09000000357627869 0.6200000047683716 0.0 -0.7599999904632568 0.5099999904632568 -0.5099999904632568 0.0 0.3100000023841858 0.0 0.09000000357627869 0.0 0.09000000357627869 0.0 -0.6600000262260437 0.4300000071525574 0.5099999904632568 -0.5099999904632568 0.0 0.0 0.0 0.09000000357627869 0.0 0.0 0.0 0.0 0.09000000357627869 -0.27000001072883606 0.09000000357627869 0.09000000357627869 0.09000000357627869 -0.27000001072883606 0.09000000357627869 0.0 0.09000000357627869 0.0 0.0 0.0 0.3100000023841858 0.0 0.0 0.0 0.09000000357627869 0.0 0.0 0.0 0.0 -0.18000000715255737 0.09000000357627869 0.09000000357627869 0.0 0.0 0.0 0.0 0.0 0.0 0.0 0.0 0.0 0.0 0.0 0.0 0.0 0.0 0.0 0.11999999731779099 0.0 0.11999999731779099 0.0 0.0 0.0 0.0 0.0 0.0 0.0 -0.5099999904632568 0.0 0.0 0.0 0.0 0.0 0.0 0.0 -0.23000000417232513 0.1599999964237213 0.0 0.0 0.0 0.0 0.0 0.0 -0.18000000715255737 0.09000000357627869 0.0 0.0 0.0 0.0 0.0 0.0 0.0 0.0 0.09000000357627869 -0.27000001072883606 0.09000000357627869 0.09000000357627869 0.0 -0.27000001072883606 0.09000000357627869 0.0 0.09000000357627869 0.0 0.0 0.0 0.0 0.09000000357627869 -0.2800000011920929 0.09000000357627869 0.09000000357627869 0.5099999904632568 0.0 -0.4699999988079071 0.3100000023841858 0.0 0.0 -0.2800000011920929 0.09000000357627869 0.09000000357627869 0.6200000047683716 0.0 -0.7599999904632568 0.0 -0.5099999904632568 0.0 0.0 0.0 0.09000000357627869 0.0 0.0 0.09000000357627869 0.0 0.0 0.0 0.09000000357627869 0.09000000357627869 0.0 -0.27000001072883606 0.09000000357627869 0.09000000357627869 0.09000000357627869 0.0 0.0 0.0 0.3100000023841858 0.0 0.0 0.0 0.09000000357627869 0.0 0.09000000357627869 0.0 0.0 0.0 0.0 0.09000000357627869 -0.27000001072883606 0.09000000357627869 0.09000000357627869 0.09000000357627869 0.0 -0.5099999904632568 0.0 0.0 0.0 0.09000000357627869 0.0 0.09000000357627869 0.0 0.0 0.09000000357627869 0.0 0.0 0.0 0.0 0.0 0.0 0.0 0.0 0.0 -0.5099999904632568 0.0 0.0 0.0 0.0 -0.18000000715255737 0.09000000357627869 0.0 -0.11999999731779099 0.11999999731779099 -0.11999999731779099 0.11999999731779099 -0.11999999731779099 0.11999999731779099 -0.11999999731779099 0.11999999731779099 -0.11999999731779099 0.11999999731779099 0.5099999904632568 0.0 -0.28999999165534973 0.0 0.09000000357627869 0.09000000357627869 -0.18000000715255737 0.09000000357627869 0.0 0.0 0.0 0.0 0.0 0.0 0.0 0.0 0.0 0.0 0.0 0.0 0.0 -0.11999999731779099 0.11999999731779099 0.0 0.0 0.0 0.11999999731779099 0.0 0.0 0.0 0.0 0.0 0.0 0.0 0.0 0.09000000357627869 0.0 0.0 0.0 0.0 0.0 0.09000000357627869 0.0 0.0 0.0 -0.23000000417232513 0.0 0.0 0.0 0.0 0.0 0.0 0.09000000357627869 0.0 0.09000000357627869 0.0 0.0 0.0 0.0 0.0 0.0 0.0 0.0 0.0 0.0 0.0 -0.5099999904632568 0.0 0.0 0.0 -0.18000000715255737 0.09000000357627869 0.09000000357627869 0.0 0.09000000357627869 0.0 0.0 0.0 0.09000000357627869 -0.18000000715255737 0.09000000357627869 0.0 0.4300000071525574
59 -0.5099999904632568 0.0 0.0 0.0 0.09000000357627869 0.0 0.0 0.0 0.0 0.0 0.11999999731779099 0.0 -0.11999999731779099 0.11999999731779099 0.0 0.0 0.0 0.0 0.0 -0.18000000715255737 0.0 0.09000000357627869 0.0 -0.27000001072883606 0.09000000357627869 0.09000000357627869 0.0 -0.27000001072883606 0.09000000357627869 0.0 0.09000000357627869 0.0 0.0 0.0 0.0 0.09000000357627869 0.0 0.0 0.0 0.0 0.09000000357627869 0.09000000357627869 0.0 0.0 0.09000000357627869 0.0 0.5099999904632568 0.0 0.0 0.3100000023841858 0.0 0.0 0.0 0.0 0.0 0.0 -0.5099999904632568 0.0 0.0 0.0 0.0 0.0 0.0 0.0 0.0 0.0 -0.11999999731779099 0.0 0.0 0.11999999731779099 0.0 0.0 0.0 0.0 0.0 0.0 0.0 0.0 0.0 0.0 0.0 0.0 0.0 0.0 0.0 0.0 0.0 0.0 0.0 0.0 0.0 0.0 0.0 0.0 0.0 0.0 0.0 0.0 0.0 0.0 0.0 0.0 0.0 0.09000000357627869 0.0 0.0 0.0 0.09000000357627869 0.0 0.09000000357627869 0.09000000357627869 0.20999999344348907 0.05000000074505806 0.05000000074505806 -0.30000001192092896 0.33000001311302185 0.0 0.33000001311302185 0.0 0.0 0.0 0.0 0.0 -0.5099999904632568 0.0 0.0 0.0 0.0 0.0 0.0 0.0 0.09000000357627869 0.0 0.0 0.0 0.0 0.0 0.0 0.0 0.0 0.0 0.0 0.0 0.0 0.0 0.0 0.09000000357627869 0.0 0.0 0.0 0.0 0.0 0.0 0.0 0.09000000357627869 0.0 0.0 0.0 0.0 0.0 0.0 0.0 0.0 0.10999999940395355 -0.5400000214576721 0.4300000071525574 0.0 0.0 0.0 0.11999999731779099 0.0 0.0 0.0 0.0 0.0 0.0 0.0 0.0 0.0 0.0 0.0 0.0 0.0 0.0 0.09000000357627869 0.0 0.0 0.0 0.0 0.0 0.0 0.0 0.0 0.0 0.0 0.0 0.0 0.09000000357627869 0.0 0.0 0.09000000357627869 0.550000011920929 -0.550000011920929 -0.6200000047683716 0.0 0.0 0.0 0.3100000023841858 0.0 0.0 0.0 0.0 0.09000000357627869 0.0 0.0 0.0 -0.5099999904632568 0.0 0.0 0.0 0.09000000357627869 0.0 0.09000000357627869 0.0 0.4300000071525574 -0.27000001072883606 0.09000000357627869 0.09000000357627869 0.09000000357627869 0.0 0.0 0.0 0.0 0.09000000357627869 0.0 0.0 0.0 0.0 -0.27000001072883606 0.09000000357627869 0.09000000357627869 -0.27000001072883606 0.0 0.09000000357627869 0.0 0.0 0.0 0.3100000023841858 0.0 0.0 0.0 0.09000000357627869 0.0 0.0 0.0 0.0 -0.18000000715255737 0.09000000357627869 0.09000000357627869 0.0 0.0 0.0 0.0 0.0 0.0 0.0 0.0 0.0 0.0 -0.05000000074505806 0.0 0.0 0.0 0.0 0.1899999976158142 0.0 0.4399999976158142 -0.5099999904632568 0.4399999976158142 0.3199999928474426 0.18000000715255737 0.0 0.0 0.0 0.0 0.0 0.0 0.0 0.0 0.0 -0.23000000417232513 0.1599999964237213 0.0 0.0 0.0 0.0 0.0 0.0 -0.18000000715255737 0.09000000357627869 0.0 0.0 0.0 0.0 0.0 0.0 0.0 0.0 0.0 0.0 0.0 0.0 0.0 0.0 0.0 0.0 0.0 0.0 0.0 0.0 0.0 0.0 0.0 0.0 0.0 0.0 0.0 0.0 0.0 0.09000000357627869 -0.27000001072883606 0.09000000357627869 0.09000000357627869 0.0 -0.27000001072883606 0.09000000357627869 0.0 0.09000000357627869 0.0 -0.5099999904632568 0.0 0.0 0.0 0.09000000357627869 0.0 0.0 0.09000000357627869 0.5099999904632568 -0.5099999904632568 0.0 0.0 0.0 0.09000000357627869 -0.2800000011920929 0.09000000357627869 0.09000000357627869 0.6200000047683716 -0.7599999904632568 -0.7599999904632568 0.5099999904632568 0.0 -0.4699999988079071 0.3100000023841858 0.0 0.0 -0.2800000011920929 0.09000000357627869 0.09000000357627869 0.6200000047683716 0.0 -0.7599999904632568 0.0 -0.5099999904632568 0.0 0.0 0.0 0.09000000357627869 0.0 0.0 0.09000000357627869 0.0 0.0 0.0 0.09000000357627869 0.09000000357627869 0.0 -0.27000001072883606 0.09000000357627869 0.09000000357627869 0.09000000357627869 0.0 0.0 0.0 0.3100000023841858 0.0 0.0 0.0 0.09000000357627869 0.0 0.09000000357627869 0.0 0.0 0.0 0.0 0.09000000357627869 -0.27000001072883606 0.09000000357627869 0.09000000357627869 0.09000000357627869 0.0 -0.5099999904632568 0.0 0.0 0.0 0.09000000357627869 0.0 0.09000000357627869 0.0 0.0 0.09000000357627869 0.0 0.0 0.0 0.0 0.0 0.0 0.0 0.0 0.0 -0.5099999904632568 0.0 0.0 0.0 0.0 -0.18000000715255737 0.09000000357627869 0.0 -0.11999999731779099 0.11999999731779099 -0.11999999731779099 0.11999999731779099 0.5099999904632568 0.0 -0.28999999165534973 0.09000000357627869 0.09000000357627869 0.0 0.0 -0.2800000011920929 0.0 0.6200000047683716 -0.7599999904632568 0.0 0.0 0.0 0.3100000023841858 0.0 0.0 0.0 0.0 0.0 0.0 0.0 0.0 0.0 0.0 0.0 0.0 0.0 0.0 0.0 0.0 0.0 0.0 0.0 0.0 0.0 0.0 0.0 0.0 0.0 0.0 0.0 0.0 0.11999999731779099 0.0 0.0 0.0 0.11999999731779099 0.0 -0.5099999904632568 0.0 0.0 0.0 0.0 0.0 0.0 0.0 0.0 0.0 0.09000000357627869 0.0 0.0 0.0 0.0 0.0 0.0 0.11999999731779099 0.0 0.0 0.0 0.0 0.0 0.0 0.0 0.0 0.0 0.0 0.0 0.0 0.0 0.0 0.0 0.0 0.0 0.0 0.0 0.0 0.0 0.0 0.0 0.0 0.0 0.0 0.0 0.0 0.0 0.0 0.0 0.0 0.0 0.0 0.0 0.0 0.0 0.0 0.0 -0.18000000715255737 0.0 -0.11999999731779099 0.11999999731779099 -0.11999999731779099 0.11999999731779099 0.0 0.0 0.0 0.0 0.0 0.0 0.0 -0.18000000715255737 0.09000000357627869 0.0 0.05000000074505806 0.0 -0.30000001192092896 0.33000001311302185 0.0 0.0 -0.5099999904632568 0.0 0.0 0.0 0.09000000357627869 0.0 0.0 0.09000000357627869 0.0 0.0 -0.27000001072883606 0.09000000357627869 0.0 0.09000000357627869 -0.27000001072883606 0.09000000357627869 0.09000000357627869 0.09000000357627869 0.0 0.0 0.0 0.3100000023841858 0.0 0.0 0.0 0.0 0.0 0.0 -0.5099999904632568 0.0 0.0 0.0 0.0 -0.18000000715255737 0.0 0.09000000357627869 0.0 0.0 0.0 -0.11999999731779099 0.11999999731779099 -0.11999999731779099 0.11999999731779099 0.0 0.0 0.0 0.0 0.5099999904632568 0.0 0.0 0.0 0.0 0.0 0.5099999904632568 0.0 0.0 0.0 0.0 0.0 -0.09000000357627869 0.0 0.0 0.0 0.0 0.0 0.0 0.0 0.0 0.0 0.0 -0.5099999904632568 0.4399999976158142 0.5099999904632568 0.0 0.0 0.0 0.0 0.0 0.0 0.0 -0.23000000417232513 0.0 0.0 -0.4699999988079071 0.0 -0.5099999904632568 0.0 0.0 0.0 0.09000000357627869 0.0 0.0 0.0 0.0 0.0 0.0 0.0 0.0 0.0 0.0 0.0 0.0 0.0 0.0 0.0 0.0 0.09000000357627869 0.0 0.0 0.0 0.0 0.0 0.0 0.0 0.0 -0.18000000715255737 0.09000000357627869 0.09000000357627869 0.550000011920929 0.0 -0.6200000047683716 0.3199999928474426 0.0 0.0 -0.4699999988079071 0.0 0.0 0.0 0.0 0.0 0.09000000357627869 0.0 0.0 0.0 -0.23000000417232513 0.0 0.0 0.0 0.0 0.0 0.0 0.09000000357627869 0.0 0.0 0.09000000357627869 0.0 0.0 0.0 0.0 0.0 0.0 0.0 0.0 0.0 0.0 0.0 -0.5099999904632568 0.0 0.0 0.09000000357627869
6 0.5099999904632568 -0.5099999904632568 -0.4699999988079071 0.3100000023841858 0.0 0.09000000357627869 0.0 0.09000000357627869 -0.6600000262260437 0.4300000071525574 -0.27000001072883606 0.09000000357627869 0.09000000357627869 0.09000000357627869 0.5099999904632568 -0.5099999904632568 0.0 0.3100000023841858 0.07000000029802322 0.09000000357627869 0.05000000074505806 0.09000000357627869 0.09000000357627869 -0.6600000262260437 0.4300000071525574 0.5099999904632568 -0.5099999904632568 -0.4699999988079071 0.3100000023841858 -0.019999999552965164 0.09000000357627869 0.09000000357627869 0.5099999904632568 -0.5099999904632568 -0.4699999988079071 0.3100000023841858 0.0 0.09000000357627869 -0.18000000715255737 0.09000000357627869 0.09000000357627869 0.0 0.09000000357627869 -0.27000001072883606 0.09000000357627869 0.09000000357627869 0.09000000357627869 -0.27000001072883606 0.09000000357627869 0.09000000357627869 0.09000000357627869 0.5099999904632568 -0.5099999904632568 -0.4699999988079071 0.3100000023841858 0.0 0.09000000357627869 -0.18000000715255737 0.09000000357627869 0.09000000357627869 0.0 -0.11999999731779099 0.11999999731779099 -0.11999999731779099 0.11999999731779099 -0.11999999731779099 0.11999999731779099 -0.11999999731779099 0.11999999731779099 -0.11999999731779099 0.11999999731779099 0.0 -0.5099999904632568 -0.28999999165534973 0.0 0.09000000357627869 0.09000000357627869 0.019999999552965164 0.09000000357627869 -0.18000000715255737 0.09000000357627869 0.09000000357627869 -0.18000000715255737 0.09000000357627869 0.09000000357627869 0.0 -0.5099999904632568 -0.4699999988079071 0.3100000023841858 0.07000000029802322 0.09000000357627869 0.05000000074505806 0.09000000357627869 0.09000000357627869 0.3100000023841858
60 0.0 -0.18000000715255737 0.09000000357627869 0.0 0.09000000357627869 -0.18000000715255737 0.09000000357627869 0.20999999344348907 0.05000000074505806 -0.30000001192092896 0.33000001311302185 0.33000001311302185 0.33000001311302185 0.0 -0.5099999904632568 0.0 0.3100000023841858 0.0 0.0 0.0 0.09000000357627869 0.0 0.0 0.0 0.0 0.0 0.11999999731779099 0.0 -0.5400000214576721 0.4300000071525574 -0.11999999731779099 0.11999999731779099 0.0 0.11999999731779099 0.0 0.0 0.0 0.0 -0.18000000715255737 0.0 0.09000000357627869 -0.27000001072883606 0.09000000357627869 0.0 0.0 0.0 0.0 0.0 0.0 0.09000000357627869 0.0 0.0 0.0 0.0 0.09000000357627869 0.0 0.0 0.0 0.5099999904632568 0.0 0.0 0.3100000023841858 0.0 0.0 0.0 0.0 0.0 -0.2800000011920929 -0.7599999904632568 0.0 -0.5099999904632568 0.0 0.0 0.0 0.09000000357627869 0.0 0.0 0.0 0.0 0.0 -0.11999999731779099 0.0 0.0 0.11999999731779099 0.0 0.0 0.0 0.0 0.0 0.0 0.0 0.0 0.0 0.0 0.0 0.0 0.0 0.0 0.0 0.0 0.0 0.0 0.0 0.0 0.0 0.0 0.0 0.0 0.0 0.0 0.0 0.0 0.0 0.0 0.09000000357627869 0.0 0.0 0.0 0.0 0.09000000357627869 0.09000000357627869 0.20999999344348907 0.05000000074505806 -0.30000001192092896 0.33000001311302185 0.0 0.33000001311302185 0.0 0.0 0.0 0.0 0.0 0.0 0.0 0.0 0.0 0.0 0.0 0.0 0.09000000357627869 0.0 0.0 -0.27000001072883606 0.09000000357627869 0.0 0.09000000357627869 -0.27000001072883606 0.09000000357627869 0.09000000357627869 0.09000000357627869 0.0 0.0 0.0 0.0 0.0 0.0 0.0 0.0 0.0 0.0 0.0 0.0 0.0 0.09000000357627869 0.0 0.0 0.0 0.0 0.0 0.0 0.0 0.09000000357627869 0.0 0.0 0.0 0.0 0.0 0.0 0.0 0.0 0.10999999940395355 -0.5400000214576721 0.4300000071525574 0.0 0.0 0.0 0.11999999731779099 0.0 0.0 0.0 0.0 0.0 0.0 0.0 0.0 0.0 0.0 0.0 0.0 0.0 0.0 0.09000000357627869 0.0 0.0 0.0 0.0 0.0 0.0 0.0 0.0 0.0 0.0 0.0 0.0 0.09000000357627869 0.0 0.0 0.09000000357627869 0.550000011920929 -0.550000011920929 -0.6200000047683716 0.3199999928474426 0.30000001192092896 0.0 0.0 0.0 0.3100000023841858 0.0 0.0 0.0 -0.5099999904632568 0.0 0.0 0.0 0.09000000357627869 0.0 0.09000000357627869 0.0 0.4300000071525574 -0.27000001072883606 0.09000000357627869 0.09000000357627869 0.09000000357627869 0.0 0.0 0.0 0.3100000023841858 0.0 0.0 0.0 0.09000000357627869 0.0 0.0 0.0 0.0 -0.18000000715255737 0.0 0.0 0.0 0.0 0.0 0.0 0.0 0.0 0.0 -0.05000000074505806 0.0 0.0 0.0 0.0 0.1899999976158142 0.0 0.4399999976158142 -0.5099999904632568 0.4399999976158142 0.3199999928474426 0.18000000715255737 0.0 0.0 0.0 0.0 0.0 0.0 0.0 0.0 0.0 0.0 0.0 0.11999999731779099 0.0 0.11999999731779099 0.0 0.0 0.0 0.0 0.0 0.0 0.0 -0.5099999904632568 0.0 0.0 0.0 0.0 -0.18000000715255737 0.09000000357627869 0.0 0.0 0.0 0.0 0.0 0.0 0.0 0.0 0.0 0.0 0.0 0.0 0.0 0.0 0.0 0.0 0.0 0.0 0.0 0.0 0.0 0.0 0.0 0.0 0.0 0.0 0.0 0.0 -0.18000000715255737 0.09000000357627869 0.09000000357627869 0.0 0.05000000074505806 0.0 -0.30000001192092896 0.33000001311302185 0.33000001311302185 0.33000001311302185 0.0 0.0 0.0 0.0 0.0 0.0 0.0 0.0 0.0 0.0 0.0 0.09000000357627869 0.0 0.0 0.5099999904632568 -0.5099999904632568 0.0 0.0 0.09000000357627869 0.0 0.09000000357627869 -0.27000001072883606 0.09000000357627869 0.09000000357627869 0.0 0.0 0.0 0.3100000023841858 0.0 0.0 0.0 0.09000000357627869 -0.27000001072883606 0.09000000357627869 0.09000000357627869 0.0 -0.27000001072883606 0.09000000357627869 0.0 0.09000000357627869 0.0 -0.5099999904632568 0.0 0.0 0.0 0.09000000357627869 0.0 0.0 0.09000000357627869 0.0 0.09000000357627869 0.0 -0.7599999904632568 0.5099999904632568 -0.5099999904632568 0.0 0.0 0.0 0.09000000357627869 -0.2800000011920929 0.09000000357627869 0.09000000357627869 0.6200000047683716 -0.7599999904632568 -0.7599999904632568 0.5099999904632568 0.0 -0.4699999988079071 0.3100000023841858 0.0 0.0 -0.2800000011920929 0.09000000357627869 0.09000000357627869 0.6200000047683716 0.0 -0.7599999904632568 0.0 -0.5099999904632568 0.0 0.0 0.0 0.09000000357627869 0.0 0.0 0.09000000357627869 0.0 0.0 0.0 0.09000000357627869 0.09000000357627869 0.0 -0.27000001072883606 0.09000000357627869 0.09000000357627869 0.09000000357627869 0.0 0.0 0.0 0.3100000023841858 0.0 0.0 0.0 0.09000000357627869 0.0 0.0 0.0 0.0 0.09000000357627869 -0.27000001072883606 0.09000000357627869 0.09000000357627869 0.09000000357627869 0.0 -0.5099999904632568 0.0 0.0 0.0 0.09000000357627869 0.0 0.09000000357627869 0.0 0.0 0.0 0.0 0.0 0.0 0.0 0.0 0.0 0.0 0.0 0.11999999731779099 0.0 0.11999999731779099 0.0 0.0 0.0 0.0 0.0 0.0 0.0 0.0 0.0 0.0 0.0 0.0 0.11999999731779099 0.0 0.0 0.0 0.05000000074505806 0.0 0.09000000357627869 0.0 -0.27000001072883606 0.09000000357627869 0.0 0.09000000357627869 0.09000000357627869 -0.18000000715255737 0.0 0.09000000357627869 0.0 0.0 0.0 -0.11999999731779099 0.11999999731779099 -0.11999999731779099 0.11999999731779099 0.0 0.0 0.0 0.0 0.0 0.0 0.0 0.0 0.0 0.0 0.0 0.0 0.09000000357627869 0.0 0.0 0.0 0.0 0.0 0.0 0.0 0.0 0.0 0.0 0.0 0.0 0.0 0.0 0.0
61 0.0 0.0 0.0 0.0 0.0 0.11999999731779099 0.0 -0.5400000214576721 0.4300000071525574 -0.11999999731779099 0.11999999731779099 0.0 0.11999999731779099 0.0 0.5099999904632568 0.0 0.0 0.0 0.0 0.0 0.0 0.0 0.0 0.0 0.0 0.0 0.09000000357627869 0.0 0.0 0.0 0.0 0.0 0.0 -0.11999999731779099 0.0 0.0 0.11999999731779099 0.0 0.0 0.0 0.0 0.0 0.0 0.0 0.0 0.0 0.0 0.0 0.0 0.0 0.0 0.0 0.09000000357627869 0.0 0.09000000357627869 0.0 0.0 0.0 0.0 0.0 0.0 0.0 0.0 0.0 0.0 0.0 0.0 0.0 0.0 0.0 0.0 0.0 0.0 0.0 0.0 0.0 0.0 0.0 0.0 0.09000000357627869 0.0 0.0 0.0 0.09000000357627869 0.0 0.09000000357627869 0.09000000357627869 0.20999999344348907 0.05000000074505806 0.05000000074505806 -0.30000001192092896 0.33000001311302185 0.0 0.33000001311302185 0.0 0.0 0.0 0.0 0.0 0.0 0.0 0.0 0.0 0.0 0.0 0.0 -0.2199999988079071 0.09000000357627869 0.0 0.0 -0.5099999904632568 0.0 0.3100000023841858 0.0 0.09000000357627869 0.05000000074505806 0.09000000357627869 0.09000000357627869 0.4300000071525574 -0.5099999904632568 0.0 0.0 -0.18000000715255737 0.09000000357627869 0.09000000357627869 0.5099999904632568 -0.5099999904632568 -0.4699999988079071 0.0 0.0 0.09000000357627869 0.0 0.09000000357627869 0.09000000357627869 0.6200000047683716 -0.7599999904632568 -0.7599999904632568 0.0 0.0 0.0 0.3100000023841858 0.0 0.09000000357627869 -0.18000000715255737 0.09000000357627869 0.09000000357627869 0.0 0.09000000357627869 0.09000000357627869 0.5099999904632568 -0.5099999904632568 0.0 0.0 0.0 0.09000000357627869 0.0 0.0 0.0 -0.18000000715255737 0.09000000357627869 0.09000000357627869 0.20000000298023224 0.09000000357627869 0.09000000357627869 -0.699999988079071 0.4399999976158142 0.6399999856948853 -0.800000011920929 0.46000000834465027 0.46000000834465027 -0.800000011920929 0.46000000834465027 0.46000000834465027 0.5099999904632568 0.0 0.0 0.3100000023841858 0.0 0.0 0.0 0.09000000357627869 0.0 -0.18000000715255737 0.09000000357627869 0.09000000357627869 -0.18000000715255737 0.09000000357627869 0.09000000357627869 0.20999999344348907 0.05000000074505806 0.0 0.0 0.0 0.0 0.0 0.0 0.0 0.0 0.0 0.0 0.0 0.0 0.0 0.0 0.0 0.09000000357627869 0.0 0.0 -0.27000001072883606 0.09000000357627869 0.0 0.09000000357627869 -0.27000001072883606 0.09000000357627869 0.09000000357627869 0.09000000357627869 0.0 0.0 0.0 0.0 0.0 0.0 0.0 0.0 0.0 0.0 0.0 0.0 0.0 0.09000000357627869 0.0 0.0 0.0 0.0 0.0 0.0 0.0 0.09000000357627869 0.0 0.0 0.0 0.0 0.0 0.0 0.0 0.0 0.10999999940395355 -0.5400000214576721 0.4300000071525574 0.0 0.0 0.0 0.11999999731779099 0.0 0.0 0.0 0.0 0.0 0.0 0.0 0.0 0.0 0.0 0.0 0.0 0.09000000357627869 0.0 0.0 0.0 0.0 0.0 0.0 0.0 0.0 0.0 0.0 0.09000000357627869 -0.550000011920929 0.0 0.0 0.0 -0.05000000074505806 0.0 0.0 0.1899999976158142 -0.5099999904632568 0.4399999976158142 0.0 0.0 0.0 0.0 0.0 0.0 0.0 0.0 0.0 0.0 0.0 0.11999999731779099 0.0 0.11999999731779099 0.0 0.0 0.0 0.0 0.0 0.0 0.0 -0.5099999904632568 0.0 0.0 0.0 0.0 0.0 0.0 0.0 -0.23000000417232513 0.1599999964237213 0.0 0.0 0.0 0.0 0.0 0.0 0.0 0.0 0.0 0.0 0.0 0.0 -0.18000000715255737 0.09000000357627869 0.09000000357627869 0.0 0.05000000074505806 0.0 -0.30000001192092896 0.33000001311302185 0.33000001311302185 0.33000001311302185 0.0 0.0 0.0 0.0 0.0 0.0 0.0 0.0 0.0 0.0 0.0 -0.7599999904632568 0.0 0.0 0.0 0.0 0.0 0.09000000357627869 0.0 0.09000000357627869 0.09000000357627869 0.0 0.09000000357627869 0.0 0.0 0.0 0.0 -0.699999988079071 0.4399999976158142 0.6399999856948853 -0.800000011920929 0.46000000834465027 0.0 0.5099999904632568 -0.5099999904632568 0.0 0.0 0.0 0.09000000357627869 0.0 0.09000000357627869 -0.6600000262260437 0.4300000071525574 -0.27000001072883606 0.09000000357627869 0.09000000357627869 0.09000000357627869 0.5099999904632568 -0.5099999904632568 0.0 0.0 0.07000000029802322 0.09000000357627869 0.05000000074505806 0.09000000357627869 0.09000000357627869 0.0 0.4300000071525574 0.5099999904632568 -0.5099999904632568 -0.4699999988079071 0.0 -0.019999999552965164 0.09000000357627869 0.09000000357627869 0.5099999904632568 -0.5099999904632568 0.0 0.0 0.0 0.09000000357627869 0.0 0.09000000357627869 -0.6600000262260437 0.4300000071525574 -0.27000001072883606 0.09000000357627869 0.09000000357627869 0.09000000357627869 0.0 0.0 0.0 0.3100000023841858 0.0 0.0 0.0 0.09000000357627869 -0.27000001072883606 0.09000000357627869 0.09000000357627869 0.0 -0.27000001072883606 0.09000000357627869 0.0 0.09000000357627869 0.0 -0.5099999904632568 0.0 0.0 0.0 0.09000000357627869 0.0 0.0 0.09000000357627869 0.0 0.09000000357627869 0.0 0.6200000047683716 -0.7599999904632568 -0.7599999904632568 0.5099999904632568 -0.5099999904632568 0.0 0.0 0.0 0.09000000357627869 -0.2800000011920929 0.09000000357627869 0.09000000357627869 0.6200000047683716 -0.7599999904632568 -0.7599999904632568 0.5099999904632568 0.0 -0.4699999988079071 0.3100000023841858 0.0 0.0 -0.2800000011920929 0.09000000357627869 0.09000000357627869 0.6200000047683716 0.0 -0.7599999904632568 0.0 -0.5099999904632568 0.0 0.0 0.0 0.09000000357627869 0.0 0.0 0.09000000357627869 0.0 0.0 0.0 0.09000000357627869 0.09000000357627869 0.0 -0.27000001072883606 0.09000000357627869 0.09000000357627869 0.09000000357627869 0.0 0.0 0.0 0.3100000023841858 0.0 0.0 0.0 0.0 0.0 0.0 0.0 0.0 0.0 0.11999999731779099 0.0 0.0 0.0 0.11999999731779099 0.0 0.0 0.09000000357627869 0.0 0.0 0.0 0.0 0.0 0.0 0.0 0.0 0.0 0.0 0.0 0.0 0.0 0.0 0.0 0.0 0.0 0.0 0.0 0.05000000074505806 0.0 0.33000001311302185 0.0 0.09000000357627869 0.0 0.0 0.09000000357627869 0.0 0.0 -0.27000001072883606 0.09000000357627869 0.0 0.09000000357627869 -0.27000001072883606 0.09000000357627869 0.09000000357627869 0.09000000357627869 0.0 0.0 0.0 0.3100000023841858 0.0 0.0 0.0 0.0 -0.5099999904632568 0.0 0.0 0.0 0.0 -0.18000000715255737 0.0 0.09000000357627869 0.0 0.0 0.0 -0.11999999731779099 0.11999999731779099 -0.11999999731779099 0.11999999731779099 0.0 0.0 0.0 0.0 0.5099999904632568 0.0 0.0 0.0 0.0 0.0 -0.18000000715255737 0.09000000357627869 0.0 -0.029999999329447746 0.0 0.0 0.0 0.0 0.23999999463558197 0.10999999940395355 -0.25 0.17000000178813934 -0.20000000298023224 0.14000000059604645 -0.27000001072883606 0.0 -0.14000000059604645 0.14000000059604645 0.5099999904632568 0.0 0.0 0.0 0.0 0.0 0.0 0.0 0.0 -0.09000000357627869 0.0 0.0 0.0 0.0 -0.5099999904632568 0.0 0.0 0.0 0.09000000357627869 0.0 0.0 0.09000000357627869 0.0 0.09000000357627869 0.0 0.550000011920929 -0.550000011920929 -0.6200000047683716 0.0 0.0 0.5099999904632568 0.0 0.0 0.0 0.0 0.09000000357627869 0.0
62 0.09000000357627869 0.0 0.09000000357627869 0.09000000357627869 -0.18000000715255737 0.09000000357627869 0.09000000357627869 0.20999999344348907 0.05000000074505806 0.05000000074505806 -0.30000001192092896 0.33000001311302185 0.33000001311302185 0.33000001311302185 0.0 0.09000000357627869 0.0 0.0 0.0 0.0 0.0 0.11999999731779099 0.0 -0.5400000214576721 0.4300000071525574 -0.11999999731779099 0.11999999731779099 0.0 0.11999999731779099 0.0 0.0 0.0 0.0 0.0 0.0 -0.2800000011920929 0.09000000357627869 0.6200000047683716 -0.7599999904632568 -0.7599999904632568 0.0 0.0 0.0 0.0 0.09000000357627869 0.0 0.0 0.0 0.0 -0.11999999731779099 0.0 0.0 0.11999999731779099 0.0 0.0 0.0 0.0 0.0 0.0 0.0 0.0 0.0 0.0 0.0 0.0 0.0 0.0 0.0 0.09000000357627869 0.0 0.09000000357627869 0.4399999976158142 0.0 0.0 0.0 0.0 0.0 0.0 0.0 0.0 0.0 0.0 0.0 0.0 0.0 0.0 0.0 0.0 0.0 0.0 0.0 0.0 0.0 0.0 0.0 0.0 0.09000000357627869 0.0 0.0 0.0 0.09000000357627869 0.0 0.09000000357627869 0.09000000357627869 0.20999999344348907 0.05000000074505806 0.05000000074505806 -0.30000001192092896 0.33000001311302185 0.0 0.33000001311302185 0.0 0.0 0.09000000357627869 0.6200000047683716 -0.7599999904632568 -0.7599999904632568 0.0 0.0 0.0 0.09000000357627869 0.0 0.0 0.0 -0.18000000715255737 0.09000000357627869 0.09000000357627869 0.20000000298023224 0.09000000357627869 0.09000000357627869 -0.699999988079071 0.4399999976158142 0.6399999856948853 -0.800000011920929 0.46000000834465027 0.46000000834465027 -0.800000011920929 0.46000000834465027 0.46000000834465027 0.5099999904632568 0.0 0.0 0.3100000023841858 0.0 0.0 0.0 0.09000000357627869 0.0 -0.18000000715255737 0.09000000357627869 0.09000000357627869 -0.18000000715255737 0.09000000357627869 0.09000000357627869 0.0 0.0 0.0 0.0 0.0 0.0 0.0 0.0 0.0 0.0 0.0 0.0 0.0 0.0 0.0 0.09000000357627869 0.0 0.0 -0.27000001072883606 0.09000000357627869 0.0 0.09000000357627869 -0.27000001072883606 0.09000000357627869 0.09000000357627869 0.09000000357627869 0.0 0.0 0.0 0.0 0.0 0.0 0.0 0.0 0.0 0.0 0.0 0.0 0.0 0.09000000357627869 0.0 0.0 0.0 0.0 0.0 0.0 0.0 0.09000000357627869 0.0 0.0 0.0 0.0 0.0 0.0 0.0 0.0 0.10999999940395355 -0.5400000214576721 0.4300000071525574 0.0 0.0 0.0 0.11999999731779099 0.0 0.0 0.0 0.0 0.0 0.0 0.0 0.09000000357627869 0.0 0.0 0.09000000357627869 0.550000011920929 -0.550000011920929 0.0 0.0 0.0 0.0 0.0 0.0 0.0 0.0 0.11999999731779099 0.0 0.11999999731779099 0.0 0.0 0.0 0.0 0.0 0.0 -0.5099999904632568 0.0 0.0 0.0 0.0 0.0 0.0 0.0 -0.23000000417232513 0.1599999964237213 0.0 0.0 0.0 0.0 0.0 0.0 -0.18000000715255737 0.09000000357627869 0.0 0.0 0.0 0.0 0.0 0.0 0.0 0.0 0.0 0.0 0.0 0.0 0.0 0.0 0.0 0.0 0.0 0.0 0.0 0.0 0.0 0.0 0.0 0.0 0.0 0.0 0.0 -0.7599999904632568 0.0 0.0 0.0 0.0 0.0 0.09000000357627869 0.0 0.09000000357627869 0.09000000357627869 0.0 0.09000000357627869 0.0 0.0 0.0 0.0 -0.699999988079071 0.4399999976158142 0.6399999856948853 -0.800000011920929 0.46000000834465027 0.0 -0.800000011920929 0.46000000834465027 0.46000000834465027 0.5099999904632568 -0.5099999904632568 0.0 0.0 0.0 0.09000000357627869 0.0 0.09000000357627869 -0.6600000262260437 0.4300000071525574 -0.27000001072883606 0.09000000357627869 0.09000000357627869 0.5099999904632568 -0.5099999904632568 0.0 0.0 0.07000000029802322 0.09000000357627869 0.05000000074505806 0.09000000357627869 0.09000000357627869 0.0 0.4300000071525574 0.5099999904632568 -0.5099999904632568 -0.4699999988079071 0.0 -0.019999999552965164 0.09000000357627869 0.09000000357627869 0.5099999904632568 -0.5099999904632568 0.0 0.0 0.0 0.09000000357627869 0.0 0.09000000357627869 -0.6600000262260437 0.4300000071525574 -0.27000001072883606 0.09000000357627869 0.09000000357627869 0.09000000357627869 0.0 0.0 0.0 0.3100000023841858 0.0 0.0 0.0 0.09000000357627869 -0.27000001072883606 0.09000000357627869 0.09000000357627869 0.0 -0.27000001072883606 0.09000000357627869 0.0 0.09000000357627869 0.0 -0.5099999904632568 0.0 0.0 0.0 0.09000000357627869 0.0 0.0 0.09000000357627869 0.0 0.09000000357627869 0.0 0.6200000047683716 -0.7599999904632568 -0.7599999904632568 0.5099999904632568 -0.5099999904632568 0.0 0.0 0.0 0.09000000357627869 -0.2800000011920929 0.09000000357627869 0.09000000357627869 0.6200000047683716 -0.7599999904632568 -0.7599999904632568 0.5099999904632568 0.0 -0.4699999988079071 0.3100000023841858 0.0 0.0 -0.2800000011920929 0.09000000357627869 0.09000000357627869 0.6200000047683716 0.0 -0.7599999904632568 0.0 0.0 0.0 0.0 0.09000000357627869 0.09000000357627869 -0.18000000715255737 0.09000000357627869 0.0 0.0 0.0 -0.11999999731779099 0.11999999731779099 -0.11999999731779099 0.11999999731779099 0.0 0.0 0.0 0.0 0.09000000357627869 0.0 0.0 0.550000011920929 -0.550000011920929 -0.6200000047683716 0.0 0.0
63 0.4300000071525574 0.0 0.0 0.0 0.0 0.0 0.0 0.0 0.0 0.0 0.0 0.0 0.0 0.0 0.0 0.0 0.0 0.0 0.0 0.0 0.0 0.0 0.0 0.0 0.0 0.0 0.0 0.0 0.0 0.09000000357627869 0.0 0.0 0.0 0.09000000357627869 0.0 0.09000000357627869 0.09000000357627869 0.20999999344348907 0.05000000074505806 0.05000000074505806 -0.30000001192092896 0.33000001311302185 0.0 0.33000001311302185 0.0 0.0 0.0 0.09000000357627869 0.0 0.09000000357627869 0.09000000357627869 0.6200000047683716 -0.7599999904632568 -0.7599999904632568 0.0 0.0 0.0 0.3100000023841858 0.0 0.09000000357627869 -0.18000000715255737 0.09000000357627869 0.09000000357627869 0.5099999904632568 -0.5099999904632568 0.0 0.0 0.0 0.09000000357627869 0.0 0.0 0.0 -0.18000000715255737 0.09000000357627869 0.09000000357627869 0.20000000298023224 0.09000000357627869 0.09000000357627869 -0.699999988079071 0.4399999976158142 0.6399999856948853 -0.800000011920929 0.46000000834465027 0.46000000834465027 -0.800000011920929 0.46000000834465027 0.46000000834465027 0.5099999904632568 0.0 0.0 0.3100000023841858 0.0 0.0 0.0 0.09000000357627869 0.0 -0.18000000715255737 0.09000000357627869 0.09000000357627869 -0.18000000715255737 0.09000000357627869 0.09000000357627869 0.20999999344348907 0.05000000074505806 0.05000000074505806 -0.30000001192092896 0.33000001311302185 0.33000001311302185 0.0 0.0 0.0 0.0 0.0 0.0 0.0 0.0 0.0 0.0 0.0 0.0 0.0 0.0 0.0 0.09000000357627869 0.0 0.0 -0.27000001072883606 0.09000000357627869 0.0 0.09000000357627869 -0.27000001072883606 0.09000000357627869 0.09000000357627869 0.09000000357627869 0.0 0.0 0.0 0.0 0.0 0.0 0.0 0.0 0.0 0.0 0.09000000357627869 0.0 0.0 0.0 0.0 0.0 0.0 0.0 0.0 0.0 0.0 0.0 0.0 0.0 0.10999999940395355 -0.5400000214576721 0.4300000071525574 0.0 0.0 0.0 0.0 0.0 0.0 0.0 0.1599999964237213 0.0 0.0 0.0 0.0 0.0 0.0 -0.18000000715255737 0.09000000357627869 0.0 0.0 0.0 0.0 0.0 0.0 0.0 0.0 0.0 0.0 0.0 0.0 0.0 0.0 0.0 0.0 0.0 0.0 0.0 0.0 0.0 0.0 0.0 0.0 0.0 0.0 0.0 0.0 -0.18000000715255737 0.09000000357627869 0.09000000357627869 0.0 0.05000000074505806 0.0 -0.30000001192092896 0.33000001311302185 0.33000001311302185 0.33000001311302185 0.0 0.0 0.0 0.0 0.0 0.09000000357627869 0.0 0.09000000357627869 0.09000000357627869 0.0 0.09000000357627869 0.0 0.0 0.0 0.0 -0.699999988079071 0.4399999976158142 0.6399999856948853 -0.800000011920929 0.46000000834465027 0.0 -0.800000011920929 0.46000000834465027 0.46000000834465027 0.5099999904632568 -0.5099999904632568 0.0 0.0 0.0 0.09000000357627869 0.0 0.09000000357627869 -0.6600000262260437 0.4300000071525574 -0.27000001072883606 0.09000000357627869 0.09000000357627869 0.09000000357627869 0.5099999904632568 -0.5099999904632568 0.0 0.0 0.07000000029802322 0.09000000357627869 0.05000000074505806 0.09000000357627869 0.09000000357627869 0.0 0.4300000071525574 0.5099999904632568 -0.5099999904632568 -0.4699999988079071 0.0 -0.019999999552965164 0.09000000357627869 0.09000000357627869 0.5099999904632568 -0.5099999904632568 0.0 0.0 0.0 0.09000000357627869 0.0 0.09000000357627869 -0.6600000262260437 0.4300000071525574 -0.27000001072883606 0.09000000357627869 0.09000000357627869 0.09000000357627869 0.0 0.0 0.0 0.3100000023841858 0.0 0.0 0.0 0.09000000357627869 -0.27000001072883606 0.09000000357627869 0.09000000357627869 0.0 -0.27000001072883606 0.09000000357627869 0.0 0.09000000357627869 0.0 -0.5099999904632568 0.0 0.0 0.0 0.09000000357627869 0.0 0.0 0.09000000357627869 0.0 0.09000000357627869 0.0 0.6200000047683716 -0.7599999904632568 -0.7599999904632568 0.5099999904632568 -0.5099999904632568 0.0 0.0 0.0 0.09000000357627869 -0.2800000011920929 0.09000000357627869 0.09000000357627869 0.6200000047683716 -0.7599999904632568 -0.7599999904632568 0.5099999904632568 0.0 -0.4699999988079071 0.3100000023841858 0.0 0.09000000357627869 0.0 0.11999999731779099 0.0 -0.27000001072883606 0.0 0.0 0.0 0.09000000357627869 0.0 0.0 0.550000011920929 -0.550000011920929 -0.6200000047683716 0.0 0.0
64 -0.30000001192092896 0.33000001311302185 0.33000001311302185 0.0 -0.5400000214576721 0.4300000071525574 -0.11999999731779099 0.11999999731779099 0.0 0.11999999731779099 0.0 0.0 0.0 0.0 0.0 -0.2800000011920929 0.09000000357627869 0.6200000047683716 -0.7599999904632568 -0.7599999904632568 0.0 -0.5099999904632568 0.0 0.0 0.0 0.09000000357627869 0.0 0.0 0.0 0.0 0.0 0.0 0.0 0.0 0.0 0.0 0.0 0.0 0.0 0.0 0.0 0.0 0.0 0.0 0.0 0.0 0.09000000357627869 0.0 0.0 0.09000000357627869 -0.699999988079071 0.4399999976158142 0.6399999856948853 -0.800000011920929 0.46000000834465027 0.46000000834465027 -0.800000011920929 0.46000000834465027 0.46000000834465027 0.0 0.0 0.0 0.0 0.0 0.0 0.0 0.0 0.0 0.0 0.0 0.0 0.0 0.0 0.0 0.0 0.0 0.0 0.0 0.0 0.0 0.0 0.0 0.0 0.0 0.09000000357627869 0.0 0.09000000357627869 0.09000000357627869 0.0 0.09000000357627869 0.6200000047683716 -0.7599999904632568 -0.7599999904632568 0.0 0.0 0.0 0.5099999904632568 -0.5099999904632568 0.0 0.0 0.0 0.09000000357627869 0.0 0.0 0.0 -0.18000000715255737 0.09000000357627869 0.09000000357627869 0.20000000298023224 0.09000000357627869 0.09000000357627869 -0.699999988079071 0.4399999976158142 0.6399999856948853 -0.800000011920929 0.46000000834465027 0.46000000834465027 -0.800000011920929 0.46000000834465027 0.46000000834465027 0.5099999904632568 0.0 0.0 0.3100000023841858 0.0 0.0 0.0 0.09000000357627869 0.0 -0.18000000715255737 0.09000000357627869 0.09000000357627869 -0.18000000715255737 0.09000000357627869 0.09000000357627869 0.20999999344348907 0.05000000074505806 0.05000000074505806 -0.30000001192092896 0.33000001311302185 0.33000001311302185 0.33000001311302185 0.0 0.0 0.0 0.0 0.0 0.0 0.0 0.0 0.0 0.0 0.0 0.0 0.0 0.0 0.0 0.09000000357627869 0.0 0.0 -0.27000001072883606 0.09000000357627869 0.0 0.09000000357627869 -0.27000001072883606 0.09000000357627869 0.09000000357627869 0.09000000357627869 0.0 0.0 0.0 0.0 0.0 0.0 0.0 0.0 0.0 0.0 0.09000000357627869 0.0 0.0 0.0 0.0 0.0 0.0 0.0 0.09000000357627869 0.0 0.0 0.0 0.0 0.0 0.0 0.0 0.10999999940395355 -0.5400000214576721 0.0 0.0 0.0 0.0 0.0 0.0 -0.18000000715255737 0.09000000357627869 0.0 0.0 0.0 0.0 0.0 0.0 0.0 0.0 0.0 0.0 0.0 0.0 0.0 0.0 0.0 0.0 0.0 0.0 0.0 0.0 0.0 0.0 0.0 0.0 0.0 0.0 0.0 0.0 -0.18000000715255737 0.09000000357627869 0.09000000357627869 0.0 0.05000000074505806 0.0 -0.30000001192092896 0.33000001311302185 0.33000001311302185 0.33000001311302185 0.0 0.0 0.0 0.0 0.0 0.0 0.0 0.0 0.0 0.0 0.0 -0.7599999904632568 0.0 0.0 0.0 0.0 0.0 0.09000000357627869 0.0 0.09000000357627869 -0.6600000262260437 0.4300000071525574 -0.27000001072883606 0.09000000357627869 0.09000000357627869 0.09000000357627869 0.5099999904632568 -0.5099999904632568 0.0 0.0 0.07000000029802322 0.09000000357627869 0.05000000074505806 0.09000000357627869 0.09000000357627869 0.0 0.4300000071525574 0.5099999904632568 -0.5099999904632568 -0.4699999988079071 0.0 -0.019999999552965164 0.09000000357627869 0.09000000357627869 0.5099999904632568 -0.5099999904632568 0.0 0.0 0.0 0.09000000357627869 0.0 0.09000000357627869 -0.6600000262260437 0.4300000071525574 -0.27000001072883606 0.09000000357627869 0.09000000357627869 0.09000000357627869 0.0 0.0 0.0 0.3100000023841858 0.0 0.0 0.0 -0.27000001072883606 0.0 -0.27000001072883606 0.09000000357627869 0.0 0.09000000357627869 0.0 -0.5099999904632568 0.0 0.0 0.0 0.09000000357627869 0.0 0.0 0.09000000357627869 0.0 0.09000000357627869 0.0 0.6200000047683716 -0.7599999904632568 -0.7599999904632568 0.0 0.23999999463558197 0.10999999940395355 -0.25 0.17000000178813934 -0.20000000298023224 0.14000000059604645 -0.27000001072883606 0.0 -0.14000000059604645 0.14000000059604645 0.5099999904632568 0.0 0.0 0.0 0.09000000357627869 0.0 -0.5099999904632568 0.0 0.0 0.0 0.09000000357627869 0.0 0.0 0.09000000357627869 0.0 0.09000000357627869 0.0 0.550000011920929 -0.550000011920929 -0.6200000047683716 0.0 0.0 0.5099999904632568 -0.5099999904632568 0.0 0.0 0.0 0.0 0.0 0.09000000357627869 0.09000000357627869 0.0 0.0 0.09000000357627869 0.6200000047683716 -0.7599999904632568 -0.7599999904632568 0.0 -0.5099999904632568 -0.28999999165534973 0.0 0.09000000357627869 0.09000000357627869 0.0 0.09000000357627869 -0.18000000715255737 0.09000000357627869 0.09000000357627869 -0.18000000715255737 0.09000000357627869 0.09000000357627869 0.0
65 0.0 0.0 0.0 0.0 0.0 0.0 0.0 0.0 0.0 0.0 0.0 0.09000000357627869 0.0 0.09000000357627869 0.0 0.09000000357627869 0.6200000047683716 -0.7599999904632568 -0.7599999904632568 0.0 0.0 0.0 0.3100000023841858 0.0 0.09000000357627869 -0.18000000715255737 0.09000000357627869 0.09000000357627869 0.0 0.09000000357627869 0.5099999904632568 -0.5099999904632568 0.0 0.0 0.0 0.09000000357627869 0.0 0.0 0.0 -0.18000000715255737 0.09000000357627869 0.09000000357627869 0.20000000298023224 0.09000000357627869 0.09000000357627869 -0.699999988079071 0.4399999976158142 0.6399999856948853 -0.800000011920929 0.46000000834465027 0.46000000834465027 -0.800000011920929 0.46000000834465027 0.46000000834465027 0.5099999904632568 0.0 0.0 0.3100000023841858 0.0 0.0 0.0 0.09000000357627869 0.0 -0.18000000715255737 0.09000000357627869 0.09000000357627869 -0.18000000715255737 0.09000000357627869 0.09000000357627869 0.20999999344348907 0.05000000074505806 0.05000000074505806 -0.30000001192092896 0.33000001311302185 0.33000001311302185 0.33000001311302185 0.0 0.0 0.0 0.0 0.0 0.0 0.0 0.0 0.0 0.0 0.0 0.0 0.0 0.0 0.0 0.09000000357627869 0.0 -0.27000001072883606 0.0 0.09000000357627869 -0.27000001072883606 0.09000000357627869 0.09000000357627869 0.0 0.0 0.0 0.0 0.0 0.0 0.0 0.0 0.0 0.0 0.0 0.0 0.0 0.0 0.0 0.0 0.0 0.0 0.0 0.0 0.0 0.0 0.0 0.0 0.0 0.0 0.0 0.0 -0.18000000715255737 0.09000000357627869 0.09000000357627869 0.0 0.05000000074505806 0.0 -0.30000001192092896 0.33000001311302185 0.33000001311302185 0.33000001311302185 0.0 0.0 0.0 0.0 0.0 0.0 0.0 0.0 0.0 0.0 0.0 -0.7599999904632568 0.0 0.0 0.0 0.0 0.0 0.09000000357627869 0.0 0.09000000357627869 0.09000000357627869 0.0 0.09000000357627869 0.0 0.0 0.0 0.0 -0.699999988079071 0.4399999976158142 0.6399999856948853 -0.800000011920929 0.46000000834465027 0.0 -0.800000011920929 0.46000000834465027 0.46000000834465027 0.5099999904632568 -0.5099999904632568 0.0 0.0 0.07000000029802322 0.09000000357627869 0.05000000074505806 0.09000000357627869 0.09000000357627869 0.0 0.4300000071525574 0.5099999904632568 -0.5099999904632568 -0.4699999988079071 0.0 -0.019999999552965164 0.09000000357627869 0.09000000357627869 0.5099999904632568 -0.5099999904632568 0.0 0.0 0.0 0.09000000357627869 0.0 0.09000000357627869 -0.6600000262260437 0.4300000071525574 -0.27000001072883606 0.09000000357627869 0.09000000357627869 0.09000000357627869 0.0 0.0 0.0 0.3100000023841858 0.0 0.0 0.0 0.0 0.0 0.0 0.0 0.0 0.0 0.09000000357627869 0.0 0.6200000047683716 -0.7599999904632568 -0.7599999904632568 -0.27000001072883606 0.0 0.14000000059604645 0.550000011920929 -0.550000011920929 -0.6200000047683716 0.0 0.0
66 0.09000000357627869 0.09000000357627869 0.33000001311302185 0.6200000047683716 -0.7599999904632568 -0.7599999904632568 0.0 0.0 0.0 0.09000000357627869 0.0 0.0 0.0 -0.18000000715255737 0.09000000357627869 0.09000000357627869 0.20000000298023224 0.09000000357627869 0.09000000357627869 -0.699999988079071 0.4399999976158142 0.6399999856948853 -0.800000011920929 0.46000000834465027 0.46000000834465027 -0.800000011920929 0.46000000834465027 0.46000000834465027 0.5099999904632568 0.0 0.0 0.3100000023841858 0.0 0.0 0.0 0.09000000357627869 0.0 -0.18000000715255737 0.09000000357627869 0.09000000357627869 -0.18000000715255737 0.09000000357627869 0.09000000357627869 0.0 0.0 0.0 0.0 0.0 0.0 0.0 0.0 0.0 0.0 0.0 0.0 0.0 0.0 0.09000000357627869 0.0 0.0 0.0 0.0 0.0 0.0 0.0 0.0 0.0 0.0 0.0 0.0 0.0 0.0 0.0 0.0 0.0 0.0 0.0 0.0 0.0 0.0 0.0 -0.18000000715255737 0.09000000357627869 0.09000000357627869 0.0 0.05000000074505806 0.0 -0.30000001192092896 0.33000001311302185 0.33000001311302185 0.33000001311302185 0.0 0.0 0.0 0.0 0.0 0.0 0.0 0.0 0.0 0.0 0.0 -0.7599999904632568 0.0 0.0 0.0 0.0 0.0 0.09000000357627869 0.0 0.09000000357627869 0.09000000357627869 0.0 0.09000000357627869 0.0 0.0 0.0 0.0 -0.699999988079071 0.4399999976158142 0.6399999856948853 0.0 0.46000000834465027 0.5099999904632568 -0.5099999904632568 0.0 0.0 0.0 0.09000000357627869 0.0 0.09000000357627869 -0.6600000262260437 0.4300000071525574 -0.27000001072883606 0.09000000357627869 0.09000000357627869 0.09000000357627869 0.5099999904632568 -0.5099999904632568 -0.4699999988079071 0.0 -0.019999999552965164 0.09000000357627869 0.09000000357627869 0.5099999904632568 -0.5099999904632568 0.0 0.0 0.0 0.09000000357627869 0.0 0.09000000357627869 -0.6600000262260437 0.4300000071525574 -0.27000001072883606 0.09000000357627869 0.09000000357627869 0.09000000357627869 0.0 0.0 0.0 0.3100000023841858 0.0 0.0 0.0 0.09000000357627869 -0.27000001072883606 0.09000000357627869 0.0 -0.27000001072883606 0.09000000357627869 0.0 0.09000000357627869 0.0 -0.5099999904632568 0.0 0.0 0.0 0.09000000357627869 0.0 0.0 0.09000000357627869 0.0 0.09000000357627869 0.0 0.6200000047683716 -0.7599999904632568 -0.7599999904632568 0.5099999904632568 -0.5099999904632568 0.0 0.0
67 -0.30000001192092896 0.33000001311302185 0.33000001311302185 0.33000001311302185 0.0 -0.5400000214576721 0.4300000071525574 0.11999999731779099 0.0 0.09000000357627869 0.0 0.0 0.0 -0.18000000715255737 0.09000000357627869 0.09000000357627869 0.20000000298023224 0.09000000357627869 0.09000000357627869 -0.699999988079071 0.4399999976158142 0.6399999856948853 -0.800000011920929 0.46000000834465027 0.46000000834465027 -0.800000011920929 0.46000000834465027 0.5099999904632568 0.0 0.0 0.3100000023841858 0.0 0.0 0.0 0.09000000357627869 0.0 -0.18000000715255737 0.09000000357627869 -0.18000000715255737 0.09000000357627869 0.09000000357627869 0.0 0.0 0.0 0.0 0.0 0.0 0.0 0.0 0.0 0.0 0.0 0.0 0.0 0.0 0.0 0.09000000357627869 0.0 0.0 -0.27000001072883606 0.09000000357627869 -0.27000001072883606 0.09000000357627869 0.09000000357627869 0.09000000357627869 0.0 0.0 0.0 0.0 0.0 0.0 0.10999999940395355 -0.5400000214576721 0.4300000071525574 0.0 0.11999999731779099 0.0 0.0 0.0 0.0 0.0 0.0 0.0 0.0 0.0 0.0 0.0 0.0 0.0 0.0 0.0 0.0 0.0 0.0 0.0 0.0 0.0 0.0 0.0 0.0 0.0 0.0 -0.18000000715255737 0.09000000357627869 0.09000000357627869 0.0 0.05000000074505806 0.0 -0.30000001192092896 0.33000001311302185 0.33000001311302185 0.33000001311302185 0.0 0.0 0.0 0.0 0.0 0.0 0.0 0.0 0.0 0.0 0.0 -0.7599999904632568 0.0 0.0 0.0 0.0 0.0 0.09000000357627869 0.0 0.09000000357627869 0.09000000357627869 0.0 0.09000000357627869 0.0 0.0 0.0 0.0 -0.699999988079071 0.4399999976158142 0.6399999856948853 -0.800000011920929 0.0 -0.800000011920929 0.46000000834465027 0.5099999904632568 -0.5099999904632568 0.0 0.0 0.0 0.09000000357627869 0.0 0.09000000357627869 -0.6600000262260437 0.4300000071525574 -0.27000001072883606 0.09000000357627869 0.09000000357627869 0.09000000357627869 0.5099999904632568 -0.5099999904632568 0.0 0.0 0.07000000029802322 0.09000000357627869 0.05000000074505806 0.09000000357627869 0.09000000357627869 0.0 0.4300000071525574 0.5099999904632568 -0.5099999904632568 0.0 0.0 0.0 0.09000000357627869 0.0 0.09000000357627869 -0.6600000262260437 0.4300000071525574 -0.27000001072883606 0.09000000357627869 0.09000000357627869 0.09000000357627869 0.0 0.0 0.0 0.3100000023841858 0.0 0.0 0.0 0.09000000357627869 -0.27000001072883606 0.09000000357627869 0.09000000357627869 0.0 -0.27000001072883606 0.09000000357627869 0.0 0.09000000357627869 0.0 -0.5099999904632568 0.0 0.0 0.0 0.09000000357627869 0.0 0.0 0.09000000357627869 0.0 0.09000000357627869 0.0 0.6200000047683716 -0.7599999904632568 -0.7599999904632568 0.5099999904632568 0.0 0.0
68 -0.5400000214576721 0.4300000071525574 0.0 0.0 0.0 0.09000000357627869 0.09000000357627869 0.20999999344348907 -0.30000001192092896 0.33000001311302185 0.0 0.33000001311302185 -0.7599999904632568 0.0 0.0 0.0 -0.18000000715255737 0.09000000357627869 0.20000000298023224 0.09000000357627869 0.09000000357627869 -0.699999988079071 0.4399999976158142 0.6399999856948853 -0.800000011920929 0.46000000834465027 0.46000000834465027 -0.800000011920929 0.46000000834465027 0.46000000834465027 0.0 0.3100000023841858 0.0 0.09000000357627869 0.0 0.0 0.0 0.0 0.0 0.0 0.0 0.0 0.0 0.0 0.0 0.0 0.0 0.0 0.0 0.09000000357627869 0.0 0.0 -0.27000001072883606 0.09000000357627869 0.09000000357627869 0.0 0.0 0.0 0.0 0.0 0.0 0.0 0.0 0.0 0.0 0.0 0.10999999940395355 -0.5400000214576721 0.4300000071525574 0.0 0.0 0.11999999731779099 0.0 0.0 0.0 0.0 0.0 -0.23000000417232513 0.1599999964237213 0.0 0.0 0.0 0.0 0.0 0.0 -0.18000000715255737 0.09000000357627869 0.0 0.0 0.0 0.0 0.0 0.0 0.0 0.0 0.0 0.0 0.0 0.0 0.0 0.0 0.0 0.0 0.0 0.0 0.0 0.0 0.0 0.0 0.0 0.0 0.0 0.0 0.0 0.0 -0.18000000715255737 0.09000000357627869 0.09000000357627869 0.0 0.05000000074505806 0.0 -0.30000001192092896 0.33000001311302185 0.33000001311302185 0.33000001311302185 0.0 0.0 0.0 0.0 0.0 0.0 0.0 0.0 0.0 0.0 0.0 -0.7599999904632568 0.0 0.0 0.0 0.0 0.0 0.09000000357627869 0.0 0.09000000357627869 0.09000000357627869 0.0 0.09000000357627869 0.0 0.0 0.0 0.0 0.4399999976158142 0.5099999904632568 -0.5099999904632568 0.0 0.0 0.0 0.09000000357627869 0.0 0.09000000357627869 -0.6600000262260437 0.4300000071525574 -0.27000001072883606 0.09000000357627869 0.09000000357627869 0.09000000357627869 0.5099999904632568 -0.5099999904632568 0.0 0.0 0.07000000029802322 0.09000000357627869 0.05000000074505806 0.09000000357627869 0.09000000357627869 0.0 0.4300000071525574 0.5099999904632568 -0.5099999904632568 -0.4699999988079071 0.0 -0.019999999552965164 0.09000000357627869 0.09000000357627869 0.5099999904632568 -0.5099999904632568 0.0 0.3100000023841858 0.0 0.0 0.0 0.09000000357627869 -0.27000001072883606 0.09000000357627869 0.09000000357627869 0.0 -0.27000001072883606 0.09000000357627869 0.0 0.09000000357627869 0.0 -0.5099999904632568 0.0 0.0 0.0 0.09000000357627869 0.0 0.0 0.09000000357627869 0.0 0.09000000357627869 0.0 0.6200000047683716 -0.7599999904632568 -0.7599999904632568 0.5099999904632568 -0.5099999904632568 0.0 0.0 0.0 0.09000000357627869 -0.2800000011920929 0.09000000357627869 0.09000000357627869 0.6200000047683716 -0.7599999904632568 -0.7599999904632568 0.5099999904632568 0.0 -0.4699999988079071 0.3100000023841858 0.0 0.0 -0.2800000011920929 0.09000000357627869 0.09000000357627869 0.6200000047683716 -0.7599999904632568
69 -0.18000000715255737 0.09000000357627869 0.20999999344348907 0.05000000074505806 -0.30000001192092896 0.33000001311302185 0.33000001311302185 0.33000001311302185 0.0 0.0 0.0 0.0 0.11999999731779099 0.0 -0.5400000214576721 0.4300000071525574 -0.11999999731779099 0.11999999731779099 0.0 0.11999999731779099 0.0 0.0 0.0 0.0 0.09000000357627869 0.09000000357627869 0.20999999344348907 0.05000000074505806 0.05000000074505806 -0.30000001192092896 0.33000001311302185 0.0 0.33000001311302185 0.09000000357627869 0.6399999856948853 -0.800000011920929 0.46000000834465027 0.46000000834465027 -0.800000011920929 0.46000000834465027 0.46000000834465027 0.0 0.0 0.0 0.0 0.0 0.0 0.0 0.0 0.0 0.0 0.0 0.0 0.0 0.0 0.09000000357627869 0.0 0.0 -0.27000001072883606 0.09000000357627869 -0.27000001072883606 0.09000000357627869 0.09000000357627869 0.09000000357627869 0.0 0.0 0.0 0.0 0.0 0.0 0.0 0.0 0.0 0.0 0.0 0.0 0.0 0.0 0.0 0.0 0.0 0.0 0.0 0.0 0.09000000357627869 0.0 0.0 0.0 0.0 0.0 0.0 0.0 0.0 0.10999999940395355 -0.5400000214576721 0.4300000071525574 0.0 0.0 0.0 0.11999999731779099 0.0 0.0 0.0 0.0 0.0 0.0 0.0 0.0 0.0 0.0 0.0 0.0 0.09000000357627869 0.0 0.0 0.550000011920929 -0.550000011920929 -0.6200000047683716 0.3199999928474426 -0.27000001072883606 0.09000000357627869 0.09000000357627869 0.09000000357627869 0.0 0.0 0.0 -0.05000000074505806 0.0 0.0 0.0 0.1899999976158142 0.0 -0.5099999904632568 0.4399999976158142 0.3199999928474426 0.18000000715255737 0.0 0.0 0.0 0.0 0.0 0.0 0.0 0.0 0.0 0.0 0.11999999731779099 0.0 0.11999999731779099 0.0 0.0 -0.5099999904632568 0.0 0.0 0.0 0.0 0.0 0.0 0.0 -0.23000000417232513 0.1599999964237213 0.0 0.0 0.0 0.0 0.0 0.0 -0.18000000715255737 0.09000000357627869 0.0 0.0 0.0 0.0 0.0 0.0 0.0 0.0 0.0 0.0 0.0 0.0 0.0 0.0 0.0 0.0 0.0 0.0 0.0 0.0 0.0 0.0 0.0 0.0 0.0 0.0 0.0 0.0 -0.18000000715255737 0.09000000357627869 0.09000000357627869 0.0 0.05000000074505806 0.0 -0.30000001192092896 0.33000001311302185 0.33000001311302185 0.33000001311302185 0.0 0.0 0.0 0.0 0.0 0.0 0.0 0.0 0.0 0.0 0.0 -0.7599999904632568 0.0 0.0 0.0 0.0 0.0 0.09000000357627869 0.0 0.09000000357627869 0.0 0.09000000357627869 0.0 0.5099999904632568 -0.5099999904632568 0.0 0.0 0.0 0.09000000357627869 0.5099999904632568 -0.5099999904632568 0.0 0.0 0.07000000029802322 0.09000000357627869 0.05000000074505806 0.09000000357627869 0.09000000357627869 0.0 0.4300000071525574 0.5099999904632568 -0.5099999904632568 -0.4699999988079071 0.0 -0.019999999552965164 0.09000000357627869 0.09000000357627869 0.5099999904632568 -0.5099999904632568 0.0 0.0 0.0 0.09000000357627869 0.0 0.09000000357627869 -0.6600000262260437 0.4300000071525574 -0.27000001072883606 0.09000000357627869 0.09000000357627869 0.09000000357627869 0.0 0.0 0.0 0.0 0.0 0.09000000357627869 0.0 0.0 0.09000000357627869 0.0 0.09000000357627869 0.0 0.6200000047683716 -0.7599999904632568 -0.7599999904632568 0.5099999904632568 -0.5099999904632568 0.0 0.0 0.0 0.09000000357627869 -0.2800000011920929 0.09000000357627869 0.09000000357627869 0.6200000047683716 -0.7599999904632568 -0.7599999904632568 0.5099999904632568 0.0 -0.4699999988079071 0.3100000023841858 0.0 0.0 -0.2800000011920929 0.09000000357627869 0.09000000357627869 0.6200000047683716 0.0 -0.7599999904632568 0.0 -0.5099999904632568 0.0 0.0 0.0 0.09000000357627869 0.0 0.0 0.09000000357627869 0.0 0.0 0.0 0.09000000357627869 0.09000000357627869 -0.27000001072883606 0.09000000357627869 0.09000000357627869 0.09000000357627869 0.0 0.0 0.0 0.3100000023841858 0.0 0.09000000357627869 -0.11999999731779099 0.11999999731779099 0.11999999731779099
7 0.0 0.09000000357627869 0.0 0.09000000357627869 0.5099999904632568 -0.5099999904632568 -0.4699999988079071 0.3100000023841858 0.0 0.09000000357627869 0.0 0.09000000357627869 -0.6600000262260437 0.4300000071525574 -0.27000001072883606 0.09000000357627869 0.09000000357627869 0.09000000357627869 0.5099999904632568 -0.5099999904632568 0.0 0.3100000023841858 0.07000000029802322 0.09000000357627869 0.05000000074505806 0.09000000357627869 0.09000000357627869 -0.6600000262260437 0.4300000071525574 0.5099999904632568 -0.5099999904632568 -0.4699999988079071 0.3100000023841858 -0.019999999552965164 0.09000000357627869 0.09000000357627869 0.5099999904632568 -0.5099999904632568 0.0 0.3100000023841858 0.0 0.09000000357627869 -0.27000001072883606 0.09000000357627869 0.09000000357627869 0.09000000357627869 0.0 -0.5099999904632568 -0.4699999988079071 0.3100000023841858 0.0 0.09000000357627869 -0.18000000715255737 0.09000000357627869 0.09000000357627869 0.0 -0.11999999731779099 0.11999999731779099 -0.11999999731779099 0.11999999731779099 -0.11999999731779099 0.11999999731779099 -0.11999999731779099 0.11999999731779099 -0.11999999731779099 0.11999999731779099 0.0 -0.5099999904632568 -0.28999999165534973 0.0 0.09000000357627869 0.09000000357627869 0.019999999552965164 0.09000000357627869 -0.18000000715255737 0.09000000357627869 0.09000000357627869 -0.18000000715255737 0.09000000357627869 0.09000000357627869 0.0 -0.5099999904632568 -0.4699999988079071 0.3100000023841858 0.07000000029802322 0.09000000357627869 0.05000000074505806 0.09000000357627869 0.09000000357627869 -0.6600000262260437 0.4300000071525574 0.5099999904632568 -0.5099999904632568 0.0 0.3100000023841858 0.0 -0.18000000715255737 0.09000000357627869 0.0 -0.27000001072883606 0.09000000357627869 0.09000000357627869 0.09000000357627869 0.09000000357627869
70 0.0 0.0 0.0 0.0 0.0 0.0 0.0 0.0 0.0 0.0 0.09000000357627869 0.0 0.0 0.0 0.09000000357627869 0.0 0.09000000357627869 0.09000000357627869 0.20999999344348907 0.05000000074505806 0.05000000074505806 -0.30000001192092896 0.33000001311302185 0.0 0.33000001311302185 0.0 0.0 0.0 0.0 0.0 0.0 0.0 -0.5099999904632568 0.0 0.3100000023841858 0.0 0.09000000357627869 0.05000000074505806 0.09000000357627869 0.09000000357627869 -0.6600000262260437 0.4300000071525574 0.05000000074505806 0.33000001311302185 -0.4699999988079071 0.0 0.0 0.09000000357627869 0.0 0.09000000357627869 0.09000000357627869 0.6200000047683716 -0.7599999904632568 -0.7599999904632568 0.0 0.0 0.0 0.3100000023841858 0.0 0.0 0.0 0.09000000357627869 0.0 0.0 0.0 -0.18000000715255737 0.09000000357627869 0.09000000357627869 0.20000000298023224 0.09000000357627869 0.09000000357627869 -0.699999988079071 0.4399999976158142 0.6399999856948853 -0.800000011920929 0.46000000834465027 0.46000000834465027 -0.800000011920929 0.46000000834465027 0.46000000834465027 0.5099999904632568 0.0 0.0 0.3100000023841858 0.0 0.0 0.0 0.0 0.0 0.0 0.0 0.0 0.0 0.0 0.0 0.0 0.0 0.0 0.0 0.0 0.09000000357627869 0.0 0.0 0.09000000357627869 0.0 0.0 0.0 0.0 0.0 0.0 0.0 0.0 0.0 0.0 0.0 0.0 0.0 0.0 0.0 0.0 0.0 0.0 0.0 0.10999999940395355 -0.5400000214576721 0.4300000071525574 0.0 0.0 0.11999999731779099 0.0 0.0 0.11999999731779099 0.0 0.11999999731779099 0.0 -0.5099999904632568 0.0 0.0 0.0 0.0 0.0 0.0 0.0 -0.23000000417232513 0.1599999964237213 0.0 0.0 0.0 0.0 0.0 0.0 -0.18000000715255737 0.09000000357627869 0.0 0.0 0.0 0.0 0.0 0.0 0.0 0.0 0.0 0.0 0.0 0.0 0.0 0.0 0.0 0.0 0.0 0.0 0.0 0.0 0.0 0.0 0.0 0.0 0.0 0.0 0.0 0.0 -0.18000000715255737 0.09000000357627869 0.09000000357627869 0.0 0.05000000074505806 0.0 -0.30000001192092896 0.33000001311302185 0.33000001311302185 0.33000001311302185 0.0 0.0 0.0 0.0 0.0 0.0 0.0 0.0 0.0 0.0 0.0 -0.7599999904632568 0.0 0.0 0.0 0.0 0.0 0.09000000357627869 0.0 0.09000000357627869 0.0 0.09000000357627869 0.0 0.5099999904632568 -0.5099999904632568 0.0 0.0 0.0 0.09000000357627869 0.0 0.09000000357627869 -0.6600000262260437 0.4300000071525574 -0.27000001072883606 0.09000000357627869 0.09000000357627869 0.5099999904632568 -0.5099999904632568 0.0 0.0 0.07000000029802322 0.09000000357627869 0.05000000074505806 0.09000000357627869 0.09000000357627869 0.0 0.4300000071525574 0.5099999904632568 -0.5099999904632568 -0.4699999988079071 0.0 -0.019999999552965164 0.09000000357627869 0.09000000357627869 0.5099999904632568 -0.5099999904632568 0.0 0.0 0.0 0.09000000357627869 0.0 0.09000000357627869 -0.6600000262260437 0.4300000071525574 -0.27000001072883606 0.09000000357627869 0.09000000357627869 0.09000000357627869 0.0 0.0 0.0 0.3100000023841858 0.0 0.0 0.0 0.09000000357627869 -0.27000001072883606 0.09000000357627869 0.09000000357627869 0.0 -0.27000001072883606 0.09000000357627869 0.0 0.09000000357627869 0.0 -0.5099999904632568 0.0 0.0 0.0 0.09000000357627869 -0.2800000011920929 0.09000000357627869 0.09000000357627869 0.6200000047683716 -0.7599999904632568 -0.7599999904632568 0.5099999904632568 0.0 -0.4699999988079071 0.3100000023841858 0.0 0.0 -0.2800000011920929 0.09000000357627869 0.09000000357627869 0.6200000047683716 0.0 -0.7599999904632568 0.0 -0.5099999904632568 0.0 0.0 0.0 0.09000000357627869 0.0 0.0 0.09000000357627869 0.0 0.0 0.0 0.09000000357627869 0.09000000357627869 0.0 -0.27000001072883606 0.09000000357627869 0.09000000357627869 0.09000000357627869 0.0 0.05000000074505806 -0.30000001192092896 0.33000001311302185 0.33000001311302185 -0.27000001072883606 0.09000000357627869 0.09000000357627869 -0.27000001072883606 0.09000000357627869 0.09000000357627869 0.0 0.0 -0.11999999731779099 0.11999999731779099 -0.11999999731779099 0.11999999731779099
71 0.0 0.0 0.0 0.0 0.0 0.0 0.0 0.0 0.0 0.0 0.0 0.0 0.0 0.0 0.09000000357627869 0.0 0.0 0.0 0.09000000357627869 0.0 0.09000000357627869 0.09000000357627869 0.20999999344348907 0.05000000074505806 0.05000000074505806 -0.30000001192092896 0.33000001311302185 0.0 0.33000001311302185 0.0 0.0 0.0 0.0 0.0 0.0 0.0 -0.5099999904632568 0.0 0.3100000023841858 0.0 0.09000000357627869 0.05000000074505806 0.09000000357627869 0.09000000357627869 -0.6600000262260437 0.4300000071525574 0.0 -0.4699999988079071 0.3100000023841858 0.0 0.0 0.09000000357627869 0.09000000357627869 0.6200000047683716 -0.7599999904632568 -0.7599999904632568 0.0 -0.699999988079071 0.4399999976158142 0.6399999856948853 -0.800000011920929 0.46000000834465027 0.46000000834465027 -0.800000011920929 0.46000000834465027 0.46000000834465027 0.0 0.0 0.0 0.0 0.0 0.0 0.0 0.0 0.09000000357627869 0.0 0.09000000357627869 0.0 0.0 0.0 0.0 0.0 0.0 0.0 0.0 0.0 0.0 0.0 0.0 0.0 0.09000000357627869 0.0 0.0 0.0 0.0 0.0 0.0 0.0 0.09000000357627869 0.0 0.0 0.0 0.0 0.0 0.0 0.0 0.0 0.10999999940395355 -0.5400000214576721 0.4300000071525574 0.0 0.0 0.0 0.11999999731779099 0.0 0.0 0.0 0.0 0.0 0.0 0.0 0.0 0.09000000357627869 0.0 0.0 0.0 0.0 0.0 0.09000000357627869 -0.550000011920929 0.0 0.0 0.0 0.0 0.0 -0.05000000074505806 0.0 0.0 0.0 0.1899999976158142 0.0 -0.5099999904632568 0.4399999976158142 0.3199999928474426 0.18000000715255737 0.0 0.0 0.0 0.0 0.0 0.0 0.0 0.0 0.0 0.0 0.0 0.11999999731779099 0.0 0.11999999731779099 0.0 0.0 0.0 0.0 0.0 0.0 0.0 -0.5099999904632568 0.0 0.0 0.0 0.0 0.0 0.0 0.0 -0.23000000417232513 0.1599999964237213 0.0 0.0 0.0 0.0 0.0 0.0 -0.18000000715255737 0.09000000357627869 0.0 0.0 0.0 0.0 0.0 0.0 0.0 0.0 0.0 0.0 0.0 0.0 0.0 0.0 0.0 0.0 0.0 0.0 0.0 0.0 0.0 0.0 0.0 0.0 0.0 0.0 0.0 0.0 -0.18000000715255737 0.09000000357627869 0.09000000357627869 0.0 0.05000000074505806 0.0 0.33000001311302185 0.0 0.0 0.0 0.0 0.0 0.0 0.0 0.0 0.0 0.0 0.0 -0.7599999904632568 0.0 0.0 0.0 0.0 0.0 0.4300000071525574 0.5099999904632568 -0.5099999904632568 0.0 0.0 0.0 0.09000000357627869 0.0 0.09000000357627869 -0.6600000262260437 0.4300000071525574 -0.27000001072883606 0.09000000357627869 0.09000000357627869 0.09000000357627869 0.0 0.0 0.0 0.3100000023841858 0.0 0.0 0.0 0.09000000357627869 -0.27000001072883606 0.09000000357627869 0.09000000357627869 0.0 -0.27000001072883606 0.09000000357627869 0.0 0.09000000357627869 0.0 -0.5099999904632568 0.0 0.0 0.0 0.09000000357627869 0.0 0.0 0.09000000357627869 0.0 0.09000000357627869 0.0 0.6200000047683716 -0.7599999904632568 -0.7599999904632568 0.5099999904632568 -0.5099999904632568 -0.4699999988079071 0.3100000023841858 0.0 0.0 -0.2800000011920929 0.09000000357627869 0.09000000357627869 0.6200000047683716 0.0 -0.7599999904632568 0.0 -0.5099999904632568 0.0 0.0 0.0 0.09000000357627869 0.0 0.0 0.09000000357627869 0.0 0.0 0.0 0.09000000357627869 0.09000000357627869 0.0 -0.27000001072883606 0.09000000357627869 0.09000000357627869 0.09000000357627869 0.0 0.0 0.0 0.3100000023841858 0.0 0.0 0.0 0.09000000357627869 0.0 0.0 0.09000000357627869 0.0 -0.5099999904632568 0.0 0.0 0.0 0.0 0.0 0.0 0.0 0.0 0.0 0.0 0.0 0.0 0.0 0.0 0.0 0.0 0.0 -0.11999999731779099 -0.11999999731779099 0.11999999731779099 0.0 0.0 0.0 0.0 0.0 0.0 0.0 0.0 0.09000000357627869 -0.18000000715255737 0.09000000357627869 0.09000000357627869 0.0 0.05000000074505806 0.0 -0.30000001192092896 0.33000001311302185 0.33000001311302185 0.33000001311302185 0.0 -0.5099999904632568 0.0 0.0 0.0 0.09000000357627869 0.0 0.0 0.09000000357627869 0.0 0.0 -0.27000001072883606 0.09000000357627869 0.0 0.09000000357627869 -0.27000001072883606 0.09000000357627869 0.09000000357627869 0.09000000357627869 0.0 0.0 0.0 0.3100000023841858 0.0 -0.5099999904632568 0.0 0.0 -0.18000000715255737 0.09000000357627869 0.0 0.0 0.0 -0.11999999731779099 0.11999999731779099 -0.11999999731779099 0.11999999731779099 0.0 0.0 0.0 0.0
72 0.0 0.0 0.0 0.11999999731779099 0.0 0.0 0.09000000357627869 0.09000000357627869 0.20999999344348907 0.05000000074505806 0.05000000074505806 -0.30000001192092896 0.33000001311302185 0.0 0.33000001311302185 0.0 0.0 0.0 0.0 0.0 0.0 0.0 0.0 0.0 0.0 0.0 0.0 0.0 0.0 0.0 0.09000000357627869 0.0 0.0 0.0 0.0 0.0 0.0 0.0 0.0 0.10999999940395355 -0.5400000214576721 0.4300000071525574 0.0 0.0 0.0 0.11999999731779099 0.0 0.0 0.0 0.0 0.0 0.0 0.0 0.0 0.0 0.0 0.0 0.0 0.09000000357627869 0.0 0.0 0.0 0.0 0.0 0.0 0.0 0.0 0.09000000357627869 0.0 0.0 0.09000000357627869 0.550000011920929 -0.550000011920929 -0.6200000047683716 0.3199999928474426 0.30000001192092896 0.0 0.0 0.0 0.3100000023841858 0.0 0.0 0.0 -0.5099999904632568 0.0 0.0 0.0 0.09000000357627869 0.0 0.09000000357627869 0.0 0.4300000071525574 -0.27000001072883606 0.09000000357627869 0.09000000357627869 0.09000000357627869 0.0 -0.7599999904632568 0.0 0.0 0.0 0.0 -0.27000001072883606 0.09000000357627869 0.09000000357627869 0.0 0.0 0.0 0.3100000023841858 0.0 0.0 0.0 0.09000000357627869 0.0 0.0 0.0 0.0 0.0 0.0 0.0 0.0 0.0 0.0 -0.05000000074505806 0.0 0.0 0.0 0.0 0.1899999976158142 0.0 0.4399999976158142 -0.5099999904632568 0.4399999976158142 0.3199999928474426 0.18000000715255737 0.0 0.0 0.0 0.0 0.0 0.0 0.0 0.0 0.0 0.0 0.0 0.11999999731779099 0.0 0.11999999731779099 0.0 0.0 0.0 0.0 0.0 0.0 0.0 -0.5099999904632568 0.0 0.0 0.0 0.0 0.0 0.0 0.0 -0.23000000417232513 0.1599999964237213 0.0 0.0 0.0 0.0 0.0 0.0 -0.18000000715255737 0.09000000357627869 0.0 0.0 0.0 0.0 0.0 0.0 0.0 0.0 0.0 0.0 0.0 0.0 0.0 0.0 0.0 0.0 0.0 0.0 0.0 0.0 0.0 0.0 -0.18000000715255737 0.09000000357627869 0.09000000357627869 0.33000001311302185 0.0 0.0 0.0 0.0 0.09000000357627869 0.0 -0.27000001072883606 0.09000000357627869 0.09000000357627869 0.09000000357627869 0.0 0.0 0.0 0.3100000023841858 0.0 0.0 0.0 0.09000000357627869 -0.27000001072883606 0.09000000357627869 0.09000000357627869 0.0 -0.27000001072883606 0.09000000357627869 0.0 0.09000000357627869 0.0 -0.5099999904632568 0.0 0.0 0.0 0.09000000357627869 0.0 0.0 0.09000000357627869 0.0 0.09000000357627869 0.0 0.6200000047683716 -0.7599999904632568 0.5099999904632568 -0.5099999904632568 0.0 0.0 0.0 0.09000000357627869 -0.2800000011920929 0.09000000357627869 0.09000000357627869 0.6200000047683716 -0.7599999904632568 -0.7599999904632568 0.5099999904632568 0.0 0.0 0.0 0.0 0.09000000357627869 0.0 0.0 0.09000000357627869 0.0 0.0 0.0 0.09000000357627869 0.09000000357627869 0.0 -0.27000001072883606 0.09000000357627869 0.09000000357627869 0.09000000357627869 0.0 0.0 0.0 0.3100000023841858 0.0 0.0 0.0 0.09000000357627869 0.0 0.09000000357627869 0.0 0.0 0.0 0.0 0.09000000357627869 -0.27000001072883606 0.09000000357627869 0.09000000357627869 0.09000000357627869 0.0 -0.5099999904632568 0.0 0.0 0.0 0.09000000357627869 0.0 0.09000000357627869 0.0 0.0 0.0 0.0 0.0 0.0 0.0 0.0 0.0 0.0 -0.5099999904632568 0.0 0.0 0.0 0.0 0.0 -0.11999999731779099 -0.11999999731779099 0.11999999731779099 0.0 0.0 0.0 0.0 -0.18000000715255737 0.09000000357627869 0.09000000357627869 0.0 0.05000000074505806 0.0 -0.30000001192092896 0.33000001311302185 0.33000001311302185 0.09000000357627869 0.0 -0.27000001072883606 0.09000000357627869 0.0 0.09000000357627869 -0.27000001072883606 0.09000000357627869 0.09000000357627869 -0.11999999731779099 0.11999999731779099 -0.11999999731779099 0.11999999731779099 0.0
73 0.0 0.0 0.09000000357627869 0.0 0.0 0.0 0.09000000357627869 0.09000000357627869 0.20999999344348907 0.05000000074505806 0.05000000074505806 -0.30000001192092896 0.33000001311302185 0.0 0.33000001311302185 -0.5099999904632568 0.09000000357627869 0.0 0.0 0.0 0.0 0.0 0.0 0.0 0.0 0.0 0.09000000357627869 0.0 0.0 0.0 0.0 0.0 0.0 0.09000000357627869 0.0 0.0 0.0 0.0 0.0 0.0 0.10999999940395355 -0.5400000214576721 0.4300000071525574 0.0 0.0 0.0 0.11999999731779099 0.0 0.0 0.0 0.0 0.0 0.0 0.0 0.0 0.0 0.0 0.0 0.0 0.0 0.0 0.09000000357627869 0.0 0.0 0.0 0.0 0.0 0.0 0.0 0.0 0.0 0.0 0.0 0.0 0.09000000357627869 0.0 0.0 -0.550000011920929 0.0 0.0 0.0 0.0 0.0 0.0 0.0 0.0 0.0 0.09000000357627869 0.0 0.4300000071525574 -0.27000001072883606 0.09000000357627869 0.09000000357627869 0.09000000357627869 0.0 -0.7599999904632568 0.0 0.0 0.0 0.09000000357627869 0.0 0.0 0.0 0.0 0.09000000357627869 -0.27000001072883606 0.09000000357627869 0.09000000357627869 0.09000000357627869 -0.27000001072883606 0.0 0.09000000357627869 0.0 0.0 0.0 0.3100000023841858 0.0 0.0 0.0 0.09000000357627869 0.0 0.0 0.0 0.0 -0.18000000715255737 0.09000000357627869 0.09000000357627869 0.0 0.0 0.0 0.0 0.0 0.0 0.0 0.0 0.0 0.0 -0.05000000074505806 0.0 0.0 0.0 0.0 0.1899999976158142 0.0 0.4399999976158142 -0.5099999904632568 0.4399999976158142 0.3199999928474426 0.18000000715255737 0.0 0.0 0.0 0.0 0.0 0.0 0.0 0.0 0.0 0.0 0.0 0.11999999731779099 0.0 0.11999999731779099 0.0 0.0 0.0 0.0 0.0 0.0 0.0 -0.5099999904632568 0.0 0.0 0.0 0.0 0.0 0.0 0.0 -0.23000000417232513 0.1599999964237213 0.0 0.0 0.0 0.0 0.0 0.0 -0.18000000715255737 0.09000000357627869 0.0 0.0 0.0 0.0 0.0 0.0 0.0 0.0 0.0 0.0 0.0 0.0 0.0 0.0 0.0 0.0 0.0 0.0 0.09000000357627869 -0.27000001072883606 0.09000000357627869 0.09000000357627869 0.0 -0.27000001072883606 0.09000000357627869 0.0 0.0 -0.5099999904632568 0.0 0.0 0.0 0.09000000357627869 0.0 0.0 0.09000000357627869 0.5099999904632568 -0.5099999904632568 0.0 0.0 0.0 0.09000000357627869 -0.2800000011920929 0.09000000357627869 0.09000000357627869 0.6200000047683716 -0.7599999904632568 -0.7599999904632568 0.5099999904632568 0.0 -0.4699999988079071 0.3100000023841858 0.0 0.0 -0.2800000011920929 0.09000000357627869 0.09000000357627869 0.6200000047683716 0.0 -0.7599999904632568 0.0 -0.5099999904632568 0.0 0.3100000023841858 0.0 0.0 0.0 0.09000000357627869 0.0 0.09000000357627869 0.0 0.0 0.0 0.0 0.09000000357627869 -0.27000001072883606 0.09000000357627869 0.09000000357627869 0.09000000357627869 0.0 -0.5099999904632568 0.0 0.0 0.0 0.09000000357627869 0.0 0.09000000357627869 0.0 0.0 0.09000000357627869 0.0 0.0 0.0 0.0 0.0 0.0 0.0 0.0 0.0 -0.5099999904632568 0.0 0.0 0.0 0.0 -0.18000000715255737 0.09000000357627869 0.0 -0.11999999731779099 -0.11999999731779099 -0.11999999731779099 0.11999999731779099 -0.11999999731779099 0.11999999731779099 -0.11999999731779099 0.11999999731779099 0.5099999904632568 0.0 -0.28999999165534973 0.09000000357627869 0.0 -0.2800000011920929 0.09000000357627869 0.0 0.6200000047683716 -0.7599999904632568 -0.7599999904632568 0.0 0.0 0.0 0.3100000023841858 0.0 0.0 0.0 0.0 0.0 0.0 0.0 0.0 0.0 0.0 0.0 0.0 0.11999999731779099 0.0 0.0 0.0 0.0 0.0 0.0 0.0 0.0 0.0 0.0 0.0 0.0 0.0 0.0 0.0 0.0 0.0 0.0 0.0 0.0 0.0 0.0 0.0 0.0 0.0 0.0 0.0 0.0 0.0 0.0 -0.18000000715255737 0.0 0.0 0.0 -0.11999999731779099 0.11999999731779099 -0.11999999731779099 0.11999999731779099 0.0 0.0 0.0 0.0 0.0 0.0 0.0 0.0 0.0 0.09000000357627869 -0.5099999904632568 0.09000000357627869 -0.4699999988079071 0.3100000023841858 0.0 0.09000000357627869 0.0 0.09000000357627869 0.09000000357627869 0.0 0.0 0.09000000357627869 -0.18000000715255737 0.09000000357627869 0.09000000357627869 0.0 0.05000000074505806 0.0 -0.30000001192092896 0.33000001311302185 0.33000001311302185 0.33000001311302185 0.0 -0.5099999904632568 0.0 0.3100000023841858 0.0 0.0 0.0 0.0 -0.5099999904632568 0.0 0.0 0.0 0.09000000357627869 0.0 0.0 0.09000000357627869 0.0 0.0 -0.27000001072883606 0.09000000357627869 0.0 0.09000000357627869 -0.27000001072883606 0.09000000357627869 0.09000000357627869 0.09000000357627869 0.0 0.0 0.0 0.3100000023841858 0.0 0.0 -0.5099999904632568 -0.18000000715255737 0.0 0.0 0.0 0.0 -0.11999999731779099 0.11999999731779099 -0.11999999731779099 0.11999999731779099 0.0 0.0 0.0 0.0 0.0 0.0 0.0 0.0 0.09000000357627869 0.0 0.09000000357627869 0.0 0.0 0.0 0.0 0.0 0.0 0.0 0.0 0.0 0.0
74 0.4300000071525574 0.11999999731779099 0.0 0.0 0.0 0.0 0.0 0.0 0.0 0.0 0.0 0.0 0.0 0.0 0.09000000357627869 0.0 0.0 0.0 0.0 0.0 0.0 0.0 0.0 0.0 0.09000000357627869 0.0 0.0 0.550000011920929 -0.550000011920929 0.0 0.0 0.0 0.3100000023841858 0.0 0.0 0.0 0.0 0.0 0.09000000357627869 0.0 0.550000011920929 -0.6200000047683716 0.0 0.0 -0.5099999904632568 0.0 0.0 0.0 0.09000000357627869 0.0 0.09000000357627869 0.0 0.4300000071525574 -0.27000001072883606 0.09000000357627869 0.09000000357627869 0.09000000357627869 0.5099999904632568 -0.5099999904632568 -0.4699999988079071 0.3100000023841858 0.0 0.6200000047683716 -0.7599999904632568 -0.7599999904632568 0.5099999904632568 -0.4699999988079071 0.3100000023841858 0.0 0.09000000357627869 -0.2800000011920929 0.09000000357627869 0.09000000357627869 0.6200000047683716 0.0 -0.7599999904632568 0.5099999904632568 -0.5099999904632568 0.0 0.3100000023841858 0.0 0.09000000357627869 0.0 0.09000000357627869 0.0 0.5099999904632568 -0.5099999904632568 0.0 0.0 0.0 0.09000000357627869 0.0 0.0 0.0 0.0 0.09000000357627869 -0.27000001072883606 0.09000000357627869 0.09000000357627869 0.09000000357627869 -0.27000001072883606 0.09000000357627869 0.0 0.09000000357627869 0.0 0.0 0.0 0.3100000023841858 0.0 0.0 0.0 0.09000000357627869 0.0 0.0 0.0 0.0 -0.18000000715255737 0.09000000357627869 0.09000000357627869 0.0 0.0 0.0 0.0 0.0 0.0 0.0 0.0 0.0 0.0 -0.05000000074505806 0.0 0.0 0.0 0.0 0.1899999976158142 0.0 0.4399999976158142 -0.5099999904632568 0.4399999976158142 0.3199999928474426 0.18000000715255737 0.0 0.0 0.0 0.0 0.0 0.0 0.0 0.0 0.0 0.0 0.0 0.11999999731779099 0.0 0.11999999731779099 0.0 0.0 0.0 0.0 0.0 -0.5099999904632568 0.0 0.0 0.0 0.0 0.0 0.0 0.0 -0.23000000417232513 0.1599999964237213 0.0 0.0 0.0 0.0 0.09000000357627869 0.09000000357627869 0.0 0.0 0.09000000357627869 -0.2800000011920929 0.09000000357627869 0.09000000357627869 0.5099999904632568 0.0 -0.4699999988079071 0.3100000023841858 0.0 0.0 -0.2800000011920929 0.09000000357627869 0.09000000357627869 0.6200000047683716 0.0 -0.7599999904632568 0.0 -0.5099999904632568 0.0 0.0 0.0 0.09000000357627869 0.0 0.0 0.09000000357627869 0.0 0.0 0.0 0.09000000357627869 0.09000000357627869 0.0 -0.27000001072883606 0.09000000357627869 0.09000000357627869 0.09000000357627869 0.0 0.0 0.0 0.0 0.0 0.09000000357627869 0.0 0.09000000357627869 0.0 0.0 0.09000000357627869 0.0 0.0 0.0 0.0 0.0 0.0 0.0 0.0 0.0 -0.5099999904632568 0.0 0.0 0.0 0.0 -0.18000000715255737 0.09000000357627869 0.09000000357627869 0.0 -0.11999999731779099 0.11999999731779099 -0.11999999731779099 0.11999999731779099 -0.11999999731779099 0.11999999731779099 -0.11999999731779099 0.11999999731779099 -0.11999999731779099 0.11999999731779099 0.5099999904632568 0.0 -0.28999999165534973 0.0 0.09000000357627869 0.09000000357627869 0.0 0.09000000357627869 -0.18000000715255737 0.09000000357627869 0.09000000357627869 -0.18000000715255737 0.09000000357627869 0.09000000357627869 0.0 -0.5099999904632568 0.0 0.5099999904632568 0.0 0.0 0.0 0.09000000357627869 -0.2800000011920929 0.09000000357627869 0.0 0.6200000047683716 -0.7599999904632568 -0.7599999904632568 0.0 0.0 0.0 0.3100000023841858 0.0 0.0 0.0 0.0 0.0 0.0 0.0 0.0 0.0 0.0 0.0 0.0 0.0 0.0 0.0 0.0 0.0 0.0 -0.18000000715255737 0.0 0.0 0.0 -0.11999999731779099 0.11999999731779099 -0.11999999731779099 0.11999999731779099 0.0 0.0 0.0 0.0 0.0 0.0 0.0 -0.4699999988079071 0.0 0.0 -0.27000001072883606 0.09000000357627869 0.09000000357627869 0.09000000357627869 0.5099999904632568 -0.5099999904632568 0.09000000357627869 -0.18000000715255737 0.09000000357627869 0.09000000357627869 0.0 0.05000000074505806 0.0 0.33000001311302185 -0.27000001072883606 0.09000000357627869 0.0 0.09000000357627869 0.0 0.0 0.09000000357627869 0.0 0.09000000357627869 0.0 0.0 0.0 0.0 0.0 0.0 0.0 0.0 0.0 0.0 -0.5099999904632568 -0.18000000715255737 0.09000000357627869 0.09000000357627869 0.09000000357627869 0.09000000357627869 0.09000000357627869 -0.6600000262260437 0.4300000071525574 0.09000000357627869 0.09000000357627869
75 0.0 0.0 -0.27000001072883606 0.09000000357627869 0.0 0.09000000357627869 0.0 0.0 0.11999999731779099 0.0 0.0 0.0 0.0 0.0 0.0 0.0 0.0 0.0 0.0 0.0 0.0 0.0 0.0 0.0 0.0 0.0 0.0 0.0 0.0 0.0 0.0 0.09000000357627869 0.0 0.0 0.0 0.0 0.0 0.0 0.0 0.0 0.0 0.0 0.0 0.0 0.09000000357627869 0.0 0.0 0.0 0.0 0.3100000023841858 0.0 0.0 0.0 0.0 0.0 0.09000000357627869 0.0 0.550000011920929 -0.6200000047683716 0.3199999928474426 0.0 0.0 0.0 0.0 0.0 0.09000000357627869 0.0 0.09000000357627869 0.0 0.4300000071525574 -0.27000001072883606 0.09000000357627869 0.09000000357627869 0.09000000357627869 0.09000000357627869 0.6200000047683716 0.0 -0.7599999904632568 0.5099999904632568 -0.5099999904632568 0.0 0.3100000023841858 0.0 0.09000000357627869 0.0 0.09000000357627869 0.0 0.5099999904632568 -0.5099999904632568 0.0 0.0 0.0 0.09000000357627869 0.0 0.0 0.0 0.0 0.09000000357627869 -0.27000001072883606 0.09000000357627869 0.09000000357627869 0.09000000357627869 -0.27000001072883606 0.09000000357627869 0.0 0.09000000357627869 0.0 0.0 0.0 0.3100000023841858 0.0 0.0 0.0 0.09000000357627869 0.0 0.0 0.0 0.0 -0.18000000715255737 0.09000000357627869 0.09000000357627869 0.0 0.0 0.0 0.0 0.0 0.0 0.0 0.0 0.0 0.0 -0.05000000074505806 0.0 0.0 0.0 0.0 0.1899999976158142 0.0 0.4399999976158142 -0.5099999904632568 0.4399999976158142 0.3199999928474426 0.18000000715255737 0.0 0.0 0.0 0.0 0.0 0.0 0.0 0.0 0.0 0.0 0.0 0.11999999731779099 0.0 0.11999999731779099 0.0 0.0 0.0 0.0 0.0 0.0 0.0 -0.5099999904632568 0.0 0.0 0.0 0.0 0.0 0.0 0.0 -0.23000000417232513 0.1599999964237213 0.0 0.0 0.0 0.0 0.0 -0.18000000715255737 0.09000000357627869 0.0 0.0 0.09000000357627869 -0.2800000011920929 0.09000000357627869 0.09000000357627869 0.6200000047683716 -0.7599999904632568 0.5099999904632568 0.0 -0.4699999988079071 0.3100000023841858 0.0 0.0 -0.2800000011920929 0.09000000357627869 0.09000000357627869 0.6200000047683716 0.0 -0.7599999904632568 0.0 -0.5099999904632568 0.0 0.0 0.0 0.09000000357627869 0.0 0.0 0.09000000357627869 0.0 0.0 0.0 0.09000000357627869 0.09000000357627869 0.0 -0.27000001072883606 0.09000000357627869 0.09000000357627869 0.09000000357627869 0.0 0.0 0.0 0.3100000023841858 0.0 0.0 0.0 0.09000000357627869 0.0 0.09000000357627869 0.0 0.0 0.0 0.0 0.09000000357627869 -0.27000001072883606 0.09000000357627869 0.09000000357627869 0.09000000357627869 0.0 -0.5099999904632568 0.0 0.0 0.0 0.0 -0.18000000715255737 0.09000000357627869 0.09000000357627869 0.0 -0.11999999731779099 0.11999999731779099 -0.11999999731779099 0.11999999731779099 -0.11999999731779099 0.11999999731779099 -0.11999999731779099 0.11999999731779099 -0.11999999731779099 0.11999999731779099 0.5099999904632568 0.0 -0.28999999165534973 0.0 0.09000000357627869 0.09000000357627869 0.0 0.09000000357627869 -0.18000000715255737 0.09000000357627869 0.09000000357627869 -0.18000000715255737 0.09000000357627869 0.09000000357627869 0.0 -0.5099999904632568 0.0 0.3100000023841858 0.0 0.0 -0.2800000011920929 0.09000000357627869 0.09000000357627869 0.6200000047683716 -0.7599999904632568 -0.7599999904632568 0.5099999904632568 -0.5099999904632568 0.0 0.0 0.0 0.09000000357627869 -0.2800000011920929 0.09000000357627869 0.0 0.6200000047683716 -0.7599999904632568 -0.7599999904632568 0.0 0.0 0.0 0.3100000023841858 0.0 0.0 0.0 0.0 0.0 0.0 0.0 0.0 0.0 0.0 0.0 0.0 0.0 -0.18000000715255737 0.09000000357627869 0.09000000357627869 0.0 0.0 0.09000000357627869 0.0 0.0 0.0 0.0 0.0 0.0 0.0 0.0 0.0 0.0 0.0 0.0 0.0 0.0 0.11999999731779099 0.0 0.0 0.0 0.0 0.0 0.0 0.0 0.0 0.0 0.0 0.0 0.0 0.0 0.0 0.0 0.0 0.0 0.0 0.0 0.0 0.0 0.0 0.0 0.0 -0.18000000715255737 0.09000000357627869 0.0 0.0 0.0 0.0 0.0 0.0 0.0 -0.18000000715255737 0.0 0.0 0.0 -0.11999999731779099 0.11999999731779099 -0.11999999731779099 0.11999999731779099 0.0 0.0 0.0 0.0 0.0 0.0 0.0 -0.5099999904632568 0.0 0.0 0.0 0.09000000357627869 -0.18000000715255737 0.09000000357627869 0.09000000357627869 -0.18000000715255737 0.09000000357627869 0.0 -0.18000000715255737 0.09000000357627869 0.09000000357627869 0.0 0.05000000074505806 0.05000000074505806 -0.30000001192092896 0.33000001311302185 0.0 0.33000001311302185 0.5099999904632568 -0.5099999904632568 -0.4699999988079071 0.0 0.0 0.09000000357627869 -0.27000001072883606 0.09000000357627869 0.09000000357627869 0.09000000357627869 0.5099999904632568 -0.5099999904632568 -0.4699999988079071 0.09000000357627869 -0.5099999904632568 0.3100000023841858 0.0 0.0 0.09000000357627869 0.09000000357627869 0.0 0.0 0.09000000357627869 -0.18000000715255737 0.09000000357627869 0.09000000357627869 0.0 0.05000000074505806 0.0 -0.30000001192092896 0.33000001311302185 0.33000001311302185 0.33000001311302185 0.0 -0.5099999904632568 0.0 0.0 0.0 0.0 0.0 0.0 0.0 0.09000000357627869 0.0 0.0 0.09000000357627869 0.0 0.0 -0.27000001072883606 0.09000000357627869 0.0 0.09000000357627869 -0.27000001072883606 0.09000000357627869 0.09000000357627869 0.09000000357627869 0.0 0.0 -0.11999999731779099 0.11999999731779099 -0.11999999731779099 0.11999999731779099 0.0 0.0 0.0 0.0 0.0 0.0 0.0 0.0 0.0 0.0 0.0 0.0 0.0 0.0 0.0 0.09000000357627869 0.0 0.0 0.0 0.0 0.0 0.0 0.0 0.0 -0.18000000715255737 0.09000000357627869 0.550000011920929 0.0 0.0 0.0 -0.4699999988079071 0.0 0.0 0.0 0.0 0.0 0.0 0.0 0.09000000357627869 0.0 0.0 0.0 -0.23000000417232513 0.0 0.0 0.0 0.0 0.0 0.0 0.09000000357627869 0.0 0.0 0.09000000357627869 0.0 0.0 0.0 0.0 0.0 0.0 0.0 0.0 0.0 0.0 0.0 -0.5099999904632568 0.0 0.0 0.0 0.0 -0.18000000715255737 0.09000000357627869 0.09000000357627869 0.550000011920929 -0.550000011920929 -0.6200000047683716 0.3199999928474426 0.30000001192092896 0.0 -0.5099999904632568 0.0 0.0 0.0 0.09000000357627869 0.0 -0.5099999904632568 0.0 0.0 0.09000000357627869 0.0 0.0 0.0 -0.18000000715255737 0.09000000357627869 0.09000000357627869 0.0 0.09000000357627869 0.09000000357627869 0.0 -0.5099999904632568 0.0 0.0 0.0 0.09000000357627869 0.09000000357627869 0.09000000357627869 -0.18000000715255737 0.09000000357627869 0.09000000357627869 -0.18000000715255737 0.09000000357627869 0.09000000357627869 0.0 0.09000000357627869 -0.27000001072883606 0.09000000357627869 -0.27000001072883606 0.09000000357627869 0.09000000357627869 0.09000000357627869
76 0.0 0.0 0.0 0.0 0.0 0.0 0.0 -0.6200000047683716 0.0 0.0 0.0 0.4300000071525574 0.0 0.09000000357627869 -0.2800000011920929 0.09000000357627869 0.09000000357627869 0.6200000047683716 0.0 -0.7599999904632568 0.5099999904632568 -0.5099999904632568 0.0 0.3100000023841858 0.0 0.09000000357627869 0.0 0.09000000357627869 0.0 0.5099999904632568 -0.5099999904632568 0.0 0.0 0.0 0.09000000357627869 0.0 0.0 0.0 0.0 0.09000000357627869 -0.27000001072883606 0.09000000357627869 0.09000000357627869 0.09000000357627869 -0.27000001072883606 0.09000000357627869 0.0 0.09000000357627869 0.0 0.0 0.0 0.3100000023841858 0.0 0.0 0.0 0.09000000357627869 0.0 0.0 0.0 0.0 -0.18000000715255737 0.09000000357627869 0.09000000357627869 0.0 0.0 0.0 0.0 0.0 0.0 0.0 0.0 0.0 0.0 -0.05000000074505806 0.0 0.0 0.0 0.1899999976158142 0.0 0.4399999976158142 -0.5099999904632568 0.3199999928474426 0.18000000715255737 0.0 0.0 0.0 0.0 0.0 0.0 0.0 0.0 0.0 0.0 0.0 0.0 0.0 0.0 0.0 0.09000000357627869 0.0 0.0 0.09000000357627869 0.0 0.0 0.09000000357627869 0.0 -0.27000001072883606 0.09000000357627869 0.09000000357627869 0.0 0.0 0.0 0.3100000023841858 0.0 0.0 0.0 0.09000000357627869 0.0 0.09000000357627869 0.0 0.0 0.0 0.0 0.09000000357627869 -0.27000001072883606 0.09000000357627869 0.09000000357627869 0.09000000357627869 0.0 -0.5099999904632568 0.0 0.0 0.0 0.09000000357627869 0.0 0.09000000357627869 0.0 0.0 0.09000000357627869 0.0 0.0 0.0 0.0 0.0 0.0 0.0 0.0 0.0 -0.5099999904632568 -0.28999999165534973 0.0 0.09000000357627869 0.09000000357627869 0.0 0.09000000357627869 -0.18000000715255737 0.09000000357627869 0.09000000357627869 -0.18000000715255737 0.09000000357627869 0.09000000357627869 0.0 -0.5099999904632568 0.0 0.3100000023841858 0.0 0.0 -0.2800000011920929 0.09000000357627869 0.09000000357627869 0.6200000047683716 -0.7599999904632568 -0.7599999904632568 0.5099999904632568 -0.5099999904632568 0.0 0.0 0.0 0.09000000357627869 -0.2800000011920929 0.09000000357627869 0.0 0.6200000047683716 -0.7599999904632568 -0.7599999904632568 0.0 0.0 0.0 0.3100000023841858 0.0 0.0 0.0 0.0 0.0 0.0 0.0 0.0 0.0 0.0 0.0 0.0 0.0 -0.18000000715255737 0.09000000357627869 0.0 0.0 0.0 0.0 0.0 0.0 0.0 0.0 0.0 0.0 0.0 0.0 0.0 0.0 0.0 0.0 0.0 -0.18000000715255737 0.0 0.0 0.0 -0.11999999731779099 0.11999999731779099 -0.11999999731779099 0.11999999731779099 0.0 0.0 0.0 0.0 0.0 0.0 0.0 0.0 0.0 0.0 0.09000000357627869 -0.18000000715255737 0.09000000357627869 0.09000000357627869 -0.18000000715255737 0.09000000357627869 0.0 -0.18000000715255737 0.09000000357627869 0.09000000357627869 0.0 0.05000000074505806 0.05000000074505806 -0.30000001192092896 0.33000001311302185 0.0 0.33000001311302185 0.5099999904632568 -0.5099999904632568 -0.4699999988079071 0.0 0.0 0.09000000357627869 -0.27000001072883606 0.09000000357627869 0.09000000357627869 0.09000000357627869 0.5099999904632568 -0.5099999904632568 -0.4699999988079071 0.3100000023841858 0.09000000357627869 0.09000000357627869 0.0 0.0 0.0 0.0 0.0 0.0 0.0 0.0 0.0 0.0 0.09000000357627869 0.0 0.0 0.0 0.0 0.0 0.0 0.0 0.0 0.09000000357627869 0.0 0.0 0.09000000357627869 0.0 0.0 0.0 0.0 0.0 0.0 0.0 0.0 0.0 0.0 0.0 -0.5099999904632568 0.0 0.0 0.0 0.0 -0.18000000715255737 0.09000000357627869 0.09000000357627869 0.550000011920929 -0.550000011920929 -0.6200000047683716 0.3199999928474426 0.30000001192092896 0.0 -0.5099999904632568 0.0 0.0 0.0 0.09000000357627869 0.09000000357627869 0.0 -0.5099999904632568 0.0 0.0 0.09000000357627869 0.0 0.0 0.0 -0.18000000715255737 0.09000000357627869 0.09000000357627869 0.0 0.09000000357627869 0.09000000357627869 0.0 -0.5099999904632568 0.0 0.0 0.0 0.09000000357627869 0.0 0.09000000357627869 -0.18000000715255737 0.09000000357627869 0.09000000357627869 -0.18000000715255737 0.09000000357627869 0.09000000357627869 0.5099999904632568 -0.5099999904632568 0.0 0.0 0.0 0.09000000357627869 0.05000000074505806 0.09000000357627869 0.09000000357627869 -0.6600000262260437 0.4300000071525574 0.5099999904632568 -0.5099999904632568 0.0 0.0 0.07000000029802322 0.09000000357627869 -0.18000000715255737 0.09000000357627869 0.09000000357627869 0.0 0.09000000357627869 -0.27000001072883606 0.09000000357627869 0.09000000357627869 0.09000000357627869 -0.27000001072883606 0.09000000357627869 0.09000000357627869 0.09000000357627869 0.5099999904632568 -0.5099999904632568 -0.4699999988079071 0.3100000023841858 -0.019999999552965164 0.09000000357627869 0.09000000357627869
77 -0.27000001072883606 0.09000000357627869 0.0 0.09000000357627869 0.0 0.0 0.0 0.0 0.0 0.0 0.0 0.09000000357627869 0.0 0.550000011920929 -0.550000011920929 -0.6200000047683716 0.3199999928474426 0.0 0.0 0.0 0.4300000071525574 0.09000000357627869 0.6200000047683716 0.0 -0.7599999904632568 0.5099999904632568 -0.5099999904632568 0.0 0.3100000023841858 0.0 0.09000000357627869 0.0 0.09000000357627869 0.0 -0.6600000262260437 0.4300000071525574 0.5099999904632568 -0.5099999904632568 0.0 0.0 0.0 0.09000000357627869 0.0 0.0 0.0 0.0 0.09000000357627869 -0.27000001072883606 0.09000000357627869 0.09000000357627869 0.09000000357627869 -0.27000001072883606 0.09000000357627869 0.0 0.09000000357627869 0.0 0.0 0.0 0.3100000023841858 0.0 0.0 0.0 0.09000000357627869 0.0 0.0 0.0 0.0 -0.18000000715255737 0.09000000357627869 0.09000000357627869 0.0 0.0 0.0 0.0 0.0 0.0 0.0 0.0 0.0 0.0 0.0 0.0 0.0 0.0 0.0 0.0 0.0 0.0 0.0 0.09000000357627869 0.0 0.09000000357627869 0.0 0.0 0.0 0.0 -0.27000001072883606 0.09000000357627869 0.0 -0.5099999904632568 0.0 0.0 0.0 0.09000000357627869 0.0 0.09000000357627869 0.0 0.0 0.09000000357627869 0.0 0.0 0.0 0.0 0.0 0.0 0.0 0.0 0.0 -0.5099999904632568 0.0 0.0 0.0 0.0 -0.18000000715255737 0.09000000357627869 0.09000000357627869 0.0 -0.11999999731779099 0.11999999731779099 -0.11999999731779099 0.11999999731779099 -0.11999999731779099 0.11999999731779099 -0.11999999731779099 0.11999999731779099 -0.11999999731779099 0.11999999731779099 0.5099999904632568 0.0 0.0 0.3100000023841858 0.0 0.0 -0.2800000011920929 0.09000000357627869 0.09000000357627869 0.6200000047683716 -0.7599999904632568 -0.7599999904632568 0.5099999904632568 -0.5099999904632568 0.0 0.0 0.0 0.09000000357627869 -0.2800000011920929 0.09000000357627869 0.0 0.6200000047683716 -0.7599999904632568 -0.7599999904632568 0.0 0.0 0.0 0.3100000023841858 0.0 0.0 0.0 0.0 0.0 0.0 0.0 0.0 0.0 0.0 0.0 0.0 0.0 -0.18000000715255737 0.09000000357627869 0.0 0.0 0.0 0.11999999731779099 0.11999999731779099 0.0 0.0 0.0 0.0 0.09000000357627869 -0.18000000715255737 0.09000000357627869 0.09000000357627869 -0.18000000715255737 0.09000000357627869 0.0 -0.18000000715255737 0.09000000357627869 0.09000000357627869 0.0 0.05000000074505806 0.05000000074505806 -0.30000001192092896 0.33000001311302185 0.0 0.33000001311302185 0.5099999904632568 -0.5099999904632568 -0.4699999988079071 0.0 0.0 0.09000000357627869 -0.27000001072883606 0.09000000357627869 0.09000000357627869 0.09000000357627869 0.0 0.0 0.0 0.0 0.0 -0.18000000715255737 0.09000000357627869 0.0 0.0 0.0 -0.4699999988079071 0.0 0.0 0.09000000357627869 0.09000000357627869 0.09000000357627869 0.0 0.0 0.0 0.0 0.0 0.09000000357627869 0.0 0.0 0.0 0.0 0.0 0.0 0.0 0.0 0.09000000357627869 0.0 0.0 0.09000000357627869 0.0 0.0 0.0 0.0 0.0 0.0 0.0 0.0 0.0 0.0 0.0 -0.5099999904632568 0.0 0.0 0.0 0.0 -0.18000000715255737 0.09000000357627869 0.09000000357627869 0.550000011920929 -0.550000011920929 -0.6200000047683716 0.3199999928474426 0.30000001192092896 0.0 -0.5099999904632568 0.0 0.0 0.0 0.09000000357627869 0.0 0.09000000357627869 0.09000000357627869 0.550000011920929 -0.550000011920929 -0.6200000047683716 0.3199999928474426 0.30000001192092896 0.0 -0.5099999904632568 0.0 0.0 0.09000000357627869 0.0 0.0 0.0 -0.18000000715255737 0.09000000357627869 0.09000000357627869 0.0 0.09000000357627869 0.09000000357627869 0.0 -0.5099999904632568 0.0 0.0 0.0 0.09000000357627869 0.0 0.09000000357627869 -0.18000000715255737 0.09000000357627869 0.09000000357627869 -0.18000000715255737 0.09000000357627869 0.0 0.0 -0.5099999904632568 -0.4699999988079071 0.3100000023841858 0.0 0.09000000357627869 -0.18000000715255737 0.5099999904632568 -0.5099999904632568 0.0 0.0 0.09000000357627869 0.09000000357627869 0.0 0.09000000357627869 -0.18000000715255737 0.09000000357627869 0.09000000357627869 -0.18000000715255737 0.09000000357627869 0.09000000357627869 0.5099999904632568 -0.5099999904632568 -0.4699999988079071 0.3100000023841858 -0.019999999552965164 0.09000000357627869 0.09000000357627869 0.5099999904632568 -0.5099999904632568 0.0 0.0 0.0 0.09000000357627869 0.05000000074505806 0.09000000357627869 0.09000000357627869 -0.6600000262260437 0.4300000071525574 0.5099999904632568 -0.5099999904632568 0.0 0.0 0.07000000029802322 0.09000000357627869 -0.18000000715255737 0.09000000357627869 0.09000000357627869 0.0 0.09000000357627869 -0.27000001072883606 0.09000000357627869 0.09000000357627869 0.09000000357627869 -0.27000001072883606 0.09000000357627869 0.09000000357627869 0.09000000357627869 0.5099999904632568 -0.5099999904632568 -0.4699999988079071 0.3100000023841858 -0.019999999552965164 -0.5099999904632568
78 0.0 0.09000000357627869 0.0 0.09000000357627869 0.0 0.3100000023841858 0.0 0.0 0.09000000357627869 0.0 0.0 0.0 0.0 -0.18000000715255737 0.09000000357627869 0.09000000357627869 0.0 0.0 0.0 0.0 0.0 0.0 -0.5099999904632568 0.0 0.0 0.0 0.09000000357627869 0.0 0.09000000357627869 0.0 0.0 0.09000000357627869 0.0 0.0 0.0 0.0 0.0 0.0 0.0 0.0 0.0 -0.5099999904632568 0.0 0.0 0.0 0.0 -0.18000000715255737 0.09000000357627869 0.09000000357627869 0.0 -0.11999999731779099 0.11999999731779099 -0.11999999731779099 0.11999999731779099 -0.11999999731779099 0.11999999731779099 -0.11999999731779099 0.5099999904632568 0.0 -0.28999999165534973 0.0 0.09000000357627869 0.09000000357627869 0.0 0.09000000357627869 -0.18000000715255737 0.09000000357627869 0.09000000357627869 -0.18000000715255737 0.09000000357627869 0.09000000357627869 0.0 -0.5099999904632568 0.0 0.0 0.0 0.09000000357627869 -0.2800000011920929 0.09000000357627869 0.0 0.6200000047683716 -0.7599999904632568 -0.7599999904632568 0.0 0.0 0.0 0.3100000023841858 0.0 0.0 0.0 0.0 0.0 0.0 0.0 0.0 0.0 0.0 0.0 0.0 0.0 -0.18000000715255737 0.09000000357627869 0.09000000357627869 0.0 0.0 0.09000000357627869 0.6200000047683716 -0.7599999904632568 -0.7599999904632568 0.0 0.0 0.0 0.0 0.0 0.33000001311302185 0.0 0.0 0.0 0.0 0.0 0.0 0.0 0.0 0.0 -0.18000000715255737 0.09000000357627869 0.0 0.0 0.09000000357627869 -0.18000000715255737 0.09000000357627869 0.20999999344348907 0.05000000074505806 0.33000001311302185 0.0 0.0 0.0 0.0 0.0 0.0 -0.18000000715255737 0.0 0.0 0.0 -0.11999999731779099 0.11999999731779099 -0.11999999731779099 0.11999999731779099 0.0 0.0 -0.5099999904632568 0.0 0.0 0.0 0.09000000357627869 -0.18000000715255737 0.09000000357627869 0.09000000357627869 -0.18000000715255737 0.09000000357627869 0.0 -0.18000000715255737 0.09000000357627869 0.09000000357627869 0.0 0.05000000074505806 0.05000000074505806 -0.30000001192092896 0.33000001311302185 0.0 0.33000001311302185 0.5099999904632568 -0.5099999904632568 -0.4699999988079071 0.0 0.0 0.09000000357627869 -0.27000001072883606 0.09000000357627869 0.09000000357627869 0.09000000357627869 0.5099999904632568 -0.5099999904632568 -0.4699999988079071 0.3100000023841858 -0.5099999904632568 0.0 0.0 0.0 0.0 0.0 0.0 -0.18000000715255737 0.09000000357627869 0.09000000357627869 0.550000011920929 0.0 -0.6200000047683716 0.3199999928474426 0.0 0.0 -0.4699999988079071 0.0 0.0 0.09000000357627869 0.0 0.09000000357627869 0.0 0.0 0.0 0.0 0.0 0.09000000357627869 0.0 0.0 0.0 0.0 0.0 0.0 0.0 0.0 0.09000000357627869 0.0 0.0 0.09000000357627869 0.0 0.0 0.0 0.0 0.0 0.0 0.0 0.0 0.0 0.0 0.0 -0.5099999904632568 0.0 0.0 0.0 0.0 -0.18000000715255737 0.09000000357627869 0.09000000357627869 0.550000011920929 -0.550000011920929 -0.6200000047683716 0.3199999928474426 0.30000001192092896 0.0 -0.5099999904632568 0.0 0.0 0.0 0.09000000357627869 0.0 0.09000000357627869 0.09000000357627869 0.550000011920929 -0.550000011920929 -0.6200000047683716 0.3199999928474426 0.30000001192092896 0.0 -0.5099999904632568 0.0 0.0 0.09000000357627869 0.0 0.0 0.0 -0.18000000715255737 0.09000000357627869 0.09000000357627869 0.0 0.09000000357627869 0.09000000357627869 0.0 -0.5099999904632568 0.0 0.0 0.09000000357627869 0.0 0.09000000357627869 -0.18000000715255737 0.09000000357627869 0.09000000357627869 -0.18000000715255737 0.09000000357627869 0.09000000357627869 -0.18000000715255737 0.09000000357627869 0.0 0.09000000357627869 -0.27000001072883606 0.09000000357627869 0.09000000357627869 0.09000000357627869 -0.27000001072883606 0.09000000357627869 0.09000000357627869 0.09000000357627869
79 0.09000000357627869 0.0 0.0 0.0 0.09000000357627869 -0.27000001072883606 0.09000000357627869 0.0 0.09000000357627869 0.0 0.0 0.3100000023841858 0.0 0.0 0.0 0.09000000357627869 0.0 0.0 0.0 0.0 -0.18000000715255737 0.09000000357627869 0.09000000357627869 0.0 0.0 0.0 0.0 0.0 0.0 0.0 0.0 0.0 0.0 0.0 0.0 0.0 0.0 0.0 0.09000000357627869 0.0 0.0 0.09000000357627869 0.0 0.0 0.09000000357627869 0.09000000357627869 0.0 -0.27000001072883606 0.09000000357627869 0.09000000357627869 0.0 0.0 0.0 0.3100000023841858 0.0 0.0 0.0 0.09000000357627869 0.0 0.09000000357627869 0.0 0.0 0.0 0.09000000357627869 0.09000000357627869 0.0 -0.5099999904632568 0.0 0.0 0.0 0.09000000357627869 0.0 0.09000000357627869 0.0 0.0 0.09000000357627869 0.0 0.0 0.0 0.0 0.0 0.0 0.0 0.0 0.0 -0.5099999904632568 0.0 0.0 0.0 0.0 -0.18000000715255737 0.09000000357627869 0.09000000357627869 0.0 -0.11999999731779099 0.11999999731779099 -0.11999999731779099 0.11999999731779099 -0.11999999731779099 0.11999999731779099 -0.11999999731779099 0.11999999731779099 -0.11999999731779099 0.11999999731779099 0.5099999904632568 0.0 -0.28999999165534973 0.0 0.09000000357627869 0.09000000357627869 0.0 0.09000000357627869 -0.18000000715255737 0.09000000357627869 0.09000000357627869 -0.18000000715255737 0.09000000357627869 0.09000000357627869 0.0 -0.5099999904632568 0.0 0.3100000023841858 0.0 0.0 -0.2800000011920929 0.09000000357627869 0.09000000357627869 0.6200000047683716 -0.7599999904632568 -0.7599999904632568 0.5099999904632568 -0.5099999904632568 0.0 0.3100000023841858 0.0 0.0 0.0 0.0 0.0 0.0 0.0 0.0 0.0 0.0 0.0 0.0 0.0 -0.18000000715255737 0.09000000357627869 0.09000000357627869 0.0 0.0 0.09000000357627869 0.6200000047683716 -0.7599999904632568 -0.7599999904632568 0.0 0.0 0.0 0.0 0.0 0.0 0.0 0.0 0.0 0.0 0.0 0.0 0.0 0.0 0.0 0.0 0.0 0.0 0.0 0.0 0.0 0.0 0.0 0.0 0.0 0.0 0.0 0.0 0.0 0.0 0.0 0.0 0.0 0.0 -0.18000000715255737 0.09000000357627869 0.09000000357627869 0.0 0.0 0.09000000357627869 -0.18000000715255737 0.09000000357627869 0.09000000357627869 0.20999999344348907 0.05000000074505806 0.05000000074505806 -0.30000001192092896 0.33000001311302185 0.33000001311302185 0.33000001311302185 0.0 0.0 0.0 0.0 0.0 0.0 -0.18000000715255737 0.0 0.0 0.0 -0.11999999731779099 0.11999999731779099 -0.11999999731779099 0.11999999731779099 0.0 0.0 0.0 0.0 0.0 0.0 0.0 -0.5099999904632568 0.0 0.0 0.0 0.09000000357627869 -0.18000000715255737 0.09000000357627869 0.09000000357627869 -0.18000000715255737 0.09000000357627869 0.0 -0.18000000715255737 0.09000000357627869 0.09000000357627869 0.0 0.05000000074505806 0.05000000074505806 -0.30000001192092896 0.33000001311302185 0.0 0.33000001311302185 0.5099999904632568 -0.5099999904632568 -0.4699999988079071 0.0 0.0 0.09000000357627869 -0.27000001072883606 0.09000000357627869 0.09000000357627869 0.09000000357627869 0.5099999904632568 -0.5099999904632568 -0.4699999988079071 0.3100000023841858 -0.019999999552965164 0.09000000357627869 0.09000000357627869 0.5099999904632568 -0.5099999904632568 -0.4699999988079071 0.3100000023841858 0.0 0.09000000357627869 0.5099999904632568 -0.5099999904632568 -0.4699999988079071 0.3100000023841858 0.0 0.0 0.09000000357627869 0.09000000357627869 0.0 0.0 -0.18000000715255737 0.09000000357627869 0.09000000357627869 0.0 0.05000000074505806 0.0 -0.5099999904632568 0.0 0.0 0.0 0.09000000357627869 0.09000000357627869 0.0 0.0 0.0 0.0 0.0 0.0 0.0 0.0 0.550000011920929 0.0 0.0 0.0 0.0 0.0 0.0 0.0 0.0 0.0 0.0 0.09000000357627869 0.0 0.0 0.09000000357627869 0.0 0.0 0.0 0.0 0.0 0.0 0.0 0.0 0.0 0.0 0.0 -0.5099999904632568 0.0 0.0 0.0 0.0 -0.18000000715255737 0.09000000357627869 0.09000000357627869 0.550000011920929 -0.550000011920929 -0.6200000047683716 0.3199999928474426 0.30000001192092896 0.0 -0.5099999904632568 0.0 0.0 0.0 0.09000000357627869 0.0 0.0 0.0 0.09000000357627869 0.0 0.0 0.0 -0.18000000715255737 0.09000000357627869 0.09000000357627869 0.0 0.09000000357627869 0.09000000357627869 0.09000000357627869 -0.27000001072883606 0.09000000357627869 0.09000000357627869 -0.27000001072883606 0.09000000357627869 0.09000000357627869 0.09000000357627869
8 0.09000000357627869 0.4300000071525574 -0.5099999904632568 0.07000000029802322 0.09000000357627869 0.5099999904632568 -0.4699999988079071 0.3100000023841858 -0.019999999552965164 0.09000000357627869 0.09000000357627869 0.5099999904632568 -0.5099999904632568 0.0 0.3100000023841858 0.0 0.09000000357627869 -0.27000001072883606 0.09000000357627869 0.09000000357627869 0.09000000357627869 0.0 -0.5099999904632568 -0.4699999988079071 0.3100000023841858 0.0 0.09000000357627869 -0.18000000715255737 0.09000000357627869 0.09000000357627869 0.0 0.09000000357627869 -0.27000001072883606 0.09000000357627869 0.09000000357627869 0.09000000357627869 -0.27000001072883606 0.09000000357627869 0.09000000357627869 0.09000000357627869 0.5099999904632568 -0.5099999904632568 -0.28999999165534973 0.0 0.09000000357627869 0.09000000357627869 0.019999999552965164 0.09000000357627869 -0.18000000715255737 0.09000000357627869 0.09000000357627869 -0.18000000715255737 0.09000000357627869 0.09000000357627869 0.0 -0.5099999904632568 -0.4699999988079071 0.3100000023841858 0.07000000029802322 0.09000000357627869 0.05000000074505806 0.09000000357627869 0.09000000357627869 -0.6600000262260437 0.4300000071525574 0.5099999904632568 -0.5099999904632568 0.0 0.3100000023841858 0.0 0.09000000357627869 -0.18000000715255737 0.09000000357627869 0.09000000357627869 0.0 0.09000000357627869 -0.27000001072883606 0.09000000357627869 0.09000000357627869 0.09000000357627869 -0.27000001072883606 0.09000000357627869 0.09000000357627869 0.09000000357627869 0.5099999904632568 -0.5099999904632568 -0.4699999988079071 0.3100000023841858 0.0 0.09000000357627869 0.0 0.0 0.09000000357627869 0.09000000357627869 0.09000000357627869
80 0.11999999731779099 0.0 0.0 0.0 0.0 0.0 0.0 0.0 0.0 0.0 0.09000000357627869 0.0 0.0 0.0 0.0 0.0 0.3100000023841858 0.0 0.0 0.0 0.09000000357627869 0.0 0.0 0.0 0.0 -0.18000000715255737 0.09000000357627869 0.09000000357627869 0.0 0.0 0.0 0.0 0.0 0.0 0.0 0.0 0.0 0.0 0.0 0.0 0.0 0.0 0.0 0.0 0.0 0.0 0.11999999731779099 0.0 0.11999999731779099 0.0 0.0 0.0 0.0 0.0 0.0 0.0 -0.5099999904632568 0.0 0.0 0.0 0.09000000357627869 0.0 -0.5099999904632568 0.0 0.0 0.0 0.09000000357627869 0.0 0.0 0.09000000357627869 0.0 0.0 0.0 0.09000000357627869 0.09000000357627869 0.0 -0.27000001072883606 0.09000000357627869 0.09000000357627869 0.09000000357627869 0.0 0.0 0.0 0.3100000023841858 0.0 0.0 0.0 0.09000000357627869 0.0 0.0 0.0 0.0 0.09000000357627869 0.0 -0.5099999904632568 0.0 0.0 0.0 0.09000000357627869 0.0 0.09000000357627869 0.0 0.0 0.09000000357627869 0.0 0.0 0.0 0.0 0.0 0.0 0.0 0.0 0.0 -0.5099999904632568 0.0 0.0 0.0 0.0 -0.18000000715255737 0.09000000357627869 0.09000000357627869 0.0 -0.11999999731779099 0.11999999731779099 -0.11999999731779099 0.11999999731779099 -0.11999999731779099 0.11999999731779099 0.5099999904632568 0.0 -0.28999999165534973 0.0 0.09000000357627869 0.09000000357627869 0.0 0.09000000357627869 -0.18000000715255737 0.09000000357627869 0.09000000357627869 -0.18000000715255737 0.09000000357627869 0.09000000357627869 0.0 -0.5099999904632568 0.0 0.3100000023841858 0.0 0.0 -0.2800000011920929 0.09000000357627869 0.09000000357627869 0.6200000047683716 -0.7599999904632568 -0.7599999904632568 0.5099999904632568 -0.5099999904632568 0.0 0.0 0.0 0.09000000357627869 -0.2800000011920929 0.09000000357627869 0.0 0.6200000047683716 -0.7599999904632568 -0.7599999904632568 0.0 0.0 0.0 0.0 0.0 0.0 -0.18000000715255737 0.09000000357627869 0.09000000357627869 0.0 0.0 0.09000000357627869 0.6200000047683716 -0.7599999904632568 -0.7599999904632568 0.0 0.0 0.0 0.0 0.0 0.0 0.0 0.0 0.0 0.0 0.0 0.0 0.0 0.0 0.0 0.11999999731779099 0.0 0.0 0.0 0.11999999731779099 0.0 -0.5099999904632568 0.0 0.0 0.0 0.09000000357627869 -0.18000000715255737 0.09000000357627869 0.09000000357627869 0.0 0.09000000357627869 0.0 0.0 0.09000000357627869 0.09000000357627869 0.20999999344348907 0.05000000074505806 0.05000000074505806 -0.30000001192092896 0.33000001311302185 0.33000001311302185 0.33000001311302185 0.0 0.0 0.0 0.0 0.0 0.0 0.0 0.0 -0.27000001072883606 0.09000000357627869 0.09000000357627869 0.09000000357627869 0.0 0.09000000357627869 0.0 0.0 0.0 0.0 0.0 0.0 0.0 0.0 0.0 0.0 0.0 0.0 0.0 0.0 0.0 0.0 0.0 0.0 0.0 0.0 0.0 0.0 0.0 0.0 0.0 0.0 0.0 -0.18000000715255737 0.09000000357627869 0.09000000357627869 0.0 0.0 0.09000000357627869 -0.18000000715255737 0.09000000357627869 0.09000000357627869 0.20999999344348907 0.05000000074505806 0.05000000074505806 -0.30000001192092896 0.33000001311302185 0.33000001311302185 0.33000001311302185 0.0 0.0 0.0 0.0 0.0 0.0 -0.18000000715255737 0.0 0.0 0.0 -0.11999999731779099 0.11999999731779099 -0.11999999731779099 0.11999999731779099 0.0 0.0 0.0 0.0 0.0 0.0 0.0 -0.5099999904632568 0.0 0.0 0.0 0.09000000357627869 -0.18000000715255737 0.09000000357627869 0.09000000357627869 -0.18000000715255737 0.09000000357627869 0.0 -0.18000000715255737 0.09000000357627869 0.09000000357627869 0.0 0.05000000074505806 0.05000000074505806 -0.30000001192092896 0.33000001311302185 0.0 0.33000001311302185 0.5099999904632568 -0.5099999904632568 -0.4699999988079071 0.0 0.0 0.09000000357627869 -0.27000001072883606 0.09000000357627869 0.09000000357627869 0.09000000357627869 0.5099999904632568 -0.5099999904632568 -0.4699999988079071 0.3100000023841858 -0.019999999552965164 0.09000000357627869 0.09000000357627869 0.5099999904632568 -0.5099999904632568 -0.4699999988079071 0.0 0.09000000357627869 0.5099999904632568 -0.5099999904632568 -0.4699999988079071 0.3100000023841858 0.0 0.09000000357627869 0.0 0.09000000357627869 0.09000000357627869 0.0 0.0 0.09000000357627869 -0.18000000715255737 0.09000000357627869 0.09000000357627869 0.0 0.05000000074505806 0.0 -0.30000001192092896 0.33000001311302185 0.33000001311302185 0.0 -0.5099999904632568 0.0 0.3100000023841858 0.0 0.0 0.0 0.0 0.0 0.09000000357627869 0.09000000357627869 0.4399999976158142 0.0 -0.5099999904632568 0.0 0.0 0.0 0.09000000357627869 0.0 0.0 0.09000000357627869 0.0 0.0 -0.27000001072883606 0.09000000357627869 0.0 0.09000000357627869 -0.27000001072883606 0.09000000357627869 0.09000000357627869 0.09000000357627869 0.0 0.0 -0.11999999731779099 -0.11999999731779099 0.11999999731779099 0.0 0.0 0.0 0.0 -0.23000000417232513 0.0 -0.5099999904632568 0.0 0.0 0.0 0.0 0.0 0.0 0.0 0.0 0.0 0.0 0.0 0.09000000357627869 0.0 0.0 0.0 0.0 0.0 0.0 0.0 -0.18000000715255737 0.09000000357627869 0.09000000357627869 0.550000011920929 0.0 -0.6200000047683716 0.3199999928474426 0.30000001192092896 0.0 0.0 -0.4699999988079071 0.0 0.0 0.09000000357627869 0.0 0.0 0.0 0.0 0.0 0.09000000357627869 0.0 0.0 0.0 0.0 0.0 0.0 0.0 0.0 0.09000000357627869 0.0 0.0 0.09000000357627869 0.0 0.0 0.0 0.0 0.0 0.0 0.0 0.0 0.0 0.0 0.0 -0.5099999904632568 0.0 0.0 0.0 0.0 -0.18000000715255737 0.09000000357627869 0.09000000357627869 0.550000011920929 -0.550000011920929 -0.6200000047683716 0.3199999928474426 0.30000001192092896 0.0 -0.5099999904632568 0.0 0.0 0.0 0.09000000357627869 0.09000000357627869 0.0 0.0 0.09000000357627869 0.0 0.09000000357627869 0.0 0.09000000357627869
81 0.11999999731779099 0.0 0.0 0.0 0.0 0.0 0.0 0.0 0.0 0.0 0.0 0.0 0.0 0.0 0.0 0.0 0.0 0.0 0.09000000357627869 0.0 0.09000000357627869 0.0 0.0 0.09000000357627869 0.0 0.0 0.0 0.0 0.0 0.0 0.0 0.0 0.0 0.0 0.0 0.0 0.09000000357627869 0.5099999904632568 0.0 -0.28999999165534973 0.0 0.09000000357627869 0.0 -0.5099999904632568 0.0 0.3100000023841858 0.0 0.0 -0.2800000011920929 0.09000000357627869 0.09000000357627869 0.6200000047683716 -0.7599999904632568 -0.7599999904632568 0.5099999904632568 -0.5099999904632568 0.0 0.0 0.0 0.09000000357627869 -0.2800000011920929 0.09000000357627869 0.0 0.6200000047683716 -0.7599999904632568 -0.7599999904632568 0.0 0.0 0.0 0.3100000023841858 0.0 0.0 0.0 0.0 0.0 0.0 0.0 0.0 0.0 0.0 0.0 0.0 0.0 0.0 0.0 0.0 0.0 0.0 0.0 0.0 0.0 0.0 0.11999999731779099 0.0 0.0 0.0 0.11999999731779099 0.0 -0.5099999904632568 0.0 0.0 0.0 0.09000000357627869 -0.18000000715255737 0.09000000357627869 0.09000000357627869 0.0 0.09000000357627869 0.0 0.0 0.09000000357627869 0.09000000357627869 0.20999999344348907 0.05000000074505806 0.05000000074505806 -0.30000001192092896 0.33000001311302185 0.33000001311302185 0.33000001311302185 0.0 0.0 0.0 0.3100000023841858 0.0 0.0 0.0 0.09000000357627869 0.09000000357627869 0.0 -0.5099999904632568 0.0 0.0 0.09000000357627869 0.0 0.09000000357627869 0.09000000357627869 0.0 0.09000000357627869 0.0 0.0 0.0 0.0 0.09000000357627869 0.0 0.0 0.0 0.0 0.0 0.11999999731779099 0.0 0.0 0.0 0.0 0.0 0.0 0.0 0.0 -0.27000001072883606 0.09000000357627869 0.09000000357627869 0.09000000357627869 0.0 0.09000000357627869 0.0 0.0 0.0 0.0 0.0 0.0 0.0 0.0 0.0 0.0 0.0 0.0 0.0 0.0 0.0 0.0 0.0 0.0 0.0 0.0 0.0 0.0 0.0 0.0 0.0 0.0 0.0 -0.18000000715255737 0.09000000357627869 0.09000000357627869 0.0 0.0 0.09000000357627869 -0.18000000715255737 0.09000000357627869 0.09000000357627869 0.20999999344348907 0.05000000074505806 0.05000000074505806 -0.30000001192092896 0.33000001311302185 0.33000001311302185 0.33000001311302185 0.0 0.0 0.0 0.0 0.0 0.0 -0.18000000715255737 0.0 0.0 0.0 -0.11999999731779099 0.11999999731779099 -0.11999999731779099 0.11999999731779099 0.0 0.0 0.0 0.0 0.0 0.0 0.0 -0.5099999904632568 0.0 0.0 0.0 0.09000000357627869 -0.18000000715255737 0.09000000357627869 0.09000000357627869 -0.18000000715255737 0.09000000357627869 0.0 -0.18000000715255737 0.09000000357627869 0.09000000357627869 0.0 0.05000000074505806 0.05000000074505806 -0.30000001192092896 0.33000001311302185 0.0 0.33000001311302185 0.5099999904632568 -0.5099999904632568 -0.4699999988079071 0.0 0.0 0.09000000357627869 -0.27000001072883606 0.09000000357627869 0.09000000357627869 0.5099999904632568 -0.5099999904632568 -0.4699999988079071 0.5099999904632568 -0.5099999904632568 0.0 0.09000000357627869 0.5099999904632568 -0.5099999904632568 -0.4699999988079071 0.3100000023841858 0.0 0.0 0.09000000357627869 0.0 0.09000000357627869 0.0 -0.5099999904632568 0.0 0.3100000023841858 0.0 0.0 0.0 0.09000000357627869 0.0 0.0 0.09000000357627869 0.09000000357627869 0.0 0.09000000357627869 0.09000000357627869 -0.699999988079071 0.4399999976158142 0.0 -0.5099999904632568 0.0 0.0 0.0 0.09000000357627869 0.0 0.0 0.09000000357627869 0.0 0.0 -0.27000001072883606 0.0 0.0 0.0 0.0 0.0 0.0 -0.11999999731779099 0.0 -0.11999999731779099 0.11999999731779099 0.0 0.0 -0.18000000715255737 0.0 0.0 -0.11999999731779099 0.11999999731779099 0.0 0.0 0.0 0.0 0.0 0.0 0.0 0.0 0.09000000357627869 -0.23000000417232513 0.1599999964237213 0.0 0.0 -0.4699999988079071 0.07000000029802322 0.09000000357627869 0.09000000357627869 0.0 -0.5099999904632568 0.0 0.0 0.0 0.0 0.0 0.0 0.0 0.0 0.0 0.0 0.0 0.0 0.0 0.09000000357627869 0.0 0.0 0.0 0.0 0.0 0.0 0.0 0.0 -0.18000000715255737 0.09000000357627869 0.09000000357627869 0.550000011920929 0.0 -0.6200000047683716 0.3199999928474426 0.30000001192092896 0.0 0.0 -0.4699999988079071 0.0 0.0 0.09000000357627869 0.0 0.09000000357627869 0.0 0.0 0.0 0.0 0.0 0.0 0.0 0.0 0.0 0.0 0.0 0.09000000357627869 0.0 0.0 0.09000000357627869 0.0 0.0 0.0 0.0 0.0 0.0 0.0 0.0 0.0 0.0 0.0 -0.5099999904632568 0.0 0.0 0.0 0.0 -0.18000000715255737 0.09000000357627869 0.09000000357627869 0.550000011920929 -0.550000011920929 -0.6200000047683716 0.3199999928474426 0.30000001192092896 0.0 -0.5099999904632568 0.0 0.0 0.09000000357627869 0.09000000357627869 -0.27000001072883606 0.09000000357627869 0.09000000357627869 0.09000000357627869
82 0.0 0.0 0.0 0.0 0.09000000357627869 0.09000000357627869 0.0 0.0 0.09000000357627869 0.0 0.0 0.0 -0.5099999904632568 0.0 0.0 0.0 0.09000000357627869 0.0 0.0 0.0 0.0 0.0 0.0 -0.11999999731779099 0.0 0.0 0.11999999731779099 0.0 0.0 0.0 0.0 0.0 0.0 0.0 0.0 0.0 0.0 0.0 0.0 0.0 0.0 0.0 0.0 0.0 0.0 0.0 0.0 0.0 0.0 0.0 0.0 0.0 0.0 0.0 0.0 0.0 0.0 0.0 0.0 0.0 0.0 0.09000000357627869 0.0 0.0 0.0 0.0 0.0 0.0 0.0 0.0 -0.5099999904632568 0.0 0.0 0.0 0.0 0.0 0.0 0.0 0.0 0.0 0.0 0.0 0.0 0.0 0.09000000357627869 0.0 0.0 0.0 0.0 0.0 0.0 0.09000000357627869 0.0 0.0 0.0 0.0 0.0 0.0 0.0 0.09000000357627869 0.0 0.0 0.0 0.0 0.0 0.0 0.0 0.0 0.0 0.0 0.0 0.0 0.0 0.0 0.11999999731779099 0.0 0.11999999731779099 0.0 0.0 0.0 0.0 0.0 0.0 0.0 0.0 0.0 0.0 -0.18000000715255737 0.09000000357627869 0.0 0.0 0.0 0.0 0.0 0.0 0.0 0.0 0.09000000357627869 0.0 0.0 0.09000000357627869 0.0 0.0 0.09000000357627869 0.0 0.0 0.0 0.0 0.0 0.0 0.0 0.0 0.0 0.0 0.3100000023841858 0.0 0.0 -0.7599999904632568 0.5099999904632568 -0.5099999904632568 0.0 0.0 0.0 0.09000000357627869 -0.2800000011920929 0.0 0.0 0.0 0.0 0.3100000023841858 0.0 0.0 0.0 0.0 0.0 0.0 0.0 0.0 0.0 0.0 0.0 0.0 0.0 -0.18000000715255737 0.09000000357627869 0.09000000357627869 0.0 0.0 0.09000000357627869 0.6200000047683716 -0.7599999904632568 -0.7599999904632568 0.0 0.0 0.0 0.0 0.0 0.09000000357627869 -0.18000000715255737 0.09000000357627869 0.09000000357627869 0.0 0.09000000357627869 0.0 0.0 0.09000000357627869 0.09000000357627869 0.20999999344348907 0.05000000074505806 0.05000000074505806 -0.30000001192092896 0.33000001311302185 0.33000001311302185 0.33000001311302185 0.0 0.0 0.0 0.3100000023841858 0.0 0.0 0.0 0.09000000357627869 0.09000000357627869 0.0 0.09000000357627869 0.0 0.20000000298023224 0.09000000357627869 0.09000000357627869 -0.699999988079071 0.4399999976158142 -0.800000011920929 0.46000000834465027 0.0 -0.5099999904632568 0.0 0.0 0.0 0.09000000357627869 0.0 0.0 0.0 0.09000000357627869 0.09000000357627869 0.0 0.0 0.0 0.09000000357627869 0.09000000357627869 0.5099999904632568 -0.5099999904632568 0.0 0.0 0.0 -0.18000000715255737 0.09000000357627869 0.0 0.0 0.0 0.0 0.0 0.0 0.0 0.0 0.0 0.0 0.09000000357627869 0.0 0.0 -0.27000001072883606 0.09000000357627869 0.09000000357627869 0.0 0.0 0.0 0.0 0.0 0.0 0.0 0.09000000357627869 0.0 0.0 0.0 0.0 0.0 0.11999999731779099 0.0 -0.5400000214576721 0.4300000071525574 0.0 0.11999999731779099 0.0 0.0 0.0 0.0 0.0 0.0 0.0 0.0 0.0 0.0 -0.27000001072883606 0.09000000357627869 0.09000000357627869 0.09000000357627869 0.0 0.09000000357627869 0.0 0.0 0.0 0.0 0.0 0.0 0.0 0.0 0.0 0.0 0.0 0.0 0.0 0.0 0.0 0.0 0.0 0.0 0.0 0.0 0.0 0.0 0.0 0.0 0.0 0.0 0.0 -0.18000000715255737 0.09000000357627869 0.09000000357627869 0.0 0.0 0.09000000357627869 -0.18000000715255737 0.09000000357627869 0.09000000357627869 0.20999999344348907 0.05000000074505806 0.05000000074505806 -0.30000001192092896 0.33000001311302185 0.33000001311302185 0.0 0.0 0.0 0.0 0.0 0.0 -0.18000000715255737 0.0 0.0 -0.11999999731779099 -0.11999999731779099 0.11999999731779099 0.0 0.0 0.0 0.0 0.0 0.0 0.0 -0.5099999904632568 0.0 0.0 0.0 0.09000000357627869 -0.18000000715255737 0.09000000357627869 -0.18000000715255737 0.09000000357627869 0.0 -0.18000000715255737 0.09000000357627869 0.09000000357627869 0.0 0.05000000074505806 0.05000000074505806 -0.30000001192092896 0.33000001311302185 0.0 0.33000001311302185 -0.5099999904632568 0.0 0.0 0.0 0.0 0.0 0.0 0.09000000357627869 0.09000000357627869 0.0 -0.5099999904632568 0.0 0.0 0.0 0.09000000357627869 0.0 0.0 0.09000000357627869 0.0 0.0 -0.27000001072883606 0.09000000357627869 0.0 0.09000000357627869 -0.27000001072883606 0.09000000357627869 0.09000000357627869 0.09000000357627869 0.0 0.0 0.0 0.3100000023841858 0.0 0.0 0.0 0.0 0.0 0.0 -0.11999999731779099 0.0 -0.11999999731779099 0.11999999731779099 0.0 0.11999999731779099 0.0 -0.5099999904632568 0.0 0.0 0.0 0.0 -0.18000000715255737 0.0 0.09000000357627869 0.0 0.0 0.0 -0.11999999731779099 0.11999999731779099 -0.11999999731779099 0.11999999731779099 0.0 0.0 0.0 0.0 0.5099999904632568 0.0 0.0 0.0 0.0 0.0 -0.18000000715255737 0.09000000357627869 0.0 -0.029999999329447746 0.0 0.0 0.10999999940395355 0.17000000178813934 0.5099999904632568 0.0 0.0 0.0 0.0 0.0 0.0 0.09000000357627869 0.09000000357627869 0.0 0.0 0.0 -0.09000000357627869 0.0 0.0 0.0 0.0 0.0 -0.5099999904632568 0.0 0.0 0.0 0.0 0.0 0.09000000357627869 0.0 0.0 0.09000000357627869 0.0 0.09000000357627869 0.09000000357627869 0.0 0.0 0.0 0.0 0.0 0.0 -0.2800000011920929 0.09000000357627869 0.0 0.0 -0.7599999904632568 -0.7599999904632568 0.0 0.0 0.0 0.3100000023841858 0.0 0.09000000357627869 0.0 0.09000000357627869 0.09000000357627869 0.0 0.09000000357627869 0.09000000357627869 0.5099999904632568 -0.5099999904632568 -0.4699999988079071 0.0 0.07000000029802322 0.09000000357627869 -0.18000000715255737 0.09000000357627869 0.09000000357627869 0.0 0.0 0.0 0.0 0.0 0.0 0.0 0.0 0.0 0.0 0.0 0.0 0.0 0.4399999976158142 -0.5099999904632568 0.4399999976158142 0.3199999928474426 0.18000000715255737 0.5099999904632568 0.0 0.0 0.0 0.0 0.0 0.0 0.0 0.09000000357627869 -0.23000000417232513 0.1599999964237213 0.0 0.0 -0.4699999988079071 0.0 0.07000000029802322 0.09000000357627869 0.0 0.09000000357627869 0.0 0.0 0.09000000357627869 0.09000000357627869 0.20000000298023224 0.09000000357627869 0.0 -0.5099999904632568 0.0 0.0 0.0 0.09000000357627869 0.0 0.0 0.0 -0.18000000715255737 0.09000000357627869 0.09000000357627869 0.0 0.09000000357627869 0.09000000357627869 0.0 0.0 0.0 0.0 0.0 0.0 0.0 0.0 0.0 0.0 0.0 0.0 0.0 0.09000000357627869 0.0 0.0 0.0 0.0 0.0 0.0 0.0 0.0 -0.18000000715255737 0.09000000357627869 0.09000000357627869 0.550000011920929 0.0 -0.6200000047683716 0.3199999928474426 0.30000001192092896 0.0 0.0 -0.4699999988079071 0.0 0.0 0.09000000357627869 0.0 0.09000000357627869 0.09000000357627869 0.0 0.0 0.0 0.0 0.0 0.09000000357627869 0.0 0.0 0.0 -0.23000000417232513 0.0 0.0 0.0 0.0 0.0 0.0 0.09000000357627869 0.0 0.0 0.09000000357627869 0.0 0.0 0.0 0.0 0.0 0.0 0.0 0.0 0.0 0.0 0.0 -0.5099999904632568 0.0 0.0 0.0 0.0 -0.18000000715255737 0.09000000357627869 0.09000000357627869 0.550000011920929 -0.550000011920929 -0.6200000047683716 0.3199999928474426 0.30000001192092896 0.0 0.0 0.0
83 0.0 0.11999999731779099 0.0 0.0 0.0 0.0 0.0 0.0 0.0 0.0 0.0 0.0 0.0 -0.5099999904632568 0.0 0.3100000023841858 0.0 0.0 0.0 0.0 0.0 0.0 0.0 0.0 0.0 0.0 0.0 0.0 0.0 -0.18000000715255737 0.09000000357627869 0.09000000357627869 0.0 0.0 0.09000000357627869 0.6200000047683716 -0.7599999904632568 -0.7599999904632568 0.0 0.0 0.0 0.0 0.0 0.0 0.0 0.0 0.0 0.0 0.0 0.0 0.0 0.0 0.0 0.11999999731779099 0.0 0.0 0.0 0.11999999731779099 0.0 -0.5099999904632568 0.0 0.3100000023841858 0.0 0.0 0.0 0.09000000357627869 0.09000000357627869 0.0 0.09000000357627869 0.0 0.20000000298023224 0.09000000357627869 0.09000000357627869 -0.699999988079071 0.4399999976158142 0.6399999856948853 -0.800000011920929 0.46000000834465027 0.46000000834465027 -0.800000011920929 0.46000000834465027 0.46000000834465027 0.0 -0.5099999904632568 0.0 0.0 0.0 0.09000000357627869 0.0 0.0 -0.27000001072883606 0.09000000357627869 0.0 0.09000000357627869 0.0 0.09000000357627869 0.09000000357627869 0.0 0.0 -0.5099999904632568 -0.28999999165534973 0.0 0.09000000357627869 0.09000000357627869 0.019999999552965164 0.09000000357627869 -0.18000000715255737 0.09000000357627869 0.09000000357627869 -0.18000000715255737 0.09000000357627869 0.09000000357627869 0.5099999904632568 -0.5099999904632568 0.0 0.0 0.09000000357627869 0.09000000357627869 0.0 0.0 0.0 0.0 0.09000000357627869 -0.23000000417232513 0.0 -0.019999999552965164 0.09000000357627869 0.5099999904632568 -0.5099999904632568 0.0 0.0 0.0 0.0 0.0 0.0 0.0 0.0 0.0 0.0 0.0 0.0 0.0 0.09000000357627869 0.0 0.0 -0.27000001072883606 0.09000000357627869 0.09000000357627869 0.09000000357627869 0.0 0.0 0.0 0.0 0.0 0.0 0.0 0.09000000357627869 0.0 0.0 0.0 0.0 0.0 0.11999999731779099 0.0 -0.5400000214576721 0.4300000071525574 0.0 0.11999999731779099 0.0 0.0 0.0 0.0 0.0 0.0 0.0 0.0 0.0 0.0 -0.27000001072883606 0.09000000357627869 0.09000000357627869 0.09000000357627869 0.0 0.09000000357627869 0.0 0.0 0.0 0.0 0.0 0.0 0.0 0.0 0.0 0.0 0.0 0.0 0.0 0.0 0.0 0.0 0.0 0.0 0.0 0.0 0.0 0.0 0.0 0.0 0.0 0.0 0.0 -0.18000000715255737 0.09000000357627869 0.09000000357627869 0.0 0.0 0.09000000357627869 -0.18000000715255737 0.09000000357627869 0.09000000357627869 0.20999999344348907 0.05000000074505806 0.05000000074505806 -0.30000001192092896 0.33000001311302185 0.33000001311302185 0.33000001311302185 0.0 0.0 0.0 0.0 0.0 0.0 0.0 0.0 0.0 0.0 0.0 -0.5099999904632568 0.0 0.0 0.0 0.09000000357627869 -0.18000000715255737 0.09000000357627869 0.09000000357627869 -0.18000000715255737 0.09000000357627869 0.0 -0.18000000715255737 0.09000000357627869 0.09000000357627869 0.0 0.05000000074505806 0.05000000074505806 -0.30000001192092896 0.33000001311302185 0.0 0.33000001311302185 -0.5099999904632568 0.0 0.0 0.0 0.09000000357627869 0.0 0.0 0.09000000357627869 0.09000000357627869 0.0 0.09000000357627869 0.09000000357627869 -0.699999988079071 0.4399999976158142 0.0 0.0 0.0 0.0 0.09000000357627869 0.0 0.0 0.09000000357627869 0.0 0.0 0.0 0.0 0.3100000023841858 0.0 0.0 0.0 0.0 0.0 0.0 -0.11999999731779099 0.0 -0.11999999731779099 0.11999999731779099 -0.11999999731779099 0.11999999731779099 0.0 0.0 0.0 -0.5099999904632568 0.0 0.0 0.0 0.0 -0.18000000715255737 0.0 0.09000000357627869 0.0 0.0 -0.11999999731779099 0.11999999731779099 0.0 0.0 0.0 0.0 0.5099999904632568 0.0 0.0 0.0 0.0 0.0 0.0 0.0 0.0 0.0 0.0 0.0 -0.09000000357627869 0.0 0.0 0.0 0.0 -0.2800000011920929 0.0 0.0 0.0 0.0 0.0 0.09000000357627869 0.0 0.09000000357627869 0.0 0.09000000357627869 0.09000000357627869 0.6200000047683716 -0.7599999904632568 0.5099999904632568 -0.5099999904632568 0.0 0.5099999904632568 0.0 0.0 0.0 0.0 0.0 0.0 0.0 0.09000000357627869 -0.23000000417232513 0.1599999964237213 0.0 0.0 -0.4699999988079071 0.0 0.07000000029802322 0.09000000357627869 0.0 0.09000000357627869 0.0 0.09000000357627869 0.0 -0.5099999904632568 0.0 0.0 0.0 0.0 0.0 0.0 0.0 0.0 0.0 0.0 0.0 0.0 0.0 0.09000000357627869 0.0 0.0 0.0 0.0 0.0 0.0 0.0 0.0 -0.18000000715255737 0.09000000357627869 0.09000000357627869 0.550000011920929 0.0 -0.6200000047683716 0.3199999928474426 0.30000001192092896 0.0 0.0 -0.4699999988079071 0.0 0.0 0.0 0.09000000357627869 0.0 0.0 0.0 0.0 0.0 0.0 0.550000011920929 -0.550000011920929 -0.6200000047683716 0.3199999928474426 0.30000001192092896 0.3100000023841858 0.0 0.09000000357627869 -0.27000001072883606 0.09000000357627869 0.09000000357627869 -0.18000000715255737 0.09000000357627869 -0.27000001072883606 0.09000000357627869 0.09000000357627869 0.09000000357627869 -0.5099999904632568 0.0 0.09000000357627869 -0.27000001072883606 0.09000000357627869 0.09000000357627869 0.09000000357627869 -0.27000001072883606 0.09000000357627869 0.09000000357627869 0.09000000357627869
84 0.0 0.11999999731779099 0.0 0.0 0.0 0.09000000357627869 0.0 0.0 0.0 0.0 0.0 -0.18000000715255737 0.09000000357627869 0.09000000357627869 0.0 0.0 0.09000000357627869 0.6200000047683716 -0.7599999904632568 -0.7599999904632568 0.0 0.0 0.0 0.0 0.0 0.0 0.0 0.0 0.0 0.0 0.0 0.0 0.0 0.0 0.0 0.11999999731779099 0.0 0.0 0.0 0.11999999731779099 0.0 -0.5099999904632568 0.0 0.0 0.0 0.09000000357627869 -0.18000000715255737 0.09000000357627869 0.09000000357627869 0.0 0.09000000357627869 0.0 0.0 0.09000000357627869 0.09000000357627869 0.20999999344348907 0.05000000074505806 0.05000000074505806 -0.30000001192092896 0.33000001311302185 0.33000001311302185 0.33000001311302185 0.0 0.0 0.0 0.0 0.0 0.09000000357627869 0.0 0.0 -0.27000001072883606 0.09000000357627869 0.0 0.09000000357627869 0.0 0.09000000357627869 0.09000000357627869 0.0 0.0 -0.5099999904632568 -0.28999999165534973 0.0 0.09000000357627869 0.09000000357627869 0.019999999552965164 0.09000000357627869 -0.18000000715255737 0.09000000357627869 0.09000000357627869 -0.18000000715255737 0.09000000357627869 0.09000000357627869 0.5099999904632568 -0.5099999904632568 0.0 0.0 0.0 0.09000000357627869 -0.18000000715255737 0.09000000357627869 0.09000000357627869 -0.18000000715255737 0.09000000357627869 0.09000000357627869 0.550000011920929 -0.550000011920929 -0.6200000047683716 0.30000001192092896 0.5099999904632568 -0.5099999904632568 0.0 0.0 0.0 0.09000000357627869 0.0 0.0 0.09000000357627869 -0.23000000417232513 0.0 0.5099999904632568 -0.5099999904632568 -0.28999999165534973 0.0 0.09000000357627869 0.09000000357627869 0.0 0.09000000357627869 -0.18000000715255737 0.5099999904632568 -0.5099999904632568 -0.4699999988079071 0.3100000023841858 0.0 0.09000000357627869 0.05000000074505806 0.09000000357627869 0.09000000357627869 -0.6600000262260437 0.4300000071525574 0.5099999904632568 -0.5099999904632568 -0.4699999988079071 0.0 -0.019999999552965164 0.09000000357627869 0.09000000357627869 0.5099999904632568 -0.5099999904632568 0.0 0.0 0.0 0.0 -0.18000000715255737 0.09000000357627869 0.09000000357627869 0.0 0.0 0.09000000357627869 0.20000000298023224 0.09000000357627869 0.09000000357627869 -0.699999988079071 0.4399999976158142 0.6399999856948853 0.0 0.0 0.0 0.0 0.0 0.0 0.0 0.0 0.0 0.09000000357627869 0.0 0.0 -0.27000001072883606 0.09000000357627869 0.09000000357627869 0.09000000357627869 0.0 0.0 0.0 0.0 0.0 0.0 0.0 0.09000000357627869 0.0 0.0 0.0 0.0 0.0 0.11999999731779099 0.0 -0.5400000214576721 0.4300000071525574 0.0 0.11999999731779099 0.0 0.0 0.0 0.0 0.0 0.0 0.0 0.0 0.0 0.0 -0.27000001072883606 0.09000000357627869 0.09000000357627869 0.09000000357627869 0.0 0.09000000357627869 0.0 0.0 0.0 0.0 0.0 0.0 0.0 0.0 0.0 0.0 0.0 0.0 0.0 0.0 0.0 0.0 0.0 0.0 0.0 -0.18000000715255737 0.09000000357627869 0.09000000357627869 -0.18000000715255737 0.09000000357627869 0.09000000357627869 0.09000000357627869 0.0 0.0 0.0 0.0 0.0 0.0 0.0 0.0 -0.11999999731779099 0.0 -0.11999999731779099 0.11999999731779099 -0.11999999731779099 0.11999999731779099 0.0 0.0 0.0 0.0 0.0 -0.18000000715255737 0.0 0.09000000357627869 0.0 0.0 0.0 0.5099999904632568 0.0 0.0 0.0 0.0 0.0 -0.18000000715255737 0.09000000357627869 0.0 0.5099999904632568 0.0 0.0 0.0 0.0 0.0 0.09000000357627869 0.09000000357627869 0.0 0.0 0.0 -0.09000000357627869 0.0 0.0 0.0 0.0 0.0 -0.5099999904632568 0.0 0.3100000023841858 0.0 0.0 0.0 0.09000000357627869 -0.6600000262260437 0.4300000071525574 -0.27000001072883606 0.09000000357627869 0.09000000357627869 0.09000000357627869 0.5099999904632568 -0.5099999904632568 0.0 0.0 0.0 0.09000000357627869 0.0 -0.5099999904632568 0.0 0.0 0.0 0.09000000357627869 0.0 0.0 0.0 0.0 0.0 0.0 -0.2800000011920929 0.09000000357627869 0.0 0.0 -0.7599999904632568 -0.7599999904632568 0.0 0.0 0.0 0.3100000023841858 0.0 0.09000000357627869 0.0 0.09000000357627869 0.09000000357627869 0.0 0.09000000357627869 0.09000000357627869 0.6200000047683716 -0.7599999904632568 -0.7599999904632568 0.5099999904632568 -0.5099999904632568 -0.4699999988079071 0.0 0.07000000029802322 0.09000000357627869 0.0 0.0 0.0 0.0 0.0 0.0 0.0 0.0 0.5099999904632568 0.0 0.0 0.0 0.0 0.0 0.0 0.0 0.09000000357627869 -0.23000000417232513 0.1599999964237213 0.0 0.0 -0.4699999988079071 0.0 0.07000000029802322 0.09000000357627869 0.0 0.09000000357627869 0.0 0.0 0.0 0.0 0.0 0.09000000357627869 0.0 0.0 0.0 0.0 -0.18000000715255737 0.09000000357627869 0.09000000357627869 0.550000011920929 0.0 -0.6200000047683716 0.3199999928474426 0.30000001192092896
85 0.0 0.0 0.0 0.0 0.0 0.0 0.0 0.0 0.0 0.0 -0.09000000357627869 -0.2199999988079071 0.09000000357627869 0.09000000357627869 0.0 -0.5099999904632568 0.0 0.09000000357627869 0.0 0.09000000357627869 0.0 0.09000000357627869 -0.27000001072883606 0.09000000357627869 0.0 0.09000000357627869 0.09000000357627869 0.0 0.0 0.0 0.0 0.0 0.0 0.0 0.0 0.0 0.0 0.0 0.0 0.0 0.0 0.0 0.11999999731779099 0.0 0.0 0.0 0.11999999731779099 0.0 -0.5099999904632568 0.0 0.0 0.0 0.09000000357627869 -0.18000000715255737 0.09000000357627869 0.09000000357627869 0.0 0.09000000357627869 0.0 0.0 0.09000000357627869 0.09000000357627869 0.20999999344348907 0.05000000074505806 0.05000000074505806 -0.30000001192092896 0.33000001311302185 0.33000001311302185 0.0 0.0 0.0 0.3100000023841858 0.0 0.0 0.0 0.09000000357627869 0.09000000357627869 0.0 0.09000000357627869 0.0 0.20000000298023224 0.09000000357627869 0.09000000357627869 -0.699999988079071 0.4399999976158142 0.6399999856948853 -0.800000011920929 0.46000000834465027 0.46000000834465027 -0.800000011920929 0.46000000834465027 0.46000000834465027 0.0 -0.5099999904632568 -0.28999999165534973 0.0 0.09000000357627869 0.09000000357627869 0.019999999552965164 0.09000000357627869 -0.18000000715255737 0.09000000357627869 0.09000000357627869 -0.18000000715255737 0.09000000357627869 0.09000000357627869 0.5099999904632568 -0.5099999904632568 0.0 0.0 0.0 0.09000000357627869 -0.18000000715255737 0.09000000357627869 0.09000000357627869 -0.18000000715255737 0.09000000357627869 0.09000000357627869 0.550000011920929 -0.550000011920929 -0.6200000047683716 0.3199999928474426 0.30000001192092896 0.5099999904632568 -0.5099999904632568 0.0 0.0 0.0 0.09000000357627869 0.0 0.0 0.09000000357627869 -0.23000000417232513 0.0 0.5099999904632568 -0.5099999904632568 -0.28999999165534973 0.0 0.09000000357627869 0.09000000357627869 0.0 0.09000000357627869 -0.18000000715255737 0.09000000357627869 0.09000000357627869 -0.18000000715255737 0.09000000357627869 0.09000000357627869 0.5099999904632568 -0.5099999904632568 -0.4699999988079071 0.3100000023841858 0.0 0.09000000357627869 0.05000000074505806 0.09000000357627869 0.09000000357627869 -0.6600000262260437 0.4300000071525574 0.5099999904632568 -0.5099999904632568 -0.4699999988079071 0.0 -0.019999999552965164 0.09000000357627869 0.09000000357627869 0.5099999904632568 -0.5099999904632568 0.0 0.0 0.0 0.0 -0.18000000715255737 0.09000000357627869 0.09000000357627869 0.0 0.0 0.09000000357627869 0.0 0.0 0.0 0.0 0.0 0.0 0.0 0.0 0.0 0.09000000357627869 0.0 0.0 -0.27000001072883606 0.09000000357627869 0.09000000357627869 0.09000000357627869 0.0 0.0 0.0 0.0 0.0 0.0 0.0 0.09000000357627869 0.0 0.0 0.0 0.0 0.0 0.11999999731779099 0.0 -0.5400000214576721 0.4300000071525574 0.0 0.11999999731779099 0.0 0.0 0.0 0.0 0.0 0.0 0.0 0.0 0.0 0.0 -0.27000001072883606 0.09000000357627869 0.09000000357627869 0.09000000357627869 0.0 0.09000000357627869 0.0 0.0 0.0 0.0 0.0 0.0 0.0 0.0 0.0 0.0 0.0 0.0 0.0 0.0 0.0 0.0 0.0 0.0 -0.18000000715255737 0.09000000357627869 0.09000000357627869 0.0 0.09000000357627869 -0.18000000715255737 0.09000000357627869 0.09000000357627869 0.33000001311302185 0.0 0.0 0.0 0.09000000357627869 0.0 0.0 0.09000000357627869 0.09000000357627869 0.0 0.09000000357627869 0.09000000357627869 -0.699999988079071 0.4399999976158142 0.6399999856948853 -0.800000011920929 0.46000000834465027 0.46000000834465027 0.0 -0.5099999904632568 0.0 0.0 0.0 0.09000000357627869 0.0 0.0 0.09000000357627869 0.0 0.0 0.0 0.3100000023841858 0.0 0.0 0.0 0.0 0.0 0.0 -0.11999999731779099 0.0 -0.11999999731779099 0.11999999731779099 -0.11999999731779099 0.11999999731779099 0.0 0.11999999731779099 0.0 0.11999999731779099 0.0 -0.5099999904632568 0.0 0.0 0.0 0.0 -0.18000000715255737 0.0 0.09000000357627869 0.0 0.0 0.0 0.0 0.0 0.0 0.5099999904632568 0.0 0.0 0.0 0.0 0.0 -0.18000000715255737 0.09000000357627869 0.0 -0.029999999329447746 0.0 0.0 0.5099999904632568 0.0 0.0 0.0 0.0 0.09000000357627869 0.0 0.0 0.0 -0.09000000357627869 0.0 0.0 0.0 0.0 -0.2800000011920929 0.09000000357627869 0.0 0.0 -0.7599999904632568 0.0 0.0 0.09000000357627869 0.09000000357627869 0.0 0.0 0.0 0.0 0.09000000357627869 -0.23000000417232513 0.1599999964237213 0.3199999928474426 -0.27000001072883606 0.09000000357627869 0.09000000357627869 0.09000000357627869 0.09000000357627869 0.09000000357627869
86 0.0 0.0 0.0 -0.5099999904632568 0.0 0.0 0.0 0.09000000357627869 -0.18000000715255737 0.09000000357627869 0.09000000357627869 0.0 0.09000000357627869 0.0 0.0 0.09000000357627869 0.09000000357627869 0.20999999344348907 0.05000000074505806 0.05000000074505806 -0.30000001192092896 0.33000001311302185 0.33000001311302185 0.33000001311302185 0.0 0.0 0.0 0.3100000023841858 0.0 0.0 0.0 0.09000000357627869 0.09000000357627869 0.0 0.09000000357627869 0.0 0.20000000298023224 0.09000000357627869 0.09000000357627869 -0.699999988079071 0.4399999976158142 0.6399999856948853 -0.800000011920929 0.46000000834465027 0.46000000834465027 -0.800000011920929 0.46000000834465027 0.46000000834465027 0.0 -0.5099999904632568 0.0 0.0 0.0 0.09000000357627869 0.0 0.0 -0.27000001072883606 0.09000000357627869 0.0 0.09000000357627869 0.0 0.09000000357627869 0.09000000357627869 0.0 0.0 -0.5099999904632568 0.0 0.0 0.0 0.09000000357627869 -0.18000000715255737 0.09000000357627869 0.09000000357627869 -0.18000000715255737 0.09000000357627869 0.09000000357627869 0.550000011920929 -0.550000011920929 -0.6200000047683716 0.3199999928474426 0.30000001192092896 0.5099999904632568 -0.5099999904632568 0.0 0.0 0.0 0.09000000357627869 0.0 0.0 0.09000000357627869 -0.23000000417232513 0.0 0.5099999904632568 -0.5099999904632568 -0.28999999165534973 0.0 0.09000000357627869 0.09000000357627869 0.0 0.09000000357627869 -0.18000000715255737 0.09000000357627869 0.09000000357627869 -0.18000000715255737 0.09000000357627869 0.09000000357627869 0.5099999904632568 -0.5099999904632568 -0.4699999988079071 0.3100000023841858 0.0 0.09000000357627869 0.05000000074505806 0.09000000357627869 -0.6600000262260437 0.4300000071525574 0.5099999904632568 -0.5099999904632568 -0.4699999988079071 0.0 -0.019999999552965164 0.09000000357627869 0.09000000357627869 0.5099999904632568 -0.5099999904632568 0.0 0.0 0.0 0.0 0.09000000357627869 0.0 0.0 0.0 0.0 0.0 0.0 0.0 0.0 0.0 0.09000000357627869 0.0 0.0 -0.27000001072883606 0.09000000357627869 0.09000000357627869 0.09000000357627869 0.0 0.0 0.0 0.0 0.0 0.0 0.0 0.09000000357627869 0.0 0.0 0.0 0.0 0.0 0.11999999731779099 0.0 -0.5400000214576721 0.4300000071525574 0.0 0.11999999731779099 0.0 0.0 0.0 0.0 0.0 0.0 0.0 0.0 0.0 0.0 -0.27000001072883606 0.09000000357627869 0.09000000357627869 0.09000000357627869 0.0 0.09000000357627869 0.0 0.0 0.0 0.0 0.09000000357627869 0.09000000357627869 0.09000000357627869 0.0 -0.11999999731779099 0.0 -0.11999999731779099 0.11999999731779099 -0.11999999731779099 0.11999999731779099 0.09000000357627869 -0.7599999904632568 -0.23000000417232513 0.1599999964237213 0.09000000357627869 0.0 0.09000000357627869 -0.18000000715255737 0.09000000357627869 -0.18000000715255737 0.09000000357627869 0.09000000357627869 0.5099999904632568 -0.5099999904632568 0.09000000357627869 0.09000000357627869 -0.27000001072883606 0.09000000357627869 0.09000000357627869 0.09000000357627869 0.09000000357627869
87 -0.09000000357627869 -0.2199999988079071 0.09000000357627869 0.0 0.09000000357627869 0.09000000357627869 0.09000000357627869 0.0 -0.18000000715255737 0.09000000357627869 0.09000000357627869 0.09000000357627869 0.0 0.0 0.0 0.3100000023841858 0.0 0.0 0.0 0.09000000357627869 0.09000000357627869 0.0 0.09000000357627869 0.0 0.20000000298023224 0.09000000357627869 0.09000000357627869 -0.699999988079071 0.4399999976158142 0.6399999856948853 -0.800000011920929 0.46000000834465027 -0.800000011920929 0.46000000834465027 0.46000000834465027 0.0 -0.5099999904632568 0.0 0.0 0.0 0.09000000357627869 0.0 0.0 -0.27000001072883606 0.09000000357627869 0.0 0.09000000357627869 0.0 0.09000000357627869 0.09000000357627869 0.0 0.0 -0.5099999904632568 -0.28999999165534973 0.0 0.09000000357627869 0.09000000357627869 0.019999999552965164 0.09000000357627869 -0.18000000715255737 0.09000000357627869 0.09000000357627869 -0.18000000715255737 0.09000000357627869 0.09000000357627869 0.5099999904632568 -0.5099999904632568 0.0 0.0 0.0 0.09000000357627869 0.0 0.0 0.09000000357627869 -0.23000000417232513 0.0 0.5099999904632568 -0.5099999904632568 -0.28999999165534973 0.0 0.09000000357627869 0.09000000357627869 0.0 0.09000000357627869 -0.18000000715255737 0.09000000357627869 0.09000000357627869 -0.18000000715255737 0.09000000357627869 0.09000000357627869 0.5099999904632568 -0.5099999904632568 -0.4699999988079071 0.3100000023841858 0.0 0.09000000357627869 0.05000000074505806 0.09000000357627869 0.09000000357627869 -0.6600000262260437 0.4300000071525574 0.5099999904632568 -0.5099999904632568 -0.4699999988079071 0.0 -0.019999999552965164 0.09000000357627869 0.09000000357627869 0.5099999904632568 -0.5099999904632568 0.0 0.0 0.0 0.09000000357627869 0.0 0.0 0.0 0.0 0.0 0.0 0.0 0.0 0.09000000357627869 0.0 0.0 -0.27000001072883606 0.09000000357627869 0.09000000357627869 0.09000000357627869 0.0 0.0 0.0 0.0 0.0 0.0 0.0 0.0 0.0 0.0 0.0 0.0 0.0 -0.27000001072883606 0.09000000357627869 0.09000000357627869 0.09000000357627869 0.0 0.09000000357627869 0.09000000357627869 0.46000000834465027 0.0 0.0 -0.11999999731779099 0.0 -0.11999999731779099 0.11999999731779099 -0.11999999731779099 0.11999999731779099 0.0 0.0 -0.4699999988079071 0.3100000023841858 0.0 0.09000000357627869 0.05000000074505806 0.09000000357627869 0.09000000357627869 -0.6600000262260437 0.4300000071525574 0.5099999904632568 -0.5099999904632568 -0.28999999165534973 0.0 0.09000000357627869 0.09000000357627869 0.0 0.09000000357627869 -0.18000000715255737 0.09000000357627869 -0.18000000715255737 0.09000000357627869 0.09000000357627869 0.5099999904632568 -0.5099999904632568 0.0 0.3100000023841858 0.0 0.09000000357627869 0.0 0.09000000357627869 -0.6600000262260437 0.4300000071525574 -0.27000001072883606 0.09000000357627869 0.09000000357627869 0.0 0.5099999904632568 -0.5099999904632568 -0.4699999988079071 0.3100000023841858 -0.5099999904632568 0.09000000357627869 0.09000000357627869 -0.27000001072883606 0.09000000357627869 0.09000000357627869 0.09000000357627869 0.3199999928474426 -0.7599999904632568
88 0.0 0.0 0.0 0.0 0.0 0.0 0.0 0.0 0.0 -0.09000000357627869 -0.2199999988079071 0.09000000357627869 0.09000000357627869 0.0 0.0 0.09000000357627869 0.0 0.09000000357627869 0.0 0.09000000357627869 -0.27000001072883606 0.09000000357627869 0.09000000357627869 -0.5099999904632568 0.0 0.0 0.09000000357627869 0.0 0.0 -0.18000000715255737 0.09000000357627869 0.09000000357627869 -0.18000000715255737 0.09000000357627869 0.09000000357627869 0.0 0.0 0.0 0.3100000023841858 0.0 0.0 0.0 0.09000000357627869 0.09000000357627869 0.0 0.09000000357627869 0.0 0.20000000298023224 0.09000000357627869 0.09000000357627869 -0.699999988079071 0.4399999976158142 0.6399999856948853 -0.800000011920929 0.46000000834465027 0.46000000834465027 -0.800000011920929 0.46000000834465027 0.46000000834465027 0.0 -0.5099999904632568 0.0 0.0 0.0 0.09000000357627869 0.0 0.0 -0.27000001072883606 0.09000000357627869 0.0 0.09000000357627869 0.0 0.09000000357627869 0.09000000357627869 0.0 0.0 -0.5099999904632568 -0.28999999165534973 0.0 0.09000000357627869 0.09000000357627869 0.019999999552965164 0.09000000357627869 -0.18000000715255737 0.09000000357627869 0.09000000357627869 -0.18000000715255737 0.09000000357627869 0.09000000357627869 0.5099999904632568 -0.5099999904632568 0.0 0.0 0.0 0.09000000357627869 -0.18000000715255737 0.09000000357627869 0.09000000357627869 -0.18000000715255737 0.09000000357627869 0.09000000357627869 0.550000011920929 -0.550000011920929 -0.6200000047683716 0.3199999928474426 0.30000001192092896 0.5099999904632568 -0.5099999904632568 -0.28999999165534973 0.0 0.09000000357627869 0.09000000357627869 0.0 0.09000000357627869 -0.18000000715255737 0.09000000357627869 0.09000000357627869 -0.18000000715255737 0.09000000357627869 0.09000000357627869 0.5099999904632568 -0.5099999904632568 -0.4699999988079071 0.3100000023841858 0.0 0.09000000357627869 0.05000000074505806 0.09000000357627869 0.09000000357627869 -0.6600000262260437 0.4300000071525574 0.5099999904632568 -0.5099999904632568 -0.4699999988079071 0.0 -0.019999999552965164 0.09000000357627869 0.09000000357627869 0.5099999904632568 -0.5099999904632568 0.0 0.0 0.0 0.0 -0.18000000715255737 0.09000000357627869 0.09000000357627869 0.0 0.0 0.09000000357627869 0.20000000298023224 0.09000000357627869 0.09000000357627869 -0.699999988079071 0.4399999976158142 0.0 0.0 0.0 0.0 0.0 0.0 0.0 0.0 0.0 0.09000000357627869 0.0 0.0 -0.27000001072883606 0.09000000357627869 0.09000000357627869 0.09000000357627869 0.0 0.0 0.0 0.0 0.0 0.0 0.0 0.09000000357627869 0.0 0.0 0.0 0.0 0.0 0.11999999731779099 0.0 -0.5400000214576721 0.4300000071525574 0.0 0.11999999731779099 0.0 0.0 0.0 0.0 0.0 0.0 0.0 0.0 0.0 0.0 -0.27000001072883606 0.09000000357627869 0.09000000357627869 0.09000000357627869 0.0 0.09000000357627869 0.0 0.0 0.0 0.0 0.3100000023841858 0.0 0.0 0.0 0.0 0.0 0.0 -0.11999999731779099 0.0 -0.11999999731779099 0.11999999731779099 -0.11999999731779099 0.11999999731779099 0.0 0.11999999731779099 0.0 0.11999999731779099 0.0 -0.5099999904632568 0.0 0.0 0.0 0.0 -0.18000000715255737 0.0 0.09000000357627869 0.5099999904632568 0.0 0.0 0.0 0.0 0.0 -0.18000000715255737 0.09000000357627869 0.0 -0.029999999329447746 0.0 0.0 0.0 0.23999999463558197 0.10999999940395355 -0.25 0.17000000178813934 0.5099999904632568 0.0 0.0 0.0 0.0 0.0 0.09000000357627869 0.0 0.0 0.0 0.0 -0.5099999904632568 0.09000000357627869 0.0 -0.7599999904632568
89 -0.09000000357627869 -0.2199999988079071 0.09000000357627869 0.09000000357627869 0.0 0.09000000357627869 0.0 0.09000000357627869 0.0 0.20000000298023224 0.09000000357627869 0.09000000357627869 -0.699999988079071 0.4399999976158142 0.6399999856948853 -0.800000011920929 0.46000000834465027 0.46000000834465027 -0.800000011920929 0.46000000834465027 0.0 0.0 0.0 0.0 0.09000000357627869 0.0 0.0 -0.27000001072883606 0.09000000357627869 0.0 0.09000000357627869 0.0 0.09000000357627869 0.0 0.0 -0.5099999904632568 -0.28999999165534973 0.0 0.09000000357627869 0.09000000357627869 0.019999999552965164 0.09000000357627869 -0.18000000715255737 0.09000000357627869 0.09000000357627869 -0.18000000715255737 0.09000000357627869 0.5099999904632568 -0.5099999904632568 0.0 0.0 0.0 0.09000000357627869 -0.18000000715255737 0.09000000357627869 0.09000000357627869 -0.18000000715255737 0.09000000357627869 0.09000000357627869 0.550000011920929 -0.550000011920929 -0.6200000047683716 0.3199999928474426 0.30000001192092896 0.5099999904632568 -0.5099999904632568 0.0 0.0 0.0 0.09000000357627869 0.0 0.0 0.09000000357627869 -0.23000000417232513 0.0 0.5099999904632568 -0.5099999904632568 -0.4699999988079071 0.3100000023841858 0.0 0.09000000357627869 0.05000000074505806 0.09000000357627869 0.09000000357627869 -0.6600000262260437 0.4300000071525574 0.5099999904632568 -0.5099999904632568 -0.4699999988079071 0.0 -0.019999999552965164 0.09000000357627869 0.09000000357627869 0.5099999904632568 -0.5099999904632568 0.0 0.0 0.0 0.0 -0.18000000715255737 0.09000000357627869 0.09000000357627869 0.0 0.0 0.09000000357627869 0.20000000298023224 0.09000000357627869 0.09000000357627869 -0.699999988079071 0.4399999976158142 0.6399999856948853 -0.800000011920929 0.46000000834465027 0.0 0.0 0.0 0.0 0.0 0.0 0.0 0.0 0.0 0.09000000357627869 0.0 0.0 -0.27000001072883606 0.09000000357627869 0.09000000357627869 0.09000000357627869 0.0 0.0 0.0 -0.18000000715255737 0.09000000357627869 0.0 0.0 0.09000000357627869 0.4300000071525574 -0.27000001072883606 0.09000000357627869 0.09000000357627869 0.09000000357627869
9 0.5099999904632568 -0.5099999904632568 0.0 0.3100000023841858 0.0 0.09000000357627869 -0.27000001072883606 0.09000000357627869 0.09000000357627869 0.09000000357627869 0.0 -0.5099999904632568 -0.4699999988079071 0.3100000023841858 0.0 0.09000000357627869 -0.18000000715255737 0.09000000357627869 0.09000000357627869 0.0 0.09000000357627869 -0.27000001072883606 0.09000000357627869 0.09000000357627869 0.09000000357627869 -0.27000001072883606 0.09000000357627869 0.09000000357627869 0.09000000357627869 0.5099999904632568 -0.5099999904632568 -0.4699999988079071 0.3100000023841858 0.0 0.09000000357627869 -0.18000000715255737 0.09000000357627869 0.09000000357627869 0.0 -0.11999999731779099 0.11999999731779099 -0.11999999731779099 0.11999999731779099 -0.11999999731779099 0.11999999731779099 -0.11999999731779099 0.11999999731779099 -0.11999999731779099 0.11999999731779099 0.0 -0.5099999904632568 -0.4699999988079071 0.3100000023841858 0.07000000029802322 0.09000000357627869 0.05000000074505806 0.09000000357627869 0.09000000357627869 -0.6600000262260437 0.4300000071525574 0.5099999904632568 -0.5099999904632568 0.0 0.3100000023841858 0.0 0.09000000357627869 -0.18000000715255737 0.09000000357627869 0.09000000357627869 0.0 0.09000000357627869 -0.27000001072883606 0.09000000357627869 0.09000000357627869 0.09000000357627869 -0.27000001072883606 0.09000000357627869 0.09000000357627869 0.09000000357627869 0.5099999904632568 -0.5099999904632568 -0.4699999988079071 0.3100000023841858 0.0 0.09000000357627869 0.0 0.09000000357627869 -0.27000001072883606 0.09000000357627869 0.09000000357627869 0.09000000357627869 -0.27000001072883606 0.09000000357627869 0.09000000357627869 0.09000000357627869 0.0 -0.5099999904632568 0.0 0.0 0.09000000357627869 0.09000000357627869 0.019999999552965164 0.09000000357627869 -0.18000000715255737 0.09000000357627869 0.09000000357627869 -0.18000000715255737 0.09000000357627869 0.09000000357627869 0.0 -0.4699999988079071 0.3100000023841858
90 0.0 0.0 0.0 0.0 -0.09000000357627869 -0.2199999988079071 0.09000000357627869 0.09000000357627869 0.0 -0.18000000715255737 0.09000000357627869 0.09000000357627869 -0.18000000715255737 0.09000000357627869 0.0 0.0 0.0 0.09000000357627869 0.09000000357627869 0.0 0.09000000357627869 0.0 0.20000000298023224 0.09000000357627869 0.09000000357627869 -0.699999988079071 0.4399999976158142 0.6399999856948853 -0.800000011920929 0.46000000834465027 0.46000000834465027 -0.800000011920929 0.46000000834465027 0.46000000834465027 0.0 0.0 0.0 0.0 0.09000000357627869 0.0 0.0 -0.27000001072883606 0.09000000357627869 0.0 0.09000000357627869 0.0 0.09000000357627869 0.0 0.0 -0.5099999904632568 -0.28999999165534973 0.019999999552965164 0.09000000357627869 -0.18000000715255737 0.5099999904632568 -0.5099999904632568 0.0 0.0 0.0 0.09000000357627869 -0.18000000715255737 0.09000000357627869 0.09000000357627869 -0.18000000715255737 -0.550000011920929 0.5099999904632568 -0.5099999904632568 0.0 0.0 0.0 0.09000000357627869 0.0 0.0 0.09000000357627869 -0.23000000417232513 0.0 0.5099999904632568 -0.5099999904632568 -0.28999999165534973 0.0 0.09000000357627869 0.09000000357627869 0.0 0.09000000357627869 -0.18000000715255737 0.09000000357627869 0.09000000357627869 -0.18000000715255737 0.09000000357627869 0.09000000357627869 0.5099999904632568 -0.5099999904632568 -0.4699999988079071 0.0 -0.019999999552965164 0.09000000357627869 0.09000000357627869 0.5099999904632568 -0.5099999904632568 0.0 0.0 0.0 0.0 -0.18000000715255737 0.09000000357627869 0.09000000357627869 0.0 0.0 0.09000000357627869 0.20000000298023224 0.09000000357627869 0.09000000357627869 -0.699999988079071 0.4399999976158142 0.6399999856948853 -0.800000011920929 0.46000000834465027 0.46000000834465027 -0.800000011920929 0.46000000834465027 0.46000000834465027 0.0 0.0 0.0 0.0 0.0 0.0 0.0 0.0 0.0 0.09000000357627869 0.0 0.0 -0.27000001072883606 0.09000000357627869 0.09000000357627869 0.09000000357627869 0.0 0.0 0.0 0.0 0.0 0.0 0.0 0.09000000357627869 0.0 0.0 0.0 -0.5400000214576721 0.4300000071525574 0.0 0.11999999731779099 0.0 0.0 0.0 0.0 0.0 0.0 0.5099999904632568 0.0 0.0 0.0 0.0 0.0 -0.18000000715255737 0.09000000357627869 0.0 -0.029999999329447746 0.0 0.0 0.0 0.0 0.23999999463558197 0.10999999940395355 -0.25 0.17000000178813934 -0.20000000298023224 0.14000000059604645 -0.27000001072883606 -0.14000000059604645 0.14000000059604645 0.5099999904632568 0.0 0.0 0.0 0.0 0.0 0.0 0.09000000357627869 0.09000000357627869 0.0 0.0 0.0 -0.09000000357627869 0.0 0.0 0.0 -0.5099999904632568 0.0 0.0 0.0 0.09000000357627869 0.0 0.09000000357627869 0.0 0.0 -0.5099999904632568 -0.5099999904632568 0.09000000357627869 0.0 -0.5099999904632568 0.0 0.3100000023841858 0.0 0.0 0.0 0.09000000357627869 -0.6600000262260437 0.4300000071525574 -0.27000001072883606 0.09000000357627869 0.09000000357627869 0.09000000357627869 0.5099999904632568 -0.5099999904632568 0.0 0.0 0.0 0.0 -0.2800000011920929 0.09000000357627869 0.0 0.0 -0.7599999904632568 -0.7599999904632568 0.09000000357627869 0.09000000357627869 -0.7599999904632568
91 0.0 -0.2199999988079071 0.09000000357627869 0.09000000357627869 0.0 0.0 0.0 0.0 0.0 0.11999999731779099 0.0 0.09000000357627869 0.09000000357627869 0.0 0.0 0.0 0.3100000023841858 0.0 0.0 0.0 0.09000000357627869 0.09000000357627869 0.0 0.09000000357627869 0.0 0.20000000298023224 0.09000000357627869 0.09000000357627869 -0.699999988079071 0.4399999976158142 0.6399999856948853 -0.800000011920929 0.46000000834465027 0.46000000834465027 -0.800000011920929 0.46000000834465027 0.46000000834465027 0.0 -0.5099999904632568 0.0 0.0 0.0 0.09000000357627869 0.0 0.0 -0.27000001072883606 0.09000000357627869 0.0 0.09000000357627869 0.0 0.09000000357627869 0.09000000357627869 0.0 0.0 -0.5099999904632568 -0.28999999165534973 0.0 0.09000000357627869 0.09000000357627869 0.019999999552965164 0.09000000357627869 -0.18000000715255737 0.09000000357627869 0.09000000357627869 -0.18000000715255737 0.09000000357627869 0.09000000357627869 0.5099999904632568 -0.5099999904632568 0.0 0.0 0.0 0.09000000357627869 -0.18000000715255737 0.09000000357627869 0.09000000357627869 -0.18000000715255737 0.09000000357627869 0.550000011920929 -0.550000011920929 0.5099999904632568 -0.5099999904632568 0.0 0.0 0.0 0.09000000357627869 0.0 0.0 0.09000000357627869 -0.23000000417232513 0.0 0.5099999904632568 -0.5099999904632568 -0.28999999165534973 0.0 0.09000000357627869 0.09000000357627869 0.0 0.09000000357627869 -0.18000000715255737 0.09000000357627869 0.09000000357627869 -0.18000000715255737 0.09000000357627869 0.09000000357627869 0.5099999904632568 -0.5099999904632568 -0.4699999988079071 0.3100000023841858 0.0 0.09000000357627869 0.05000000074505806 0.09000000357627869 0.09000000357627869 -0.6600000262260437 0.4300000071525574 0.5099999904632568 -0.5099999904632568 0.0 0.0 0.0 0.0 -0.18000000715255737 0.09000000357627869 0.09000000357627869 0.0 0.0 0.09000000357627869 0.20000000298023224 0.09000000357627869 0.09000000357627869 -0.699999988079071 0.4399999976158142 0.6399999856948853 -0.800000011920929 0.46000000834465027 0.46000000834465027 -0.800000011920929 0.46000000834465027 0.46000000834465027 0.0 0.0 0.0 0.0 0.0 0.0 0.0 0.0 0.0 0.09000000357627869 0.0 0.0 -0.27000001072883606 0.09000000357627869 0.09000000357627869 0.09000000357627869 0.0 0.0 0.0 0.0 0.0 0.0 0.0 0.09000000357627869 0.0 0.0 0.0 0.0 0.0 0.11999999731779099 0.0 -0.5400000214576721 0.4300000071525574 0.0 0.11999999731779099 0.0 0.0 0.0 0.0 0.0 0.0 0.09000000357627869 0.0 0.0 0.0 0.5099999904632568 0.0 0.0 0.0 0.0 0.0 -0.18000000715255737 0.09000000357627869 0.0 -0.029999999329447746 0.10999999940395355 -0.25 0.17000000178813934 0.5099999904632568 0.0 0.0 0.0 0.0 0.0 0.0 0.09000000357627869 0.09000000357627869 0.0 0.0 0.0 -0.09000000357627869 0.0 0.0 0.0 0.0 0.0 -0.5099999904632568 0.0 0.0 0.0 0.09000000357627869 -0.5099999904632568 0.0 -0.5099999904632568 0.0 0.3100000023841858 0.0 0.0 0.0 0.09000000357627869 -0.6600000262260437 0.4300000071525574 -0.27000001072883606 0.09000000357627869 0.09000000357627869 0.09000000357627869 0.5099999904632568 -0.5099999904632568 0.0 0.0 0.0 0.0 0.0 0.0 0.0 0.0 -0.2800000011920929 0.09000000357627869 0.0 0.0 -0.7599999904632568 -0.7599999904632568 0.0 0.0 0.0 0.3100000023841858 0.0 0.09000000357627869 0.0 0.09000000357627869 0.09000000357627869 0.0 0.09000000357627869 0.09000000357627869 0.6200000047683716 -0.7599999904632568 -0.7599999904632568 0.5099999904632568 0.0 0.0 0.0 0.0 0.0 0.0 0.0 0.0 0.09000000357627869 -0.23000000417232513 0.1599999964237213
92 0.0 0.0 0.0 0.11999999731779099 0.0 0.0 0.0 0.0 0.0 0.0 0.0 0.0 0.0 0.0 0.0 0.0 0.0 0.09000000357627869 -0.800000011920929 0.46000000834465027 0.46000000834465027 0.0 0.0 0.0 0.0 0.0 0.0 0.0 0.0 0.0 0.0 0.0 0.0 0.0 0.0 0.0 0.0 0.0 0.0 0.0 0.0 0.0 0.0 0.0 0.0 0.0 0.0 0.0 0.0 0.0 0.0 0.0 -0.09000000357627869 -0.2199999988079071 0.09000000357627869 0.09000000357627869 0.0 -0.18000000715255737 0.09000000357627869 0.09000000357627869 0.09000000357627869 0.0 0.0 0.0 0.0 0.0 0.0 0.0 0.11999999731779099 0.0 0.0 0.11999999731779099 0.0 0.0 0.0 0.3100000023841858 0.0 0.0 0.0 0.09000000357627869 0.09000000357627869 0.0 0.09000000357627869 0.0 0.20000000298023224 0.09000000357627869 0.09000000357627869 -0.699999988079071 0.4399999976158142 0.6399999856948853 -0.800000011920929 0.46000000834465027 0.46000000834465027 -0.800000011920929 0.46000000834465027 0.46000000834465027 0.0 -0.5099999904632568 0.0 0.0 0.0 0.09000000357627869 0.0 0.0 -0.27000001072883606 0.09000000357627869 0.0 0.09000000357627869 0.0 0.09000000357627869 0.09000000357627869 0.0 0.0 -0.5099999904632568 -0.28999999165534973 0.0 0.09000000357627869 0.09000000357627869 0.019999999552965164 0.09000000357627869 -0.18000000715255737 0.09000000357627869 0.5099999904632568 -0.5099999904632568 0.0 0.0 0.0 0.09000000357627869 -0.18000000715255737 0.09000000357627869 0.5099999904632568 -0.5099999904632568 0.0 0.0 0.0 0.09000000357627869 0.0 0.0 0.09000000357627869 -0.23000000417232513 0.0 0.5099999904632568 -0.5099999904632568 -0.28999999165534973 0.0 0.09000000357627869 0.09000000357627869 0.0 0.09000000357627869 -0.18000000715255737 0.09000000357627869 0.09000000357627869 -0.18000000715255737 0.09000000357627869 0.09000000357627869 0.5099999904632568 -0.5099999904632568 -0.4699999988079071 0.3100000023841858 0.0 0.09000000357627869 0.05000000074505806 0.09000000357627869 0.09000000357627869 -0.6600000262260437 0.4300000071525574 0.5099999904632568 -0.5099999904632568 -0.4699999988079071 0.0 -0.019999999552965164 0.09000000357627869 0.09000000357627869 0.5099999904632568 -0.5099999904632568 0.0 0.0 0.0 0.0 0.0 0.0 0.0 0.09000000357627869 0.0 0.0 -0.27000001072883606 0.09000000357627869 0.09000000357627869 0.09000000357627869 0.0 0.0 0.0 0.0 0.0 0.0 0.0 0.09000000357627869 0.0 0.0 0.0 0.0 0.0 0.11999999731779099 0.0 -0.5400000214576721 0.4300000071525574 0.0 0.11999999731779099 0.0 0.0 0.0 0.0 0.0 0.0 0.0 0.0 0.0 0.0 -0.27000001072883606 0.09000000357627869 0.0 0.0 0.0 0.0 0.0 0.0 0.0 -0.11999999731779099 0.0 0.0 -0.5099999904632568 0.0 0.0 0.0 0.0 -0.18000000715255737 0.0 0.09000000357627869 0.0 0.0 0.0 0.0 0.0 0.5099999904632568 0.0 0.0 0.0 0.0 0.0 -0.18000000715255737 0.09000000357627869 0.0 -0.029999999329447746 0.0 0.0 0.0 0.0 0.23999999463558197 0.10999999940395355 -0.25 0.17000000178813934 -0.20000000298023224 0.14000000059604645 -0.27000001072883606 0.0 -0.14000000059604645 0.14000000059604645 0.5099999904632568 0.0 0.0 0.0 0.0 0.0 0.0 0.09000000357627869 0.09000000357627869 0.0 0.0 0.0 -0.09000000357627869 0.0 0.0 0.0 0.0 0.0 -0.5099999904632568 0.0 0.0 0.0 0.09000000357627869 0.0 0.0 0.09000000357627869 0.0 0.09000000357627869 0.0 0.550000011920929 -0.550000011920929 -0.6200000047683716 0.0 0.0 0.5099999904632568 -0.5099999904632568 0.0 0.0 0.0 0.0 0.0 0.09000000357627869 0.09000000357627869 0.0 0.0 0.09000000357627869 0.6200000047683716 -0.7599999904632568 -0.7599999904632568 0.0 -0.5099999904632568 -0.28999999165534973 0.0 0.09000000357627869 0.09000000357627869 0.0 0.09000000357627869 -0.18000000715255737 0.09000000357627869 0.09000000357627869 -0.18000000715255737 0.09000000357627869 0.09000000357627869 0.0 -0.5099999904632568 0.0 0.0 0.0 0.09000000357627869 0.0 0.09000000357627869 0.0 -0.18000000715255737 0.09000000357627869 0.09000000357627869 -0.18000000715255737 0.09000000357627869 0.09000000357627869 0.20999999344348907 0.05000000074505806 0.05000000074505806 0.0 -0.5099999904632568 0.0 0.3100000023841858 0.0 0.0 0.0 0.09000000357627869 -0.6600000262260437 0.4300000071525574 -0.27000001072883606 0.09000000357627869 0.09000000357627869 0.09000000357627869 0.5099999904632568 -0.5099999904632568 0.0 0.0 0.0 0.09000000357627869 -0.2800000011920929 0.09000000357627869 0.6200000047683716 -0.7599999904632568 -0.7599999904632568 0.0 -0.5099999904632568 0.0 0.0 0.0 0.09000000357627869 0.0 0.09000000357627869 0.09000000357627869 0.09000000357627869 0.0 0.0 0.0 0.0 0.0 0.0 -0.2800000011920929 0.09000000357627869 0.0 0.0 -0.7599999904632568 -0.7599999904632568 0.0 0.0 0.0 0.3100000023841858 0.0 0.09000000357627869 0.0 0.09000000357627869 0.0 0.09000000357627869 0.09000000357627869 0.6200000047683716 -0.7599999904632568 0.5099999904632568 0.0 0.0 0.0 0.0 0.0 0.0 0.4399999976158142 0.0 0.0 0.0 0.0 0.0 0.0 0.09000000357627869 -0.23000000417232513 0.1599999964237213
93 0.0 0.11999999731779099 0.0 0.0 0.0 0.0 0.0 0.0 0.0 0.0 0.0 0.0 0.0 0.0 0.0 0.0 0.0 0.0 0.0 0.0 0.0 0.0 0.0 0.0 0.0 0.0 0.0 0.0 0.0 0.09000000357627869 0.0 0.0 0.0 0.0 0.0 0.0 0.0 0.0 0.0 0.0 0.0 0.0 0.0 -0.09000000357627869 -0.2199999988079071 0.09000000357627869 0.09000000357627869 0.0 0.0 -0.5099999904632568 0.0 0.3100000023841858 0.0 0.3100000023841858 0.0 0.0 0.0 0.09000000357627869 0.0 0.09000000357627869 0.0 0.09000000357627869 -0.27000001072883606 0.09000000357627869 0.0 0.09000000357627869 0.0 -0.5099999904632568 0.0 0.0 0.0 0.09000000357627869 0.0 -0.5099999904632568 0.0 0.0 0.09000000357627869 0.09000000357627869 0.0 0.0 -0.18000000715255737 0.09000000357627869 0.09000000357627869 -0.18000000715255737 0.09000000357627869 0.09000000357627869 0.5099999904632568 -0.5099999904632568 -0.4699999988079071 0.0 0.0 0.09000000357627869 0.0 0.0 0.0 0.0 0.0 0.0 0.0 0.0 0.0 0.0 0.0 0.11999999731779099 0.0 0.0 0.0 0.11999999731779099 0.0 -0.5099999904632568 0.0 0.0 0.0 0.09000000357627869 -0.18000000715255737 0.09000000357627869 0.09000000357627869 0.0 0.09000000357627869 0.0 0.0 0.09000000357627869 0.0 0.0 0.0 0.3100000023841858 0.0 0.0 0.0 0.09000000357627869 0.09000000357627869 0.0 0.09000000357627869 0.0 0.20000000298023224 0.09000000357627869 0.09000000357627869 -0.699999988079071 0.4399999976158142 0.6399999856948853 -0.800000011920929 0.46000000834465027 0.46000000834465027 -0.800000011920929 0.46000000834465027 0.46000000834465027 0.0 -0.5099999904632568 0.0 0.0 0.0 0.09000000357627869 0.0 0.0 -0.27000001072883606 0.09000000357627869 0.0 0.09000000357627869 0.0 0.09000000357627869 0.09000000357627869 0.0 0.0 -0.5099999904632568 -0.28999999165534973 0.0 0.09000000357627869 0.09000000357627869 0.019999999552965164 0.09000000357627869 -0.18000000715255737 0.09000000357627869 0.09000000357627869 -0.18000000715255737 0.09000000357627869 0.09000000357627869 0.5099999904632568 -0.5099999904632568 0.0 0.0 0.0 0.09000000357627869 -0.18000000715255737 0.09000000357627869 0.09000000357627869 -0.18000000715255737 0.09000000357627869 0.09000000357627869 0.550000011920929 -0.550000011920929 0.5099999904632568 -0.5099999904632568 0.0 0.0 0.0 0.09000000357627869 0.0 0.0 0.09000000357627869 -0.23000000417232513 0.0 0.5099999904632568 -0.5099999904632568 -0.28999999165534973 0.0 0.09000000357627869 0.09000000357627869 0.0 0.09000000357627869 -0.18000000715255737 0.09000000357627869 0.09000000357627869 -0.18000000715255737 0.09000000357627869 0.09000000357627869 0.5099999904632568 -0.5099999904632568 -0.4699999988079071 0.3100000023841858 0.0 0.09000000357627869 0.05000000074505806 0.09000000357627869 0.09000000357627869 -0.6600000262260437 0.4300000071525574 0.5099999904632568 -0.5099999904632568 -0.4699999988079071 0.0 -0.019999999552965164 0.09000000357627869 0.09000000357627869 0.5099999904632568 -0.5099999904632568 0.0 0.0 0.0 0.0 -0.18000000715255737 0.09000000357627869 0.09000000357627869 0.0 0.0 0.09000000357627869 0.20000000298023224 0.09000000357627869 0.09000000357627869 -0.699999988079071 0.4399999976158142 0.6399999856948853 -0.800000011920929 0.46000000834465027 0.46000000834465027 -0.800000011920929 0.46000000834465027 0.0 0.0 0.0 0.0 0.0 0.0 0.0 0.09000000357627869 0.0 0.0 0.0 0.0 0.0 0.11999999731779099 0.0 -0.5400000214576721 0.4300000071525574 0.0 0.11999999731779099 0.0 0.0 0.0 0.0 0.0 0.0 0.0 0.0 0.0 0.0 -0.27000001072883606 0.09000000357627869 0.09000000357627869 0.09000000357627869 0.0 0.09000000357627869 0.0 0.0 0.0 0.0 0.0 0.0 0.0 0.0 0.0 0.0 0.0 0.0 0.0 0.09000000357627869 0.0 0.09000000357627869 0.0 0.09000000357627869 0.0 -0.5099999904632568 0.0 0.0 0.0 0.09000000357627869 0.0 0.0 0.09000000357627869 0.0 0.0 0.0 0.3100000023841858 0.0 0.0 0.0 0.0 0.0 0.0 -0.11999999731779099 0.0 -0.11999999731779099 0.11999999731779099 -0.11999999731779099 0.11999999731779099 0.0 0.11999999731779099 0.0 0.11999999731779099 0.0 -0.5099999904632568 0.0 0.0 0.0 0.0 -0.18000000715255737 0.0 0.09000000357627869 0.0 0.0 0.0 -0.11999999731779099 0.11999999731779099 -0.11999999731779099 0.0 0.0 0.0 0.0 0.5099999904632568 0.0 0.0 0.0 0.0 0.0 -0.18000000715255737 0.09000000357627869 0.0 -0.029999999329447746 0.0 0.0 0.0 0.0 0.23999999463558197 0.10999999940395355 -0.25 0.17000000178813934 -0.20000000298023224 0.14000000059604645 -0.27000001072883606 0.0 -0.14000000059604645 0.14000000059604645 0.5099999904632568 0.0 0.0 0.0 0.0 0.0 0.0 0.09000000357627869 0.09000000357627869 0.0 0.0 0.0 -0.09000000357627869 0.0 0.0 0.0 0.0 0.0 -0.5099999904632568 0.0 0.0 0.0 0.09000000357627869 0.0 0.0 0.0 0.09000000357627869 0.0 0.550000011920929 -0.6200000047683716 0.0 0.0 0.0 0.09000000357627869 0.0 0.0 0.09000000357627869 -0.27000001072883606 0.09000000357627869 0.09000000357627869 0.09000000357627869 0.0 0.0 -0.2800000011920929 0.09000000357627869 0.0 0.0 -0.7599999904632568 -0.7599999904632568 0.0 0.0 0.0 0.09000000357627869 0.09000000357627869 0.09000000357627869 0.0 0.0 0.0 0.0 0.0 0.09000000357627869 -0.23000000417232513 0.1599999964237213
94 0.0 0.0 0.0 0.0 0.0 0.0 0.0 -0.11999999731779099 0.0 0.0 0.11999999731779099 0.0 0.0 0.0 0.0 0.0 0.0 0.0 0.0 0.0 0.0 0.0 0.0 0.0 0.0 0.0 0.0 0.0 0.0 0.0 0.0 0.0 0.0 0.0 0.0 0.0 0.0 0.0 0.0 0.0 0.09000000357627869 0.0 0.0 0.0 0.0 0.0 0.0 0.0 0.0 0.0 0.0 0.0 0.0 0.0 -0.09000000357627869 -0.2199999988079071 0.09000000357627869 0.09000000357627869 0.0 0.0 -0.5099999904632568 0.0 0.0 0.09000000357627869 0.0 0.09000000357627869 0.0 0.09000000357627869 -0.27000001072883606 0.09000000357627869 0.0 0.0 -0.18000000715255737 0.09000000357627869 0.09000000357627869 0.0 0.0 0.0 0.0 0.0 0.0 0.0 0.0 0.0 0.09000000357627869 0.0 0.0 0.0 0.0 0.11999999731779099 0.0 0.0 0.0 0.0 0.0 0.0 0.0 0.0 0.0 0.0 0.0 0.0 0.0 0.0 -0.18000000715255737 0.09000000357627869 0.0 0.0 0.09000000357627869 0.6200000047683716 0.0 0.0 0.0 0.0 0.0 0.0 0.0 0.0 0.0 0.0 0.0 0.0 0.0 0.0 0.0 0.11999999731779099 0.0 0.0 0.0 0.11999999731779099 0.0 -0.5099999904632568 0.0 0.0 0.0 0.09000000357627869 -0.18000000715255737 0.09000000357627869 0.09000000357627869 0.0 0.09000000357627869 0.0 0.0 0.09000000357627869 0.09000000357627869 0.20999999344348907 0.05000000074505806 0.05000000074505806 0.0 0.0 0.0 0.3100000023841858 0.0 0.0 0.0 0.09000000357627869 0.09000000357627869 0.0 0.09000000357627869 0.0 0.20000000298023224 0.09000000357627869 0.09000000357627869 -0.699999988079071 0.4399999976158142 0.6399999856948853 -0.800000011920929 0.46000000834465027 0.46000000834465027 -0.800000011920929 0.46000000834465027 0.46000000834465027 0.0 -0.5099999904632568 0.0 0.0 0.0 0.09000000357627869 0.0 0.0 -0.27000001072883606 0.09000000357627869 0.0 0.09000000357627869 0.0 0.09000000357627869 0.09000000357627869 0.0 0.0 -0.5099999904632568 -0.28999999165534973 0.0 0.09000000357627869 0.09000000357627869 0.019999999552965164 0.09000000357627869 -0.18000000715255737 0.09000000357627869 0.09000000357627869 -0.18000000715255737 0.09000000357627869 0.09000000357627869 0.5099999904632568 -0.5099999904632568 0.0 0.0 0.0 -0.18000000715255737 0.09000000357627869 0.09000000357627869 0.5099999904632568 0.0 0.0 0.0 0.09000000357627869 0.0 0.0 0.09000000357627869 -0.23000000417232513 0.0 0.5099999904632568 -0.5099999904632568 0.09000000357627869 -0.4699999988079071 0.3100000023841858 0.0 0.09000000357627869 0.05000000074505806 0.09000000357627869 0.09000000357627869 -0.6600000262260437 0.4300000071525574 0.5099999904632568 -0.5099999904632568 -0.4699999988079071 0.0 -0.019999999552965164 0.09000000357627869 0.09000000357627869 0.5099999904632568 -0.5099999904632568 0.0 0.0 0.0 0.0 -0.18000000715255737 0.09000000357627869 0.09000000357627869 0.0 0.0 0.09000000357627869 0.20000000298023224 0.09000000357627869 0.09000000357627869 -0.699999988079071 0.4399999976158142 0.6399999856948853 -0.800000011920929 0.46000000834465027 0.46000000834465027 -0.800000011920929 0.46000000834465027 0.46000000834465027 0.0 0.0 0.0 0.0 0.0 0.0 0.0 0.0 0.0 0.09000000357627869 0.0 0.0 -0.27000001072883606 0.09000000357627869 0.09000000357627869 0.09000000357627869 0.0 0.0 0.0 0.0 0.0 0.0 0.0 0.0 -0.27000001072883606 0.09000000357627869 0.09000000357627869 0.09000000357627869 0.0 0.09000000357627869 0.0 0.0 0.0 0.0 0.0 0.0 0.0 0.0 0.0 0.0 0.0 0.0 0.0 0.0 0.0 0.0 0.0 0.0 0.0 0.0 0.0 0.0 0.0 0.0 0.0 0.0 0.0 -0.18000000715255737 0.09000000357627869 0.09000000357627869 0.0 0.09000000357627869 0.09000000357627869 0.0 0.0 0.0 0.0 0.0 0.0 0.0 0.09000000357627869 0.0 0.0 0.09000000357627869 0.0 0.09000000357627869 0.09000000357627869 0.0 -0.5099999904632568 0.0 0.0 0.0 0.09000000357627869 0.0 0.0 0.09000000357627869 0.0 0.0 -0.27000001072883606 0.0 0.09000000357627869 -0.27000001072883606 0.09000000357627869 0.09000000357627869 0.0 0.0 0.0 0.3100000023841858 0.0 0.0 0.0 0.0 0.0 0.0 -0.11999999731779099 0.0 -0.11999999731779099 0.11999999731779099 -0.11999999731779099 0.11999999731779099 0.0 0.11999999731779099 0.0 0.11999999731779099 0.0 -0.5099999904632568 0.0 0.0 0.0 0.0 -0.18000000715255737 0.0 0.09000000357627869 0.0 0.0 0.0 -0.11999999731779099 0.11999999731779099 -0.11999999731779099 0.11999999731779099 0.0 0.0 0.0 0.0 0.5099999904632568 0.0 0.0 0.0 0.0 0.0 -0.18000000715255737 0.09000000357627869 0.0 -0.029999999329447746 0.0 0.0 0.0 0.0 0.23999999463558197 0.10999999940395355 -0.25 0.17000000178813934 -0.20000000298023224 0.14000000059604645 -0.27000001072883606 0.5099999904632568 0.0 0.0 0.0 0.0 0.0 0.0 0.09000000357627869 0.09000000357627869 0.0 0.0 0.0 -0.09000000357627869 0.0 0.0 0.0 0.0 0.0 -0.5099999904632568 0.0 0.0 0.0 0.09000000357627869 0.0 0.0 0.0 0.09000000357627869 0.0 0.5099999904632568 0.0 0.0 0.0 0.0 0.09000000357627869 0.09000000357627869 0.0 0.0 0.09000000357627869 0.0 -0.5099999904632568 0.0 -0.5099999904632568 0.0 0.3100000023841858 0.0 0.0 0.0 0.09000000357627869 -0.6600000262260437 0.4300000071525574 -0.27000001072883606 0.09000000357627869 0.09000000357627869 0.09000000357627869 0.5099999904632568 -0.5099999904632568 0.0 0.0 0.0 0.09000000357627869 -0.2800000011920929 0.0 -0.5099999904632568 0.0 0.0 0.0 0.09000000357627869 0.0 0.09000000357627869 0.09000000357627869 -0.18000000715255737 0.0 0.0 0.0 0.0 0.0 0.0 -0.2800000011920929 0.09000000357627869 0.0 0.0 -0.7599999904632568 -0.7599999904632568 0.0 0.0 0.0 0.3100000023841858 0.0 0.09000000357627869 0.0 0.09000000357627869 0.09000000357627869 0.0 0.09000000357627869 0.09000000357627869 0.6200000047683716 -0.7599999904632568 -0.7599999904632568 0.5099999904632568 -0.5099999904632568 -0.4699999988079071 0.0 0.07000000029802322 0.09000000357627869 -0.18000000715255737 0.09000000357627869 0.09000000357627869 0.0 0.0 0.0 0.0 0.0 0.0 0.0 0.0 0.0 0.0 0.0 0.0 0.0 0.4399999976158142 -0.5099999904632568 0.4399999976158142 0.3199999928474426 0.5099999904632568 0.0 0.0 0.0 0.0 0.0 0.0 0.0 0.09000000357627869 -0.23000000417232513 0.1599999964237213 0.0 0.0 -0.4699999988079071 0.0 0.07000000029802322 0.09000000357627869 0.0 0.09000000357627869 0.0 0.0 0.09000000357627869 0.09000000357627869 0.09000000357627869 0.0 -0.5099999904632568 0.0 0.0 0.0 0.0 0.0 0.0 0.0 0.0 0.0 0.0 0.0 0.0 0.0 0.0 0.0 0.0 0.09000000357627869 0.0 0.0 0.0 0.0 0.0 0.0 0.0 0.0 -0.18000000715255737 0.09000000357627869 0.09000000357627869 0.550000011920929 0.0 -0.6200000047683716 0.3199999928474426 0.30000001192092896 0.0 0.0 0.0 0.0
95 0.0 0.11999999731779099 0.0 0.0 0.0 0.0 0.0 0.0 0.0 0.0 0.0 0.0 0.0 0.0 0.09000000357627869 0.0 0.0 0.0 0.0 0.0 0.0 0.0 0.0 0.0 0.0 0.0 0.0 0.0 -0.09000000357627869 -0.2199999988079071 0.09000000357627869 0.09000000357627869 0.0 0.0 -0.5099999904632568 0.0 0.09000000357627869 -0.4699999988079071 0.3100000023841858 -0.18000000715255737 0.09000000357627869 -0.27000001072883606 0.0 0.09000000357627869 0.0 0.09000000357627869 0.0 0.09000000357627869 0.0 0.09000000357627869 -0.27000001072883606 0.09000000357627869 0.0 0.09000000357627869 0.0 0.0 0.09000000357627869 0.0 0.0 0.0 0.0 0.11999999731779099 0.0 0.11999999731779099 0.0 0.0 0.0 0.0 0.0 0.0 0.09000000357627869 0.0 0.0 0.3100000023841858 0.0 0.0 0.0 0.0 0.0 0.0 0.0 0.0 0.0 0.0 0.0 0.0 0.0 -0.18000000715255737 0.09000000357627869 0.09000000357627869 0.0 0.0 0.09000000357627869 0.6200000047683716 -0.7599999904632568 -0.7599999904632568 0.0 0.0 0.0 0.0 0.0 0.0 0.0 0.0 0.0 0.0 0.0 0.0 0.0 0.0 0.0 0.11999999731779099 0.0 0.0 0.0 0.11999999731779099 0.0 -0.5099999904632568 0.0 0.0 0.0 0.09000000357627869 -0.18000000715255737 0.09000000357627869 0.09000000357627869 0.0 0.09000000357627869 0.0 0.0 0.09000000357627869 0.09000000357627869 0.20999999344348907 0.05000000074505806 0.05000000074505806 -0.30000001192092896 0.33000001311302185 0.33000001311302185 0.33000001311302185 0.0 0.0 0.0 0.3100000023841858 0.0 0.0 0.0 0.09000000357627869 0.09000000357627869 0.0 0.09000000357627869 0.0 0.20000000298023224 0.09000000357627869 0.09000000357627869 -0.699999988079071 0.4399999976158142 0.6399999856948853 0.0 -0.5099999904632568 0.0 0.0 0.0 0.09000000357627869 0.0 0.0 -0.27000001072883606 0.09000000357627869 0.0 0.09000000357627869 0.0 0.09000000357627869 0.09000000357627869 0.0 0.0 -0.5099999904632568 -0.28999999165534973 0.0 0.09000000357627869 0.09000000357627869 0.019999999552965164 0.09000000357627869 -0.18000000715255737 0.09000000357627869 0.09000000357627869 -0.18000000715255737 0.09000000357627869 0.09000000357627869 0.5099999904632568 -0.5099999904632568 0.0 0.0 0.0 -0.18000000715255737 0.09000000357627869 0.09000000357627869 -0.18000000715255737 0.09000000357627869 0.09000000357627869 0.30000001192092896 0.5099999904632568 0.0 0.0 0.0 0.0 0.0 0.09000000357627869 -0.23000000417232513 0.0 0.09000000357627869 0.5099999904632568 -0.5099999904632568 0.0 0.0 0.0 0.0 0.0 0.0 0.0 0.0 0.0 0.0 0.0 0.0 0.0 0.09000000357627869 0.0 0.0 -0.27000001072883606 0.09000000357627869 0.09000000357627869 0.09000000357627869 0.0 0.0 0.0 0.0 0.0 0.0 0.0 0.09000000357627869 0.0 0.0 0.0 0.0 0.0 0.11999999731779099 0.0 -0.5400000214576721 0.4300000071525574 0.0 0.11999999731779099 0.0 0.0 0.0 0.0 0.0 0.0 0.0 0.0 0.0 0.0 0.0 0.0 0.0 0.0 0.0 0.0 0.0 0.0 0.0 0.0 0.0 0.0 0.0 0.0 0.0 0.0 0.0 -0.18000000715255737 0.09000000357627869 0.09000000357627869 0.0 0.0 0.09000000357627869 -0.18000000715255737 0.09000000357627869 0.09000000357627869 0.20999999344348907 0.05000000074505806 0.05000000074505806 -0.30000001192092896 0.33000001311302185 0.33000001311302185 0.33000001311302185 0.0 0.0 0.0 0.0 0.0 0.0 -0.18000000715255737 0.0 0.0 0.0 -0.11999999731779099 0.11999999731779099 -0.11999999731779099 0.0 0.0 0.0 0.0 0.0 0.0 0.0 -0.5099999904632568 0.0 0.0 0.0 0.09000000357627869 0.09000000357627869 0.0 0.05000000074505806 -0.5099999904632568 0.0 0.09000000357627869 0.0 0.5099999904632568 -0.5099999904632568 -0.4699999988079071 0.3100000023841858 0.0 0.09000000357627869 0.0 0.09000000357627869 0.09000000357627869 0.0 0.0 0.09000000357627869 -0.18000000715255737 0.09000000357627869 0.0 0.0 0.33000001311302185 0.0 -0.5099999904632568 0.0 0.3100000023841858 0.0 0.0 0.0 0.09000000357627869 0.0 0.0 0.09000000357627869 0.09000000357627869 0.0 0.09000000357627869 0.09000000357627869 -0.699999988079071 0.4399999976158142 0.6399999856948853 -0.800000011920929 0.46000000834465027 0.46000000834465027 0.0 0.0 0.46000000834465027 0.0 -0.5099999904632568 0.0 0.0 0.0 0.09000000357627869 0.0 0.0 0.09000000357627869 0.0 0.0 -0.27000001072883606 0.09000000357627869 0.0 0.09000000357627869 -0.27000001072883606 0.09000000357627869 0.09000000357627869 0.09000000357627869 0.0 0.0 0.0 0.3100000023841858 0.0 0.0 0.0 0.0 0.0 0.0 -0.11999999731779099 0.0 -0.11999999731779099 0.11999999731779099 -0.11999999731779099 0.11999999731779099 0.0 0.11999999731779099 0.0 0.11999999731779099 0.0 -0.5099999904632568 0.0 0.0 0.0 0.0 -0.18000000715255737 0.0 0.09000000357627869 0.0 0.0 0.0 -0.11999999731779099 0.11999999731779099 -0.11999999731779099 0.11999999731779099 0.0 0.0 0.0 0.0 0.5099999904632568 0.0 0.0 0.0 0.0 0.0 -0.18000000715255737 0.09000000357627869 0.0 -0.029999999329447746 0.0 0.0 0.5099999904632568 0.0 0.0 0.0 0.0 0.0 0.0 0.09000000357627869 0.0 0.0 0.0 -0.09000000357627869 0.0 0.0 0.0 0.0 0.0 0.0 0.0 0.0 0.0 0.0 0.0 0.0 0.09000000357627869 -0.23000000417232513 0.1599999964237213 0.0 0.0 0.0 0.0 0.0 0.0 0.0 0.0 0.0 0.0 0.09000000357627869 0.0 0.0 0.0 0.0 0.0 0.0 0.0 -0.18000000715255737 0.09000000357627869 0.09000000357627869 0.550000011920929 0.0 -0.6200000047683716 0.3199999928474426 0.30000001192092896 0.0 0.0 0.09000000357627869 0.0 0.0 0.0 0.0 0.0 0.0 0.0 0.0 0.3199999928474426 0.09000000357627869 0.0 0.09000000357627869 -0.27000001072883606 0.09000000357627869 0.09000000357627869 0.09000000357627869 -0.27000001072883606 0.09000000357627869 0.09000000357627869 0.09000000357627869 -0.6200000047683716 0.0 0.0 0.09000000357627869 0.09000000357627869
96 0.0 0.0 0.0 0.09000000357627869 0.0 0.0 0.0 0.0 -0.11999999731779099 0.0 0.0 0.11999999731779099 0.0 0.0 0.0 0.0 0.0 0.0 0.0 0.0 0.0 0.0 0.0 0.0 0.0 0.09000000357627869 0.0 0.09000000357627869 0.20999999344348907 0.05000000074505806 0.0 0.0 0.0 0.0 0.0 0.0 0.0 0.0 0.0 0.0 0.0 -0.09000000357627869 -0.2199999988079071 0.0 0.0 -0.5099999904632568 0.09000000357627869 0.09000000357627869 0.0 0.0 0.0 0.0 0.0 0.0 0.0 0.0 0.0 0.0 0.09000000357627869 0.0 0.0 0.0 0.0 0.0 0.0 0.0 0.09000000357627869 0.0 0.0 0.0 0.0 0.0 0.0 0.0 0.0 0.0 0.0 0.0 0.0 0.0 0.0 0.09000000357627869 0.0 0.0 0.0 0.0 0.0 0.0 0.09000000357627869 0.0 0.0 0.0 0.0 -0.18000000715255737 0.09000000357627869 0.0 0.0 0.0 0.0 0.0 0.0 0.0 0.0 0.0 0.0 0.0 0.0 0.0 0.0 0.0 0.0 0.0 0.11999999731779099 0.0 0.11999999731779099 0.0 0.0 0.0 0.0 0.0 0.0 0.0 -0.5099999904632568 0.0 0.0 0.0 0.0 0.0 0.0 0.0 0.0 0.0 0.0 0.0 0.0 -0.18000000715255737 0.09000000357627869 0.0 0.0 0.0 0.0 0.0 0.0 0.09000000357627869 -0.2800000011920929 0.09000000357627869 0.09000000357627869 0.6200000047683716 -0.7599999904632568 -0.7599999904632568 0.5099999904632568 0.0 -0.4699999988079071 0.3100000023841858 0.0 0.0 0.0 -0.5099999904632568 0.0 0.0 0.0 0.09000000357627869 0.0 0.0 0.09000000357627869 0.0 0.0 0.0 0.09000000357627869 0.09000000357627869 0.0 -0.27000001072883606 0.09000000357627869 0.09000000357627869 0.09000000357627869 0.0 0.0 0.0 0.3100000023841858 0.0 0.0 0.0 0.09000000357627869 0.0 0.0 -0.5099999904632568 0.0 0.0 0.0 0.09000000357627869 0.0 0.09000000357627869 0.0 0.0 0.09000000357627869 0.0 0.0 0.0 0.0 0.0 0.0 0.0 0.0 0.0 -0.5099999904632568 0.0 0.0 0.0 0.5099999904632568 0.0 0.09000000357627869 0.0 0.0 0.3100000023841858 0.0 0.0 0.5099999904632568 -0.5099999904632568 0.0 0.0 0.0 0.09000000357627869 -0.2800000011920929 0.09000000357627869 0.0 0.6200000047683716 -0.7599999904632568 -0.7599999904632568 0.0 0.0 0.0 0.3100000023841858 0.0 0.0 0.0 0.0 0.0 0.0 0.0 0.0 0.0 0.0 0.0 0.0 0.0 -0.18000000715255737 0.09000000357627869 0.09000000357627869 0.0 0.0 0.09000000357627869 0.6200000047683716 -0.7599999904632568 -0.7599999904632568 0.0 0.0 0.0 0.0 0.0 0.0 0.0 0.0 0.0 0.0 0.0 0.0 0.0 0.0 0.0 0.11999999731779099 0.0 0.0 0.0 0.11999999731779099 0.0 -0.5099999904632568 0.0 0.0 0.0 0.09000000357627869 -0.18000000715255737 0.09000000357627869 0.09000000357627869 0.0 0.09000000357627869 0.0 0.0 0.09000000357627869 0.09000000357627869 0.20999999344348907 0.05000000074505806 0.05000000074505806 -0.30000001192092896 0.33000001311302185 0.33000001311302185 0.0 0.0 0.0 0.3100000023841858 0.0 0.0 0.0 0.09000000357627869 0.0 0.0 -0.5099999904632568 0.0 0.0 0.0 0.09000000357627869 0.0 0.0 -0.27000001072883606 0.09000000357627869 0.09000000357627869 0.0 0.09000000357627869 0.09000000357627869 0.0 0.0 0.0 0.0 0.0 0.0 0.09000000357627869 0.0 0.0 0.0 0.0 0.0 0.0 0.0 0.0 0.0 0.09000000357627869 0.0 0.0 0.0 0.0 0.0 0.11999999731779099 0.0 0.0 0.11999999731779099 0.0 0.0 0.0 0.0 0.0 0.0 0.0 0.0 0.0 -0.27000001072883606 0.09000000357627869 0.09000000357627869 0.09000000357627869 0.0 0.09000000357627869 0.0 0.0 0.0 0.0 0.0 0.0 0.0 0.0 -0.18000000715255737 0.09000000357627869 0.09000000357627869 0.0 0.0 0.09000000357627869 -0.18000000715255737 0.09000000357627869 0.09000000357627869 0.20999999344348907 0.05000000074505806 0.05000000074505806 -0.30000001192092896 0.33000001311302185 0.33000001311302185 0.33000001311302185 0.0 0.0 0.0 0.0 0.0 0.0 -0.18000000715255737 0.0 0.0 0.0 -0.11999999731779099 0.11999999731779099 -0.11999999731779099 0.11999999731779099 0.0 0.0 0.0 0.0 0.0 0.0 0.0 -0.5099999904632568 0.0 0.0 0.0 0.09000000357627869 -0.18000000715255737 0.09000000357627869 0.09000000357627869 -0.18000000715255737 0.09000000357627869 0.0 -0.18000000715255737 0.09000000357627869 0.0 0.05000000074505806 0.05000000074505806 -0.30000001192092896 0.33000001311302185 0.0 0.5099999904632568 -0.4699999988079071 0.0 0.09000000357627869 0.5099999904632568 -0.5099999904632568 -0.019999999552965164 0.09000000357627869 0.5099999904632568 -0.5099999904632568 -0.4699999988079071 0.3100000023841858 0.0 0.09000000357627869 0.0 0.0 0.5099999904632568 -0.5099999904632568 -0.4699999988079071 0.3100000023841858 0.0 0.09000000357627869 0.0 0.09000000357627869 0.09000000357627869 0.0 0.0 0.09000000357627869 -0.18000000715255737 0.09000000357627869 0.09000000357627869 0.0 0.05000000074505806 0.0 -0.30000001192092896 0.33000001311302185 0.33000001311302185 0.33000001311302185 0.0 -0.5099999904632568 0.0 0.3100000023841858 0.0 0.0 0.0 0.09000000357627869 0.0 0.0 0.09000000357627869 0.09000000357627869 0.0 0.09000000357627869 0.09000000357627869 -0.699999988079071 0.4399999976158142 0.6399999856948853 -0.800000011920929 0.46000000834465027 0.0 0.46000000834465027 0.0 -0.5099999904632568 0.0 0.0 0.0 0.09000000357627869 0.0 0.0 0.09000000357627869 0.0 0.0 -0.27000001072883606 0.09000000357627869 0.0 0.09000000357627869 -0.27000001072883606 0.09000000357627869 0.09000000357627869 0.09000000357627869 0.0 0.0 0.0 0.3100000023841858 0.0 0.0 0.0 0.0 0.0 0.0 -0.11999999731779099 0.0 -0.11999999731779099 0.11999999731779099 -0.11999999731779099 0.11999999731779099 0.0 0.11999999731779099 0.0 0.11999999731779099 0.0 -0.5099999904632568 0.0 0.0 0.0 0.0 -0.18000000715255737 0.0 0.09000000357627869 0.0 0.0 0.0 -0.11999999731779099 0.11999999731779099 -0.11999999731779099 0.11999999731779099 0.0 0.0 0.0 0.0 0.5099999904632568 0.0 0.0 0.0 0.0 0.0 0.0 0.0 0.0 -0.09000000357627869 0.0 0.0 0.0 0.0 0.0 0.5099999904632568 0.0 0.0 0.0 0.0 0.0 0.0 -0.23000000417232513 0.1599999964237213 0.0 0.0 -0.4699999988079071 -0.5099999904632568 0.0 0.0 0.0 0.0 0.0 0.0 0.0 0.0 0.0 0.0 0.0 0.0 0.0 0.09000000357627869 0.0 0.0 0.0 0.0 0.0 0.0 0.0 0.0 -0.18000000715255737 0.09000000357627869 0.09000000357627869 0.550000011920929 0.0 -0.6200000047683716 0.3199999928474426 0.30000001192092896 0.0 0.0 -0.4699999988079071 0.0 0.0 0.0 0.0 0.0 0.0 0.0 0.0 0.0 0.0 0.0 0.0 0.0 0.09000000357627869 0.0 0.0 0.09000000357627869 0.0 0.0 0.0 0.0 0.0 0.0 0.0 0.0 0.0 0.0 0.0 -0.5099999904632568 0.0 0.0 0.0 0.0 -0.18000000715255737 0.09000000357627869 0.550000011920929 -0.550000011920929 -0.6200000047683716 0.3199999928474426 0.30000001192092896 0.0
97 0.0 0.0 0.0 0.0 0.11999999731779099 0.0 0.11999999731779099 0.0 0.0 0.0 0.0 0.0 0.0 0.09000000357627869 0.0 0.09000000357627869 0.09000000357627869 0.0 0.0 0.09000000357627869 0.0 0.09000000357627869 0.0 0.0 0.09000000357627869 0.0 0.0 0.0 0.0 0.0 0.0 0.0 0.0 0.0 0.0 0.5099999904632568 0.0 0.0 0.0 0.3100000023841858 0.0 0.0 -0.2800000011920929 0.09000000357627869 -0.7599999904632568 0.5099999904632568 -0.5099999904632568 0.0 0.0 0.0 0.09000000357627869 -0.2800000011920929 0.09000000357627869 0.0 0.6200000047683716 -0.7599999904632568 -0.7599999904632568 0.0 0.0 0.0 0.3100000023841858 0.0 0.0 0.0 0.0 0.0 0.0 0.0 0.0 0.0 0.0 0.0 0.0 0.0 -0.18000000715255737 0.09000000357627869 0.09000000357627869 0.0 0.0 0.09000000357627869 0.6200000047683716 -0.7599999904632568 -0.7599999904632568 0.0 0.0 0.0 0.0 0.0 0.0 0.0 0.0 0.0 0.0 0.0 0.0 0.0 0.0 0.0 0.11999999731779099 0.0 0.0 0.0 0.11999999731779099 0.0 -0.5099999904632568 0.0 0.0 0.0 0.09000000357627869 -0.18000000715255737 0.09000000357627869 0.09000000357627869 0.0 0.09000000357627869 0.0 0.0 0.09000000357627869 0.09000000357627869 0.20999999344348907 0.05000000074505806 0.05000000074505806 -0.30000001192092896 0.33000001311302185 0.33000001311302185 0.33000001311302185 0.0 0.0 0.0 0.3100000023841858 0.0 0.0 0.0 -0.5099999904632568 0.0 0.0 0.0 0.09000000357627869 0.0 -0.27000001072883606 0.09000000357627869 0.09000000357627869 0.0 0.09000000357627869 0.09000000357627869 0.0 0.0 0.09000000357627869 0.09000000357627869 0.0 0.0 0.0 0.0 0.0 0.0 0.09000000357627869 0.0 0.0 0.0 0.0 0.0 0.0 0.0 0.0 0.0 0.0 0.0 0.0 -0.27000001072883606 0.09000000357627869 0.09000000357627869 0.09000000357627869 0.0 0.09000000357627869 0.0 0.0 0.0 0.0 0.0 0.0 0.0 0.0 0.0 0.0 0.0 0.0 0.0 0.0 0.0 0.0 0.0 0.0 0.0 0.0 0.0 0.0 0.0 0.0 0.0 0.0 0.0 -0.18000000715255737 0.0 0.0 0.0 -0.11999999731779099 0.11999999731779099 -0.11999999731779099 0.11999999731779099 0.0 0.0 0.0 0.0 0.0 0.0 0.0 -0.5099999904632568 0.0 0.0 0.0 0.09000000357627869 -0.18000000715255737 0.09000000357627869 0.09000000357627869 -0.18000000715255737 0.09000000357627869 0.0 -0.18000000715255737 0.09000000357627869 0.09000000357627869 0.0 0.05000000074505806 0.05000000074505806 -0.30000001192092896 0.33000001311302185 0.0 0.33000001311302185 0.5099999904632568 -0.5099999904632568 -0.4699999988079071 0.0 0.0 0.09000000357627869 -0.27000001072883606 0.09000000357627869 0.09000000357627869 0.09000000357627869 0.5099999904632568 -0.5099999904632568 -0.4699999988079071 0.3100000023841858 -0.019999999552965164 0.09000000357627869 0.09000000357627869 0.5099999904632568 -0.5099999904632568 -0.4699999988079071 0.3100000023841858 0.0 0.09000000357627869 0.0 0.0 0.09000000357627869 -0.6600000262260437 0.4300000071525574 0.5099999904632568 -0.5099999904632568 -0.4699999988079071 0.3100000023841858 0.0 0.09000000357627869 0.0 0.09000000357627869 0.09000000357627869 0.0 0.0 0.09000000357627869 -0.18000000715255737 0.09000000357627869 0.09000000357627869 0.0 0.05000000074505806 0.0 -0.30000001192092896 0.33000001311302185 0.0 -0.5099999904632568 0.0 0.3100000023841858 0.0 0.0 0.0 0.09000000357627869 0.0 0.0 0.09000000357627869 0.09000000357627869 0.0 0.09000000357627869 0.09000000357627869 -0.699999988079071 0.4399999976158142 0.6399999856948853 -0.800000011920929 0.46000000834465027 0.46000000834465027 0.0 0.0 0.46000000834465027 0.0 -0.5099999904632568 0.0 0.0 0.0 0.09000000357627869 0.0 0.0 0.09000000357627869 0.0 0.0 -0.27000001072883606 0.09000000357627869 0.0 0.09000000357627869 -0.27000001072883606 0.09000000357627869 0.09000000357627869 0.09000000357627869 0.0 0.0 0.0 0.3100000023841858 0.0 0.0 0.0 0.0 0.0 0.0 -0.11999999731779099 0.0 -0.11999999731779099 0.11999999731779099 -0.11999999731779099 0.11999999731779099 0.0 0.11999999731779099 0.0 0.11999999731779099 0.0 -0.5099999904632568 0.0 0.0 0.0 -0.18000000715255737 0.0 0.0 0.0 -0.11999999731779099 -0.11999999731779099 0.11999999731779099 0.0 0.0 0.0 0.0 0.0 -0.23000000417232513 0.1599999964237213 0.0 0.0 0.0 0.0 0.0 0.0 0.0 0.09000000357627869 0.0 0.0 0.0 0.0 0.0 0.0 -0.18000000715255737 0.09000000357627869 0.09000000357627869 0.550000011920929 0.0 -0.6200000047683716 0.3199999928474426 0.30000001192092896 0.0 0.09000000357627869 0.0 0.0 0.09000000357627869 0.0 0.0 0.0 0.0 0.0 0.0 0.0 0.0 0.0 0.0 0.0 -0.5099999904632568 0.550000011920929 -0.550000011920929 -0.6200000047683716 0.3199999928474426 0.30000001192092896 -0.5099999904632568 0.0 0.09000000357627869 0.0 0.09000000357627869 0.0 0.5099999904632568 -0.5099999904632568 0.0 0.3100000023841858 0.0 0.09000000357627869 0.0 0.09000000357627869 -0.27000001072883606 0.09000000357627869 0.09000000357627869 0.09000000357627869 -0.18000000715255737 0.09000000357627869 0.09000000357627869 -0.27000001072883606 0.09000000357627869 0.09000000357627869 0.09000000357627869 0.0 -0.5099999904632568 0.0 0.3100000023841858 0.0 0.09000000357627869 -0.18000000715255737 0.09000000357627869 0.09000000357627869 -0.18000000715255737 0.09000000357627869 0.09000000357627869 0.550000011920929 -0.550000011920929 -0.6200000047683716 0.3199999928474426 0.30000001192092896 0.0 0.0 0.0 0.0 0.0 0.0 -0.18000000715255737 0.09000000357627869 0.09000000357627869 0.0 0.09000000357627869 -0.27000001072883606 0.09000000357627869 0.09000000357627869 0.09000000357627869 -0.27000001072883606 0.09000000357627869 0.09000000357627869 0.09000000357627869 0.0 0.0 -0.4699999988079071 0.0 0.3100000023841858 0.0 0.0 0.0 0.0 0.0 0.0 0.0 0.0 0.0 0.09000000357627869 -0.27000001072883606 0.09000000357627869 0.09000000357627869 0.09000000357627869 -0.27000001072883606 0.09000000357627869 0.09000000357627869 0.09000000357627869 0.0 0.0 0.0 0.0 0.0 0.09000000357627869 -0.18000000715255737 0.0 0.09000000357627869 0.0 0.550000011920929 -0.6200000047683716 0.3199999928474426 0.0 0.0 0.0 -0.27000001072883606 0.0 0.09000000357627869 0.09000000357627869 -0.27000001072883606 0.09000000357627869 0.09000000357627869
98 0.09000000357627869 0.0 0.05000000074505806 0.33000001311302185 0.0 0.0 -0.5099999904632568 0.0 0.0 0.0 0.0 0.0 0.3100000023841858 0.0 0.0 0.09000000357627869 0.0 0.0 0.0 0.0 0.0 0.0 0.0 0.0 0.0 0.0 0.0 0.0 0.0 0.0 0.0 0.0 0.0 0.0 0.0 0.11999999731779099 0.0 0.11999999731779099 0.0 0.0 0.0 0.0 0.0 0.0 0.0 -0.5099999904632568 0.0 0.0 0.0 0.0 0.0 0.0 0.0 0.0 -0.18000000715255737 0.09000000357627869 0.0 0.0 0.09000000357627869 -0.2800000011920929 0.09000000357627869 0.09000000357627869 0.6200000047683716 -0.7599999904632568 -0.7599999904632568 0.5099999904632568 0.0 -0.4699999988079071 0.3100000023841858 0.0 0.0 -0.2800000011920929 0.0 0.0 -0.5099999904632568 0.0 0.0 0.0 0.09000000357627869 0.0 0.0 0.09000000357627869 0.0 0.0 0.0 0.09000000357627869 0.09000000357627869 0.0 -0.27000001072883606 0.09000000357627869 0.09000000357627869 0.09000000357627869 0.0 0.0 0.0 0.3100000023841858 0.0 0.0 0.0 0.09000000357627869 0.0 0.09000000357627869 0.0 0.0 0.0 0.0 0.09000000357627869 -0.27000001072883606 0.09000000357627869 0.0 -0.5099999904632568 0.0 0.0 0.0 0.09000000357627869 0.0 0.09000000357627869 0.0 0.0 0.09000000357627869 0.0 0.0 0.0 0.0 0.0 0.0 0.0 0.0 0.0 -0.5099999904632568 0.0 0.0 0.0 0.0 -0.18000000715255737 0.09000000357627869 0.09000000357627869 0.0 -0.11999999731779099 -0.11999999731779099 -0.11999999731779099 0.11999999731779099 -0.11999999731779099 0.11999999731779099 -0.11999999731779099 0.11999999731779099 0.5099999904632568 0.0 -0.28999999165534973 0.09000000357627869 0.0 -0.5099999904632568 0.0 0.3100000023841858 0.0 0.0 -0.2800000011920929 0.09000000357627869 0.09000000357627869 0.5099999904632568 -0.5099999904632568 0.0 0.0 0.0 0.09000000357627869 -0.2800000011920929 0.09000000357627869 0.0 0.6200000047683716 -0.7599999904632568 -0.7599999904632568 0.0 0.0 0.0 0.3100000023841858 0.0 0.0 0.0 0.0 0.0 0.0 0.0 0.0 0.0 0.0 0.0 0.0 0.0 -0.18000000715255737 0.09000000357627869 0.09000000357627869 0.0 0.0 0.09000000357627869 0.6200000047683716 -0.7599999904632568 -0.7599999904632568 0.0 0.0 0.0 0.0 0.0 0.0 0.0 0.0 0.0 0.0 0.0 0.0 0.0 0.11999999731779099 0.0 -0.5099999904632568 0.0 0.0 0.0 -0.18000000715255737 0.09000000357627869 0.0 0.0 0.0 0.09000000357627869 0.33000001311302185 0.0 0.0 0.0 0.0 0.0 0.0 0.0 0.0 -0.27000001072883606 0.09000000357627869 0.09000000357627869 0.09000000357627869 0.0 0.09000000357627869 0.0 0.0 0.0 0.0 0.0 0.0 0.0 0.0 0.0 0.0 0.0 0.0 0.0 0.0 0.0 0.0 0.0 0.0 0.0 0.0 0.0 0.0 0.0 0.0 0.0 0.0 0.0 -0.18000000715255737 0.09000000357627869 0.09000000357627869 0.0 0.0 0.09000000357627869 -0.18000000715255737 0.09000000357627869 0.09000000357627869 0.20999999344348907 0.05000000074505806 0.05000000074505806 -0.30000001192092896 0.33000001311302185 0.33000001311302185 0.33000001311302185 0.0 0.0 0.0 0.0 0.0 0.09000000357627869 -0.18000000715255737 0.09000000357627869 0.09000000357627869 -0.18000000715255737 0.09000000357627869 0.0 -0.18000000715255737 0.09000000357627869 0.09000000357627869 0.0 0.05000000074505806 0.05000000074505806 -0.30000001192092896 0.33000001311302185 0.0 0.33000001311302185 0.5099999904632568 -0.5099999904632568 -0.4699999988079071 0.0 0.0 0.09000000357627869 -0.27000001072883606 0.09000000357627869 0.09000000357627869 0.09000000357627869 0.5099999904632568 -0.5099999904632568 -0.4699999988079071 0.3100000023841858 -0.019999999552965164 0.09000000357627869 0.09000000357627869 0.5099999904632568 -0.5099999904632568 -0.4699999988079071 0.3100000023841858 0.0 0.09000000357627869 0.0 0.0 0.09000000357627869 -0.6600000262260437 0.4300000071525574 0.5099999904632568 -0.5099999904632568 -0.4699999988079071 0.3100000023841858 0.0 0.09000000357627869 0.0 0.09000000357627869 0.09000000357627869 0.0 0.0 0.09000000357627869 -0.18000000715255737 0.09000000357627869 0.09000000357627869 0.0 0.05000000074505806 0.0 -0.30000001192092896 0.33000001311302185 0.33000001311302185 0.33000001311302185 0.0 -0.5099999904632568 0.0 0.3100000023841858 0.0 0.0 0.0 0.09000000357627869 0.0 0.0 0.09000000357627869 0.09000000357627869 0.0 0.09000000357627869 0.09000000357627869 -0.699999988079071 0.4399999976158142 0.6399999856948853 -0.800000011920929 0.46000000834465027 0.46000000834465027 0.0 0.0 0.46000000834465027 0.0 -0.5099999904632568 0.0 0.0 0.0 0.09000000357627869 0.0 0.0 0.09000000357627869 0.0 0.0 -0.27000001072883606 0.09000000357627869 0.0 0.09000000357627869 -0.27000001072883606 0.09000000357627869 0.09000000357627869 0.09000000357627869 0.0 0.0 0.0 0.3100000023841858 0.0 0.0 0.0 0.0 0.0 -0.11999999731779099 -0.11999999731779099 0.11999999731779099 -0.11999999731779099 0.11999999731779099 0.0 0.11999999731779099 0.0 0.11999999731779099 0.0 -0.5099999904632568 0.0 0.0 0.0 -0.18000000715255737 0.0 0.0 0.0 0.0 -0.11999999731779099 0.11999999731779099 -0.11999999731779099 0.11999999731779099 0.0 0.0 0.0 0.0 0.0 0.0 0.0 0.0 0.0 0.0 0.09000000357627869 0.0 0.0 0.09000000357627869 0.0 0.0 0.0 0.0 0.0 0.0 0.0 0.0 0.0 0.0 0.0 -0.5099999904632568 -0.550000011920929 0.3199999928474426 0.09000000357627869 0.0 -0.27000001072883606 0.09000000357627869 0.09000000357627869 0.09000000357627869 0.0 0.0 0.0 0.0 0.0 0.0 0.09000000357627869 -0.27000001072883606 0.09000000357627869 0.09000000357627869 0.09000000357627869 -0.27000001072883606 0.09000000357627869 0.09000000357627869 0.09000000357627869 0.0 0.0 0.0 -0.27000001072883606 0.0 0.09000000357627869 0.09000000357627869 -0.27000001072883606 0.09000000357627869 0.09000000357627869 0.09000000357627869
99 0.09000000357627869 0.0 -0.5099999904632568 0.0 0.0 0.09000000357627869 0.0 0.09000000357627869 0.0 0.0 0.09000000357627869 0.0 0.0 0.0 0.0 0.0 0.0 0.0 0.0 0.0 -0.5099999904632568 0.0 0.0 0.0 0.0 -0.18000000715255737 0.09000000357627869 0.09000000357627869 0.0 -0.11999999731779099 0.11999999731779099 0.5099999904632568 0.0 -0.28999999165534973 0.0 0.09000000357627869 0.09000000357627869 0.0 0.09000000357627869 -0.18000000715255737 0.09000000357627869 0.09000000357627869 -0.18000000715255737 0.09000000357627869 0.09000000357627869 0.0 -0.5099999904632568 0.0 0.3100000023841858 0.0 0.0 -0.2800000011920929 0.09000000357627869 0.09000000357627869 0.6200000047683716 -0.7599999904632568 -0.7599999904632568 0.5099999904632568 -0.5099999904632568 0.0 0.0 0.0 0.09000000357627869 -0.2800000011920929 0.09000000357627869 0.0 0.6200000047683716 -0.7599999904632568 -0.7599999904632568 0.0 0.0 0.0 0.3100000023841858 0.0 0.0 0.0 0.0 0.0 0.0 0.0 0.0 0.0 0.0 0.0 0.0 0.0 -0.18000000715255737 0.09000000357627869 0.09000000357627869 0.0 0.0 0.09000000357627869 0.6200000047683716 -0.7599999904632568 -0.7599999904632568 0.0 0.0 0.0 0.0 0.0 0.0 0.0 0.0 0.0 0.0 -0.5099999904632568 0.0 0.0 -0.18000000715255737 0.09000000357627869 0.0 0.09000000357627869 0.0 0.0 0.09000000357627869 0.09000000357627869 0.20999999344348907 0.05000000074505806 0.05000000074505806 -0.30000001192092896 0.33000001311302185 0.33000001311302185 0.33000001311302185 0.09000000357627869 0.0 0.0 0.0 0.0 0.0 0.0 0.0 0.0 0.0 0.0 0.0 0.0 0.0 0.0 0.0 0.0 0.0 0.0 0.0 0.0 0.0 0.0 0.0 0.0 -0.18000000715255737 0.09000000357627869 0.09000000357627869 0.0 0.0 0.09000000357627869 -0.18000000715255737 0.09000000357627869 0.09000000357627869 0.20999999344348907 0.05000000074505806 0.05000000074505806 -0.30000001192092896 0.33000001311302185 0.33000001311302185 0.33000001311302185 0.0 0.0 0.0 0.0 0.0 0.0 -0.18000000715255737 0.0 0.0 0.0 -0.11999999731779099 0.11999999731779099 -0.11999999731779099 0.11999999731779099 0.0 0.0 0.0 0.0 0.0 0.0 0.0 -0.5099999904632568 -0.4699999988079071 0.0 0.0 0.09000000357627869 -0.27000001072883606 0.09000000357627869 0.09000000357627869 0.09000000357627869 0.5099999904632568 -0.5099999904632568 -0.4699999988079071 0.3100000023841858 -0.019999999552965164 0.09000000357627869 0.09000000357627869 0.5099999904632568 -0.5099999904632568 -0.4699999988079071 0.3100000023841858 0.0 0.09000000357627869 0.0 0.0 0.09000000357627869 -0.6600000262260437 0.4300000071525574 0.5099999904632568 -0.5099999904632568 -0.4699999988079071 0.3100000023841858 0.0 0.09000000357627869 0.0 0.09000000357627869 0.09000000357627869 0.0 0.0 0.09000000357627869 -0.18000000715255737 0.09000000357627869 0.09000000357627869 0.0 -0.5099999904632568 0.0 0.3100000023841858 0.0 0.0 0.0 0.09000000357627869 0.0 0.0 0.09000000357627869 0.09000000357627869 0.0 0.09000000357627869 -0.699999988079071 0.4399999976158142 0.6399999856948853 0.0 0.0 0.46000000834465027 0.0 0.0 0.0 0.0 0.0 0.0 0.0 0.0 0.0 0.0 0.0 -0.18000000715255737 0.09000000357627869 0.09000000357627869 0.550000011920929 0.0 -0.6200000047683716 0.3199999928474426 0.30000001192092896 0.0 0.0 -0.4699999988079071 0.09000000357627869 0.0 0.0 0.0 0.0 0.09000000357627869 0.0 0.0 0.09000000357627869 0.0 0.0 0.0 0.0 0.0 0.0 0.0 0.0 0.0 0.0 0.0 -0.5099999904632568 0.0 0.0 0.0 0.0 -0.18000000715255737 0.09000000357627869 0.09000000357627869 0.550000011920929 -0.550000011920929 -0.6200000047683716 0.3199999928474426 0.30000001192092896 0.0 -0.5099999904632568 0.0 0.0 0.0 0.09000000357627869 0.09000000357627869 0.0 0.09000000357627869 0.0 0.09000000357627869 0.09000000357627869 0.550000011920929 -0.550000011920929 -0.6200000047683716 0.3199999928474426 0.0 -0.27000001072883606 0.09000000357627869 0.09000000357627869 0.09000000357627869 0.0 0.0 0.0 0.0 0.0 0.0 0.09000000357627869 -0.27000001072883606 0.09000000357627869 0.09000000357627869 0.09000000357627869 -0.27000001072883606 0.09000000357627869 0.09000000357627869 0.09000000357627869 0.0 0.0 0.09000000357627869
